0   965
1   0
2   0
3   0
4   0
5   0
6   0
7   0
8   0
9   0
10   0
11   0
12   0
13   0
14   0
15   0
16   0
17   0
18   0
19   0
20   0
21   0
22   0
23   0
24   0
25   0
26   0
27   0
28   0
29   0
30   0
31   0
32   0
33   0
34   0
35   0
36   0
37   0
38   0
39   0
40   0
41   0
42   0
43   0
44   0
45   0
46   0
47   0
48   0
49   0
50   0
51   0
52   0
53   0
54   0
55   0
56   0
57   0
58   0
59   0
60   0
61   0
62   0
63   0
64   0
65   0
66   0
67   0
68   0
69   0
70   0
71   0
72   0
73   0
74   0
75   0
76   0
77   0
78   0
79   0
80   0
81   0
82   0
83   0
84   0
85   0
86   0
87   0
88   0
89   0
90   0
91   0
92   0
93   0
94   0
95   0
96   0
97   0
98   0
99   0
100   0
101   0
102   0
103   0
104   0
105   0
106   0
107   0
108   0
109   0
110   0
111   0
112   0
113   0
114   0
115   1
116   6
117   3
118   1
119   1
120   0
121   0
122   0
123   0
124   0
125   0
126   0
127   0
128   0
129   0
130   0
131   0
132   0
133   0
134   0
135   0
136   0
137   0
138   0
139   0
140   0
141   0
142   0
143   1
144   2
145   1
146   10
147   10
148   12
149   17
150   15
151   16
152   24
153   22
154   26
155   29
156   35
157   41
158   55
159   80
160   61
161   82
162   79
163   81
164   81
165   85
166   89
167   78
168   92
169   102
170   125
171   129
172   142
173   173
174   177
175   212
176   210
177   263
178   284
179   341
180   330
181   345
182   391
183   367
184   351
185   374
186   383
187   381
188   397
189   388
190   423
191   448
192   428
193   418
194   475
195   455
196   435
197   496
198   488
199   443
200   461
201   500
202   453
203   494
204   542
205   532
206   529
207   508
208   573
209   531
210   523
211   529
212   584
213   519
214   531
215   531
216   496
217   511
218   459
219   481
220   441
221   440
222   469
223   477
224   428
225   418
226   439
227   432
228   512
229   531
230   523
231   438
232   394
233   423
234   403
235   412
236   393
237   425
238   407
239   411
240   427
241   415
242   410
243   403
244   448
245   403
246   412
247   379
248   386
249   383
250   364
251   354
252   376
253   328
254   317
255   335
256   345
257   327
258   318
259   345
260   310
261   318
262   283
263   321
264   294
265   314
266   313
267   312
268   287
269   297
270   322
271   316
272   275
273   320
274   299
275   314
276   359
277   1368
278   5619
279   5972
280   1636
281   350
282   228
283   192
284   229
285   191
286   180
287   203
288   208
289   187
290   189
291   202
292   175
293   217
294   177
295   158
296   179
297   177
298   179
299   178
300   181
301   210
302   319
303   294
304   219
305   182
306   171
307   164
308   185
309   197
310   188
311   183
312   168
313   208
314   253
315   958
316   2836
317   3057
318   1158
319   276
320   170
321   125
322   128
323   121
324   131
325   128
326   120
327   138
328   138
329   138
330   116
331   120
332   129
333   141
334   122
335   129
336   128
337   109
338   146
339   122
340   123
341   109
342   112
343   128
344   141
345   142
346   143
347   123
348   137
349   144
350   119
351   137
352   110
353   149
354   108
355   129
356   135
357   107
358   126
359   133
360   110
361   98
362   122
363   109
364   123
365   96
366   115
367   116
368   125
369   118
370   120
371   102
372   112
373   109
374   110
375   111
376   113
377   118
378   123
379   112
380   96
381   103
382   96
383   124
384   121
385   106
386   119
387   109
388   93
389   99
390   101
391   106
392   119
393   104
394   116
395   111
396   116
397   113
398   99
399   122
400   95
401   100
402   106
403   93
404   127
405   84
406   107
407   91
408   91
409   97
410   81
411   108
412   95
413   101
414   97
415   102
416   85
417   85
418   85
419   82
420   89
421   90
422   101
423   89
424   96
425   65
426   75
427   90
428   100
429   91
430   84
431   65
432   76
433   97
434   108
435   79
436   75
437   74
438   91
439   85
440   65
441   85
442   72
443   101
444   190
445   359
446   237
447   111
448   87
449   83
450   83
451   88
452   98
453   83
454   79
455   76
456   72
457   83
458   70
459   63
460   64
461   52
462   75
463   78
464   76
465   82
466   75
467   94
468   67
469   68
470   74
471   64
472   63
473   69
474   58
475   74
476   69
477   70
478   54
479   74
480   72
481   72
482   75
483   91
484   128
485   137
486   85
487   59
488   65
489   66
490   51
491   64
492   73
493   65
494   69
495   67
496   67
497   73
498   68
499   64
500   68
501   75
502   58
503   69
504   62
505   64
506   46
507   73
508   52
509   61
510   60
511   57
512   53
513   79
514   63
515   62
516   76
517   114
518   219
519   280
520   130
521   66
522   67
523   52
524   68
525   49
526   57
527   61
528   76
529   64
530   54
531   57
532   71
533   78
534   63
535   57
536   65
537   47
538   72
539   66
540   64
541   62
542   64
543   57
544   62
545   51
546   53
547   60
548   78
549   66
550   68
551   59
552   63
553   60
554   58
555   63
556   57
557   65
558   66
559   59
560   65
561   55
562   60
563   74
564   71
565   64
566   64
567   55
568   52
569   52
570   55
571   43
572   59
573   52
574   59
575   70
576   53
577   62
578   59
579   59
580   54
581   60
582   60
583   63
584   51
585   49
586   53
587   48
588   56
589   50
590   42
591   70
592   59
593   51
594   45
595   54
596   50
597   56
598   46
599   51
600   58
601   48
602   46
603   53
604   49
605   58
606   52
607   64
608   52
609   37
610   56
611   42
612   41
613   43
614   50
615   60
616   55
617   45
618   52
619   43
620   52
621   65
622   61
623   48
624   50
625   64
626   53
627   40
628   42
629   55
630   49
631   63
632   50
633   47
634   45
635   62
636   67
637   97
638   97
639   62
640   56
641   55
642   50
643   45
644   54
645   47
646   56
647   57
648   52
649   60
650   77
651   208
652   208
653   103
654   51
655   55
656   48
657   50
658   57
659   67
660   46
661   40
662   57
663   39
664   56
665   53
666   49
667   46
668   54
669   51
670   34
671   59
672   42
673   44
674   54
675   47
676   67
677   59
678   46
679   48
680   54
681   43
682   44
683   50
684   58
685   50
686   55
687   49
688   44
689   50
690   58
691   38
692   48
693   45
694   62
695   65
696   37
697   47
698   66
699   111
700   112
701   55
702   48
703   58
704   35
705   45
706   54
707   57
708   37
709   51
710   69
711   58
712   54
713   44
714   56
715   50
716   42
717   42
718   62
719   72
720   46
721   45
722   45
723   45
724   38
725   61
726   52
727   59
728   47
729   37
730   44
731   51
732   38
733   40
734   39
735   41
736   42
737   39
738   51
739   42
740   46
741   45
742   47
743   50
744   47
745   46
746   45
747   49
748   46
749   34
750   44
751   45
752   50
753   47
754   53
755   62
756   51
757   35
758   60
759   51
760   59
761   62
762   54
763   63
764   55
765   49
766   51
767   39
768   52
769   43
770   46
771   47
772   35
773   62
774   66
775   81
776   139
777   155
778   85
779   49
780   47
781   42
782   48
783   40
784   53
785   50
786   40
787   42
788   53
789   38
790   55
791   64
792   48
793   45
794   45
795   42
796   50
797   34
798   37
799   50
800   38
801   40
802   51
803   49
804   40
805   50
806   47
807   34
808   55
809   42
810   52
811   40
812   48
813   43
814   52
815   44
816   44
817   45
818   41
819   62
820   65
821   51
822   39
823   38
824   35
825   47
826   50
827   56
828   58
829   52
830   47
831   46
832   46
833   41
834   53
835   37
836   48
837   45
838   32
839   49
840   42
841   55
842   47
843   52
844   65
845   70
846   56
847   74
848   83
849   59
850   45
851   64
852   69
853   81
854   60
855   50
856   44
857   55
858   59
859   56
860   45
861   36
862   45
863   54
864   49
865   39
866   42
867   43
868   46
869   48
870   42
871   59
872   62
873   40
874   44
875   39
876   40
877   39
878   53
879   52
880   39
881   43
882   40
883   66
884   44
885   49
886   36
887   42
888   38
889   42
890   46
891   39
892   54
893   74
894   53
895   62
896   88
897   92
898   33
899   35
900   39
901   43
902   52
903   43
904   45
905   31
906   37
907   42
908   46
909   36
910   40
911   36
912   46
913   54
914   49
915   32
916   37
917   37
918   34
919   47
920   40
921   35
922   48
923   74
924   161
925   327
926   240
927   85
928   53
929   35
930   49
931   38
932   44
933   43
934   40
935   42
936   24
937   42
938   24
939   51
940   46
941   30
942   39
943   49
944   76
945   62
946   46
947   45
948   42
949   42
950   45
951   34
952   45
953   32
954   38
955   31
956   39
957   42
958   52
959   57
960   35
961   39
962   42
963   37
964   39
965   46
966   118
967   226
968   285
969   214
970   78
971   58
972   46
973   46
974   49
975   37
976   45
977   29
978   39
979   29
980   46
981   64
982   51
983   52
984   32
985   40
986   42
987   37
988   26
989   35
990   40
991   52
992   37
993   30
994   31
995   46
996   44
997   39
998   37
999   48
1000   30
1001   41
1002   35
1003   31
1004   36
1005   39
1006   31
1007   37
1008   35
1009   39
1010   46
1011   32
1012   41
1013   35
1014   45
1015   52
1016   60
1017   39
1018   46
1019   34
1020   43
1021   40
1022   38
1023   32
1024   35
1025   45
1026   41
1027   29
1028   41
1029   35
1030   32
1031   28
1032   36
1033   39
1034   48
1035   43
1036   51
1037   43
1038   31
1039   40
1040   38
1041   41
1042   34
1043   39
1044   40
1045   43
1046   36
1047   34
1048   47
1049   48
1050   40
1051   43
1052   41
1053   50
1054   68
1055   77
1056   75
1057   79
1058   63
1059   77
1060   70
1061   36
1062   51
1063   38
1064   32
1065   21
1066   37
1067   31
1068   37
1069   24
1070   20
1071   30
1072   29
1073   16
1074   27
1075   32
1076   24
1077   28
1078   32
1079   33
1080   15
1081   44
1082   32
1083   28
1084   28
1085   25
1086   24
1087   27
1088   30
1089   22
1090   35
1091   39
1092   34
1093   38
1094   43
1095   26
1096   33
1097   30
1098   31
1099   27
1100   26
1101   24
1102   23
1103   25
1104   33
1105   24
1106   25
1107   33
1108   31
1109   32
1110   24
1111   36
1112   39
1113   24
1114   35
1115   36
1116   26
1117   33
1118   32
1119   32
1120   20
1121   24
1122   20
1123   23
1124   23
1125   23
1126   30
1127   30
1128   28
1129   38
1130   60
1131   148
1132   248
1133   224
1134   111
1135   51
1136   50
1137   39
1138   33
1139   21
1140   37
1141   33
1142   30
1143   28
1144   31
1145   27
1146   30
1147   26
1148   31
1149   29
1150   23
1151   28
1152   30
1153   32
1154   18
1155   26
1156   28
1157   36
1158   33
1159   30
1160   26
1161   24
1162   29
1163   41
1164   50
1165   53
1166   29
1167   26
1168   24
1169   23
1170   29
1171   29
1172   23
1173   27
1174   34
1175   24
1176   29
1177   26
1178   22
1179   29
1180   26
1181   24
1182   36
1183   36
1184   25
1185   16
1186   28
1187   30
1188   26
1189   30
1190   24
1191   21
1192   18
1193   21
1194   30
1195   18
1196   21
1197   23
1198   25
1199   16
1200   24
1201   29
1202   34
1203   28
1204   24
1205   28
1206   20
1207   28
1208   27
1209   24
1210   24
1211   25
1212   19
1213   28
1214   32
1215   27
1216   18
1217   26
1218   20
1219   29
1220   27
1221   36
1222   23
1223   28
1224   27
1225   28
1226   23
1227   26
1228   34
1229   34
1230   35
1231   32
1232   22
1233   22
1234   24
1235   20
1236   19
1237   21
1238   24
1239   23
1240   27
1241   26
1242   29
1243   22
1244   16
1245   22
1246   30
1247   24
1248   24
1249   18
1250   26
1251   21
1252   24
1253   28
1254   37
1255   51
1256   77
1257   102
1258   64
1259   31
1260   21
1261   20
1262   20
1263   39
1264   23
1265   23
1266   27
1267   35
1268   19
1269   27
1270   20
1271   18
1272   17
1273   23
1274   18
1275   26
1276   21
1277   32
1278   16
1279   23
1280   21
1281   19
1282   19
1283   27
1284   36
1285   31
1286   31
1287   22
1288   31
1289   31
1290   24
1291   31
1292   27
1293   23
1294   25
1295   20
1296   22
1297   31
1298   21
1299   35
1300   26
1301   36
1302   30
1303   31
1304   25
1305   23
1306   26
1307   19
1308   26
1309   16
1310   13
1311   23
1312   14
1313   29
1314   23
1315   34
1316   23
1317   24
1318   18
1319   29
1320   20
1321   32
1322   27
1323   21
1324   22
1325   27
1326   28
1327   16
1328   16
1329   23
1330   21
1331   19
1332   22
1333   24
1334   19
1335   14
1336   29
1337   24
1338   32
1339   30
1340   35
1341   32
1342   34
1343   13
1344   24
1345   32
1346   32
1347   29
1348   21
1349   15
1350   20
1351   22
1352   24
1353   24
1354   16
1355   20
1356   25
1357   20
1358   25
1359   25
1360   21
1361   24
1362   22
1363   23
1364   32
1365   14
1366   24
1367   17
1368   21
1369   32
1370   20
1371   24
1372   24
1373   32
1374   19
1375   30
1376   25
1377   21
1378   28
1379   20
1380   19
1381   16
1382   26
1383   19
1384   20
1385   31
1386   25
1387   36
1388   23
1389   22
1390   16
1391   20
1392   22
1393   15
1394   23
1395   22
1396   21
1397   25
1398   27
1399   34
1400   21
1401   21
1402   25
1403   19
1404   18
1405   23
1406   15
1407   14
1408   18
1409   24
1410   24
1411   17
1412   9
1413   22
1414   17
1415   30
1416   31
1417   27
1418   26
1419   34
1420   24
1421   34
1422   32
1423   33
1424   27
1425   47
1426   45
1427   56
1428   43
1429   36
1430   37
1431   29
1432   21
1433   22
1434   24
1435   24
1436   19
1437   27
1438   16
1439   28
1440   25
1441   21
1442   15
1443   24
1444   23
1445   23
1446   26
1447   21
1448   30
1449   28
1450   34
1451   32
1452   29
1453   30
1454   33
1455   18
1456   24
1457   24
1458   30
1459   30
1460   23
1461   29
1462   31
1463   25
1464   26
1465   27
1466   27
1467   27
1468   27
1469   22
1470   21
1471   24
1472   34
1473   29
1474   18
1475   24
1476   27
1477   16
1478   19
1479   32
1480   16
1481   25
1482   28
1483   34
1484   17
1485   29
1486   22
1487   28
1488   21
1489   24
1490   25
1491   21
1492   18
1493   27
1494   32
1495   22
1496   20
1497   31
1498   10
1499   30
1500   23
1501   23
1502   27
1503   22
1504   29
1505   27
1506   16
1507   22
1508   24
1509   28
1510   36
1511   26
1512   21
1513   15
1514   12
1515   28
1516   10
1517   28
1518   29
1519   16
1520   19
1521   29
1522   21
1523   28
1524   22
1525   24
1526   29
1527   35
1528   29
1529   26
1530   24
1531   22
1532   35
1533   20
1534   26
1535   28
1536   32
1537   22
1538   29
1539   27
1540   24
1541   26
1542   23
1543   23
1544   18
1545   24
1546   21
1547   24
1548   17
1549   19
1550   22
1551   25
1552   21
1553   25
1554   26
1555   19
1556   20
1557   21
1558   20
1559   21
1560   22
1561   19
1562   18
1563   28
1564   22
1565   26
1566   31
1567   16
1568   26
1569   28
1570   32
1571   31
1572   16
1573   26
1574   22
1575   17
1576   24
1577   24
1578   26
1579   18
1580   23
1581   14
1582   31
1583   23
1584   21
1585   25
1586   20
1587   24
1588   24
1589   21
1590   33
1591   43
1592   45
1593   46
1594   30
1595   30
1596   25
1597   23
1598   18
1599   26
1600   22
1601   23
1602   21
1603   28
1604   19
1605   17
1606   24
1607   24
1608   27
1609   20
1610   18
1611   23
1612   19
1613   19
1614   26
1615   21
1616   20
1617   17
1618   28
1619   23
1620   18
1621   24
1622   19
1623   17
1624   19
1625   22
1626   19
1627   26
1628   17
1629   38
1630   32
1631   38
1632   54
1633   79
1634   119
1635   113
1636   76
1637   38
1638   32
1639   21
1640   19
1641   21
1642   19
1643   22
1644   26
1645   19
1646   25
1647   29
1648   20
1649   18
1650   20
1651   23
1652   25
1653   19
1654   34
1655   23
1656   34
1657   21
1658   24
1659   19
1660   25
1661   26
1662   25
1663   32
1664   23
1665   18
1666   21
1667   17
1668   30
1669   23
1670   19
1671   14
1672   25
1673   27
1674   18
1675   23
1676   25
1677   14
1678   21
1679   23
1680   24
1681   21
1682   25
1683   20
1684   31
1685   26
1686   20
1687   23
1688   17
1689   24
1690   21
1691   24
1692   22
1693   25
1694   19
1695   29
1696   29
1697   20
1698   31
1699   24
1700   29
1701   17
1702   21
1703   29
1704   21
1705   26
1706   24
1707   28
1708   19
1709   25
1710   21
1711   26
1712   22
1713   25
1714   25
1715   32
1716   21
1717   32
1718   22
1719   29
1720   26
1721   33
1722   19
1723   27
1724   16
1725   15
1726   21
1727   28
1728   25
1729   18
1730   22
1731   32
1732   24
1733   18
1734   18
1735   25
1736   19
1737   19
1738   23
1739   21
1740   18
1741   17
1742   21
1743   21
1744   26
1745   23
1746   11
1747   23
1748   21
1749   20
1750   28
1751   22
1752   22
1753   23
1754   26
1755   20
1756   30
1757   19
1758   16
1759   35
1760   18
1761   26
1762   17
1763   21
1764   21
1765   14
1766   24
1767   27
1768   19
1769   19
1770   21
1771   19
1772   30
1773   21
1774   29
1775   28
1776   21
1777   24
1778   23
1779   22
1780   16
1781   20
1782   20
1783   28
1784   27
1785   16
1786   23
1787   20
1788   14
1789   25
1790   14
1791   22
1792   27
1793   18
1794   27
1795   33
1796   47
1797   72
1798   83
1799   71
1800   65
1801   42
1802   48
1803   41
1804   46
1805   30
1806   30
1807   12
1808   27
1809   25
1810   21
1811   33
1812   17
1813   12
1814   21
1815   32
1816   13
1817   20
1818   16
1819   25
1820   19
1821   21
1822   15
1823   27
1824   16
1825   24
1826   23
1827   13
1828   22
1829   21
1830   29
1831   17
1832   19
1833   23
1834   24
1835   18
1836   24
1837   14
1838   21
1839   25
1840   26
1841   19
1842   22
1843   25
1844   21
1845   23
1846   25
1847   22
1848   21
1849   17
1850   18
1851   21
1852   22
1853   21
1854   22
1855   23
1856   22
1857   19
1858   21
1859   23
1860   25
1861   30
1862   23
1863   21
1864   22
1865   24
1866   18
1867   30
1868   31
1869   39
1870   38
1871   37
1872   26
1873   20
1874   17
1875   22
1876   23
1877   15
1878   22
1879   18
1880   31
1881   19
1882   18
1883   24
1884   14
1885   19
1886   21
1887   16
1888   17
1889   21
1890   22
1891   15
1892   25
1893   18
1894   21
1895   22
1896   24
1897   23
1898   14
1899   19
1900   18
1901   16
1902   20
1903   17
1904   22
1905   23
1906   23
1907   17
1908   17
1909   20
1910   21
1911   20
1912   22
1913   30
1914   32
1915   19
1916   19
1917   19
1918   24
1919   15
1920   25
1921   21
1922   24
1923   22
1924   22
1925   23
1926   20
1927   17
1928   16
1929   18
1930   18
1931   16
1932   13
1933   23
1934   17
1935   13
1936   27
1937   23
1938   13
1939   21
1940   15
1941   18
1942   24
1943   27
1944   24
1945   19
1946   22
1947   23
1948   20
1949   17
1950   18
1951   15
1952   20
1953   18
1954   22
1955   19
1956   13
1957   15
1958   14
1959   26
1960   18
1961   25
1962   19
1963   26
1964   17
1965   24
1966   29
1967   25
1968   25
1969   19
1970   15
1971   18
1972   24
1973   21
1974   18
1975   20
1976   22
1977   19
1978   24
1979   20
1980   14
1981   13
1982   17
1983   21
1984   22
1985   20
1986   19
1987   23
1988   23
1989   17
1990   18
1991   21
1992   24
1993   15
1994   24
1995   24
1996   18
1997   14
1998   23
1999   17
2000   23
2001   27
2002   18
2003   21
2004   16
2005   16
2006   19
2007   24
2008   47
2009   54
2010   59
2011   50
2012   35
2013   15
2014   26
2015   23
2016   23
2017   17
2018   22
2019   28
2020   23
2021   19
2022   22
2023   22
2024   17
2025   25
2026   20
2027   27
2028   23
2029   14
2030   17
2031   27
2032   19
2033   15
2034   20
2035   17
2036   21
2037   17
2038   17
2039   30
2040   19
2041   15
2042   24
2043   25
2044   19
2045   26
2046   30
2047   24
2048   28
2049   19
2050   19
2051   19
2052   21
2053   25
2054   14
2055   26
2056   21
2057   15
2058   17
2059   23
2060   21
2061   17
2062   21
2063   17
2064   18
2065   20
2066   20
2067   23
2068   22
2069   27
2070   22
2071   16
2072   20
2073   25
2074   23
2075   21
2076   24
2077   22
2078   23
2079   20
2080   23
2081   17
2082   17
2083   10
2084   23
2085   14
2086   19
2087   27
2088   27
2089   19
2090   19
2091   17
2092   19
2093   25
2094   27
2095   19
2096   21
2097   11
2098   15
2099   15
2100   27
2101   29
2102   26
2103   22
2104   21
2105   22
2106   29
2107   22
2108   17
2109   32
2110   27
2111   15
2112   22
2113   20
2114   18
2115   34
2116   35
2117   22
2118   25
2119   25
2120   33
2121   27
2122   22
2123   28
2124   27
2125   30
2126   20
2127   21
2128   22
2129   26
2130   23
2131   25
2132   27
2133   19
2134   30
2135   30
2136   17
2137   17
2138   23
2139   22
2140   24
2141   18
2142   28
2143   28
2144   24
2145   24
2146   23
2147   21
2148   31
2149   23
2150   22
2151   22
2152   22
2153   26
2154   22
2155   20
2156   21
2157   27
2158   26
2159   23
2160   20
2161   18
2162   26
2163   26
2164   20
2165   24
2166   32
2167   27
2168   32
2169   30
2170   20
2171   26
2172   19
2173   29
2174   16
2175   30
2176   29
2177   28
2178   26
2179   21
2180   20
2181   21
2182   31
2183   25
2184   26
2185   24
2186   24
2187   25
2188   21
2189   22
2190   23
2191   28
2192   17
2193   21
2194   23
2195   25
2196   21
2197   25
2198   25
2199   19
2200   29
2201   20
2202   13
2203   22
2204   32
2205   15
2206   27
2207   18
2208   21
2209   30
2210   26
2211   21
2212   36
2213   19
2214   38
2215   32
2216   21
2217   22
2218   36
2219   25
2220   30
2221   31
2222   25
2223   28
2224   27
2225   25
2226   29
2227   25
2228   25
2229   34
2230   28
2231   27
2232   30
2233   29
2234   24
2235   24
2236   38
2237   45
2238   44
2239   41
2240   67
2241   46
2242   66
2243   62
2244   61
2245   67
2246   45
2247   49
2248   39
2249   36
2250   43
2251   26
2252   35
2253   42
2254   29
2255   39
2256   37
2257   36
2258   38
2259   33
2260   26
2261   49
2262   33
2263   28
2264   37
2265   34
2266   38
2267   34
2268   31
2269   24
2270   36
2271   34
2272   38
2273   30
2274   35
2275   37
2276   33
2277   32
2278   39
2279   33
2280   30
2281   34
2282   28
2283   33
2284   38
2285   45
2286   34
2287   32
2288   35
2289   40
2290   34
2291   33
2292   32
2293   40
2294   37
2295   35
2296   36
2297   29
2298   35
2299   41
2300   40
2301   32
2302   39
2303   35
2304   32
2305   40
2306   54
2307   30
2308   47
2309   34
2310   41
2311   32
2312   44
2313   32
2314   38
2315   39
2316   47
2317   48
2318   41
2319   33
2320   29
2321   40
2322   32
2323   33
2324   41
2325   36
2326   36
2327   34
2328   37
2329   37
2330   44
2331   37
2332   41
2333   38
2334   41
2335   38
2336   30
2337   34
2338   43
2339   45
2340   30
2341   27
2342   43
2343   58
2344   39
2345   47
2346   38
2347   44
2348   44
2349   40
2350   29
2351   50
2352   42
2353   41
2354   39
2355   49
2356   42
2357   47
2358   44
2359   46
2360   35
2361   69
2362   53
2363   47
2364   43
2365   45
2366   41
2367   49
2368   53
2369   59
2370   42
2371   44
2372   34
2373   41
2374   62
2375   46
2376   58
2377   64
2378   50
2379   37
2380   57
2381   33
2382   43
2383   48
2384   48
2385   26
2386   50
2387   46
2388   41
2389   42
2390   30
2391   49
2392   44
2393   54
2394   43
2395   34
2396   37
2397   41
2398   35
2399   34
2400   41
2401   33
2402   48
2403   32
2404   46
2405   51
2406   64
2407   71
2408   87
2409   100
2410   113
2411   97
2412   119
2413   126
2414   99
2415   95
2416   76
2417   36
2418   54
2419   49
2420   43
2421   48
2422   48
2423   63
2424   49
2425   45
2426   42
2427   57
2428   56
2429   50
2430   56
2431   55
2432   61
2433   41
2434   54
2435   44
2436   41
2437   56
2438   54
2439   66
2440   48
2441   43
2442   51
2443   62
2444   76
2445   74
2446   86
2447   116
2448   161
2449   186
2450   234
2451   204
2452   156
2453   122
2454   102
2455   73
2456   73
2457   64
2458   71
2459   67
2460   61
2461   62
2462   64
2463   41
2464   60
2465   53
2466   76
2467   64
2468   54
2469   53
2470   70
2471   61
2472   69
2473   63
2474   66
2475   60
2476   64
2477   71
2478   65
2479   59
2480   68
2481   53
2482   69
2483   66
2484   53
2485   64
2486   60
2487   62
2488   63
2489   52
2490   46
2491   66
2492   54
2493   58
2494   60
2495   68
2496   63
2497   52
2498   67
2499   67
2500   74
2501   66
2502   57
2503   59
2504   60
2505   62
2506   58
2507   77
2508   74
2509   67
2510   57
2511   53
2512   52
2513   68
2514   66
2515   78
2516   54
2517   62
2518   63
2519   71
2520   76
2521   56
2522   71
2523   80
2524   70
2525   73
2526   63
2527   62
2528   65
2529   67
2530   64
2531   61
2532   65
2533   73
2534   47
2535   63
2536   66
2537   65
2538   74
2539   71
2540   61
2541   78
2542   64
2543   90
2544   59
2545   77
2546   80
2547   78
2548   66
2549   71
2550   71
2551   59
2552   71
2553   75
2554   62
2555   67
2556   69
2557   65
2558   66
2559   55
2560   55
2561   48
2562   58
2563   58
2564   63
2565   56
2566   64
2567   64
2568   81
2569   63
2570   62
2571   57
2572   63
2573   50
2574   64
2575   56
2576   55
2577   58
2578   51
2579   53
2580   69
2581   52
2582   72
2583   71
2584   72
2585   49
2586   48
2587   53
2588   45
2589   50
2590   42
2591   39
2592   48
2593   39
2594   41
2595   51
2596   50
2597   48
2598   40
2599   49
2600   41
2601   55
2602   32
2603   56
2604   43
2605   36
2606   54
2607   34
2608   34
2609   36
2610   33
2611   60
2612   66
2613   67
2614   111
2615   163
2616   271
2617   322
2618   357
2619   436
2620   365
2621   285
2622   203
2623   103
2624   61
2625   52
2626   42
2627   54
2628   43
2629   58
2630   48
2631   44
2632   46
2633   45
2634   40
2635   64
2636   49
2637   57
2638   55
2639   51
2640   49
2641   53
2642   44
2643   59
2644   51
2645   46
2646   55
2647   47
2648   46
2649   49
2650   51
2651   55
2652   73
2653   80
2654   125
2655   183
2656   280
2657   405
2658   439
2659   226
2660   121
2661   67
2662   42
2663   47
2664   34
2665   53
2666   31
2667   48
2668   37
2669   45
2670   47
2671   36
2672   43
2673   37
2674   50
2675   42
2676   44
2677   59
2678   58
2679   46
2680   58
2681   51
2682   47
2683   45
2684   58
2685   40
2686   50
2687   52
2688   47
2689   47
2690   52
2691   37
2692   36
2693   40
2694   49
2695   47
2696   46
2697   53
2698   50
2699   45
2700   54
2701   41
2702   40
2703   52
2704   39
2705   48
2706   45
2707   41
2708   54
2709   37
2710   36
2711   45
2712   42
2713   44
2714   41
2715   51
2716   50
2717   43
2718   46
2719   45
2720   53
2721   46
2722   41
2723   53
2724   52
2725   37
2726   48
2727   42
2728   35
2729   48
2730   39
2731   33
2732   36
2733   44
2734   33
2735   43
2736   39
2737   38
2738   39
2739   43
2740   44
2741   39
2742   33
2743   28
2744   33
2745   30
2746   45
2747   34
2748   36
2749   50
2750   33
2751   31
2752   25
2753   25
2754   41
2755   30
2756   32
2757   31
2758   25
2759   29
2760   27
2761   19
2762   43
2763   25
2764   27
2765   26
2766   31
2767   28
2768   20
2769   22
2770   22
2771   15
2772   15
2773   26
2774   12
2775   12
2776   17
2777   17
2778   23
2779   18
2780   14
2781   15
2782   15
2783   14
2784   18
2785   8
2786   14
2787   10
2788   15
2789   18
2790   15
2791   14
2792   11
2793   9
2794   10
2795   7
2796   8
2797   11
2798   14
2799   14
2800   15
2801   6
2802   7
2803   10
2804   10
2805   12
2806   13
2807   10
2808   15
2809   8
2810   9
2811   9
2812   3
2813   9
2814   11
2815   7
2816   13
2817   20
2818   19
2819   27
2820   54
2821   96
2822   135
2823   247
2824   392
2825   647
2826   781
2827   656
2828   303
2829   127
2830   34
2831   3
2832   3
2833   2
2834   1
2835   4
2836   2
2837   1
2838   0
2839   1
2840   1
2841   0
2842   3
2843   1
2844   3
2845   2
2846   0
2847   0
2848   2
2849   4
2850   1
2851   1
2852   1
2853   2
2854   1
2855   1
2856   0
2857   1
2858   0
2859   0
2860   0
2861   2
2862   2
2863   1
2864   1
2865   0
2866   1
2867   1
2868   1
2869   0
2870   1
2871   0
2872   4
2873   2
2874   0
2875   0
2876   0
2877   2
2878   0
2879   1
2880   1
2881   0
2882   0
2883   1
2884   1
2885   1
2886   1
2887   2
2888   0
2889   1
2890   2
2891   2
2892   0
2893   0
2894   0
2895   0
2896   1
2897   1
2898   1
2899   1
2900   1
2901   1
2902   0
2903   3
2904   2
2905   1
2906   0
2907   0
2908   0
2909   0
2910   0
2911   3
2912   1
2913   1
2914   0
2915   0
2916   0
2917   0
2918   0
2919   0
2920   0
2921   0
2922   0
2923   1
2924   0
2925   0
2926   0
2927   1
2928   0
2929   1
2930   0
2931   0
2932   0
2933   0
2934   0
2935   1
2936   1
2937   1
2938   0
2939   0
2940   0
2941   1
2942   1
2943   0
2944   0
2945   0
2946   1
2947   2
2948   0
2949   0
2950   0
2951   0
2952   0
2953   1
2954   1
2955   0
2956   0
2957   0
2958   0
2959   0
2960   0
2961   0
2962   1
2963   0
2964   1
2965   0
2966   0
2967   1
2968   4
2969   0
2970   1
2971   2
2972   0
2973   1
2974   0
2975   0
2976   0
2977   1
2978   4
2979   0
2980   1
2981   2
2982   0
2983   1
2984   0
2985   1
2986   1
2987   0
2988   1
2989   0
2990   2
2991   1
2992   0
2993   1
2994   2
2995   1
2996   1
2997   2
2998   1
2999   0
3000   1
3001   0
3002   1
3003   1
3004   1
3005   2
3006   0
3007   1
3008   0
3009   1
3010   0
3011   1
3012   2
3013   0
3014   1
3015   0
3016   0
3017   0
3018   0
3019   1
3020   1
3021   0
3022   1
3023   1
3024   2
3025   0
3026   0
3027   1
3028   0
3029   0
3030   0
3031   0
3032   0
3033   1
3034   0
3035   1
3036   2
3037   0
3038   0
3039   0
3040   0
3041   0
3042   1
3043   0
3044   1
3045   0
3046   0
3047   1
3048   0
3049   1
3050   0
3051   1
3052   1
3053   1
3054   0
3055   0
3056   0
3057   1
3058   0
3059   0
3060   0
3061   0
3062   1
3063   0
3064   1
3065   0
3066   0
3067   0
3068   0
3069   0
3070   0
3071   0
3072   0
3073   0
3074   0
3075   0
3076   0
3077   0
3078   0
3079   0
3080   0
3081   2
3082   1
3083   0
3084   0
3085   0
3086   0
3087   1
3088   1
3089   0
3090   0
3091   0
3092   1
3093   0
3094   0
3095   1
3096   0
3097   0
3098   0
3099   1
3100   0
3101   0
3102   1
3103   1
3104   1
3105   1
3106   0
3107   0
3108   0
3109   0
3110   0
3111   0
3112   0
3113   0
3114   0
3115   1
3116   0
3117   0
3118   0
3119   0
3120   0
3121   0
3122   0
3123   1
3124   0
3125   0
3126   0
3127   1
3128   0
3129   0
3130   0
3131   1
3132   0
3133   0
3134   1
3135   0
3136   0
3137   1
3138   1
3139   0
3140   0
3141   0
3142   2
3143   0
3144   0
3145   0
3146   0
3147   1
3148   0
3149   0
3150   0
3151   0
3152   0
3153   0
3154   0
3155   0
3156   0
3157   0
3158   0
3159   0
3160   1
3161   0
3162   0
3163   0
3164   0
3165   0
3166   0
3167   0
3168   0
3169   0
3170   0
3171   0
3172   0
3173   0
3174   0
3175   0
3176   1
3177   0
3178   1
3179   0
3180   0
3181   0
3182   0
3183   0
3184   1
3185   0
3186   0
3187   0
3188   2
3189   0
3190   1
3191   0
3192   1
3193   0
3194   0
3195   0
3196   0
3197   0
3198   0
3199   0
3200   0
3201   0
3202   0
3203   1
3204   0
3205   0
3206   1
3207   1
3208   2
3209   0
3210   0
3211   1
3212   0
3213   2
3214   0
3215   0
3216   0
3217   0
3218   0
3219   1
3220   1
3221   0
3222   0
3223   0
3224   1
3225   0
3226   0
3227   0
3228   0
3229   0
3230   0
3231   0
3232   0
3233   0
3234   2
3235   0
3236   0
3237   0
3238   0
3239   0
3240   0
3241   0
3242   0
3243   0
3244   0
3245   0
3246   1
3247   0
3248   0
3249   1
3250   0
3251   2
3252   0
3253   1
3254   0
3255   0
3256   0
3257   0
3258   1
3259   0
3260   0
3261   0
3262   0
3263   1
3264   0
3265   0
3266   0
3267   2
3268   0
3269   0
3270   0
3271   0
3272   0
3273   0
3274   0
3275   0
3276   0
3277   0
3278   1
3279   1
3280   1
3281   0
3282   0
3283   1
3284   0
3285   0
3286   1
3287   0
3288   0
3289   0
3290   0
3291   0
3292   0
3293   0
3294   0
3295   0
3296   0
3297   0
3298   0
3299   2
3300   1
3301   0
3302   0
3303   0
3304   0
3305   0
3306   0
3307   0
3308   0
3309   0
3310   0
3311   0
3312   1
3313   0
3314   0
3315   0
3316   0
3317   1
3318   0
3319   0
3320   1
3321   1
3322   0
3323   0
3324   0
3325   0
3326   0
3327   0
3328   0
3329   0
3330   1
3331   1
3332   0
3333   0
3334   1
3335   1
3336   0
3337   2
3338   0
3339   0
3340   0
3341   0
3342   0
3343   0
3344   0
3345   0
3346   0
3347   0
3348   2
3349   0
3350   1
3351   1
3352   0
3353   0
3354   0
3355   0
3356   1
3357   0
3358   0
3359   0
3360   0
3361   2
3362   1
3363   0
3364   0
3365   0
3366   0
3367   0
3368   0
3369   0
3370   0
3371   0
3372   0
3373   1
3374   1
3375   2
3376   0
3377   1
3378   0
3379   2
3380   0
3381   0
3382   0
3383   1
3384   1
3385   1
3386   1
3387   0
3388   0
3389   0
3390   1
3391   0
3392   0
3393   1
3394   0
3395   0
3396   0
3397   0
3398   1
3399   0
3400   0
3401   0
3402   0
3403   0
3404   1
3405   0
3406   0
3407   0
3408   0
3409   0
3410   0
3411   0
3412   1
3413   1
3414   0
3415   0
3416   0
3417   0
3418   0
3419   0
3420   0
3421   0
3422   1
3423   0
3424   0
3425   1
3426   0
3427   0
3428   1
3429   0
3430   0
3431   0
3432   1
3433   0
3434   0
3435   0
3436   0
3437   0
3438   0
3439   0
3440   0
3441   1
3442   0
3443   0
3444   0
3445   0
3446   0
3447   0
3448   0
3449   0
3450   0
3451   0
3452   1
3453   0
3454   0
3455   2
3456   1
3457   1
3458   0
3459   0
3460   0
3461   0
3462   0
3463   1
3464   0
3465   0
3466   2
3467   0
3468   0
3469   0
3470   0
3471   0
3472   0
3473   0
3474   0
3475   0
3476   1
3477   1
3478   0
3479   0
3480   0
3481   0
3482   2
3483   0
3484   0
3485   0
3486   0
3487   0
3488   0
3489   0
3490   0
3491   0
3492   0
3493   0
3494   0
3495   1
3496   0
3497   0
3498   2
3499   0
3500   1
3501   1
3502   0
3503   1
3504   0
3505   0
3506   0
3507   0
3508   1
3509   0
3510   0
3511   0
3512   1
3513   1
3514   0
3515   0
3516   0
3517   0
3518   0
3519   0
3520   0
3521   2
3522   0
3523   0
3524   1
3525   2
3526   0
3527   0
3528   0
3529   0
3530   1
3531   0
3532   1
3533   0
3534   0
3535   1
3536   0
3537   0
3538   0
3539   0
3540   0
3541   0
3542   0
3543   0
3544   0
3545   0
3546   0
3547   0
3548   1
3549   0
3550   0
3551   0
3552   0
3553   0
3554   0
3555   0
3556   0
3557   0
3558   0
3559   0
3560   0
3561   0
3562   0
3563   0
3564   0
3565   1
3566   1
3567   0
3568   0
3569   0
3570   0
3571   0
3572   0
3573   0
3574   0
3575   0
3576   0
3577   0
3578   0
3579   0
3580   0
3581   0
3582   0
3583   0
3584   0
3585   0
3586   0
3587   0
3588   0
3589   0
3590   0
3591   0
3592   0
3593   0
3594   0
3595   0
3596   0
3597   0
3598   0
3599   0
3600   0
3601   1
3602   0
3603   0
3604   0
3605   0
3606   1
3607   0
3608   0
3609   0
3610   1
3611   0
3612   0
3613   0
3614   0
3615   0
3616   0
3617   0
3618   0
3619   2
3620   0
3621   0
3622   0
3623   1
3624   0
3625   0
3626   0
3627   0
3628   0
3629   0
3630   0
3631   0
3632   2
3633   0
3634   1
3635   0
3636   0
3637   0
3638   0
3639   0
3640   0
3641   1
3642   0
3643   0
3644   0
3645   0
3646   0
3647   0
3648   1
3649   0
3650   1
3651   0
3652   0
3653   0
3654   0
3655   0
3656   0
3657   0
3658   0
3659   0
3660   0
3661   0
3662   0
3663   0
3664   0
3665   0
3666   1
3667   0
3668   0
3669   0
3670   0
3671   0
3672   0
3673   0
3674   0
3675   0
3676   1
3677   0
3678   0
3679   2
3680   0
3681   0
3682   0
3683   0
3684   0
3685   0
3686   0
3687   0
3688   1
3689   0
3690   1
3691   0
3692   0
3693   0
3694   0
3695   1
3696   0
3697   0
3698   0
3699   1
3700   0
3701   0
3702   0
3703   0
3704   1
3705   0
3706   0
3707   0
3708   0
3709   0
3710   0
3711   0
3712   0
3713   0
3714   0
3715   0
3716   0
3717   0
3718   1
3719   1
3720   0
3721   0
3722   0
3723   0
3724   0
3725   0
3726   0
3727   0
3728   1
3729   0
3730   0
3731   0
3732   0
3733   0
3734   0
3735   0
3736   0
3737   0
3738   0
3739   0
3740   0
3741   0
3742   0
3743   1
3744   0
3745   0
3746   0
3747   0
3748   0
3749   0
3750   0
3751   1
3752   0
3753   0
3754   0
3755   1
3756   0
3757   0
3758   0
3759   1
3760   0
3761   0
3762   0
3763   0
3764   1
3765   0
3766   0
3767   0
3768   0
3769   0
3770   4
3771   70
3772   128
3773   53
3774   2
3775   1
3776   0
3777   0
3778   0
3779   0
3780   0
3781   1
3782   1
3783   0
3784   1
3785   0
3786   0
3787   0
3788   2
3789   0
3790   1
3791   0
3792   0
3793   0
3794   0
3795   0
3796   0
3797   0
3798   0
3799   0
3800   1
3801   0
3802   0
3803   0
3804   0
3805   0
3806   0
3807   0
3808   1
3809   0
3810   0
3811   0
3812   0
3813   0
3814   0
3815   0
3816   0
3817   0
3818   0
3819   0
3820   0
3821   0
3822   0
3823   0
3824   0
3825   0
3826   0
3827   0
3828   0
3829   0
3830   0
3831   0
3832   0
3833   0
3834   1
3835   0
3836   1
3837   0
3838   0
3839   0
3840   0
3841   0
3842   0
3843   0
3844   0
3845   0
3846   0
3847   0
3848   0
3849   0
3850   0
3851   0
3852   0
3853   0
3854   1
3855   0
3856   0
3857   0
3858   0
3859   0
3860   0
3861   0
3862   0
3863   0
3864   0
3865   0
3866   0
3867   0
3868   0
3869   0
3870   1
3871   0
3872   0
3873   0
3874   1
3875   0
3876   0
3877   0
3878   0
3879   0
3880   0
3881   0
3882   0
3883   0
3884   0
3885   0
3886   0
3887   0
3888   1
3889   0
3890   0
3891   1
3892   0
3893   0
3894   0
3895   0
3896   0
3897   0
3898   0
3899   0
3900   0
3901   0
3902   0
3903   0
3904   0
3905   0
3906   0
3907   0
3908   0
3909   0
3910   0
3911   0
3912   0
3913   0
3914   0
3915   1
3916   2
3917   0
3918   0
3919   0
3920   0
3921   0
3922   0
3923   1
3924   0
3925   0
3926   0
3927   0
3928   0
3929   0
3930   0
3931   0
3932   0
3933   0
3934   0
3935   0
3936   0
3937   0
3938   0
3939   0
3940   0
3941   0
3942   0
3943   0
3944   0
3945   0
3946   0
3947   0
3948   0
3949   0
3950   0
3951   0
3952   0
3953   0
3954   0
3955   1
3956   0
3957   0
3958   0
3959   0
3960   0
3961   0
3962   0
3963   0
3964   0
3965   0
3966   0
3967   0
3968   1
3969   0
3970   1
3971   0
3972   0
3973   0
3974   0
3975   0
3976   0
3977   0
3978   0
3979   0
3980   0
3981   0
3982   0
3983   0
3984   0
3985   0
3986   0
3987   0
3988   0
3989   0
3990   0
3991   0
3992   1
3993   0
3994   0
3995   0
3996   0
3997   0
3998   0
3999   0
4000   0
4001   0
4002   0
4003   0
4004   0
4005   0
4006   0
4007   0
4008   0
4009   0
4010   0
4011   0
4012   0
4013   0
4014   0
4015   0
4016   0
4017   0
4018   0
4019   0
4020   0
4021   0
4022   0
4023   0
4024   0
4025   0
4026   0
4027   0
4028   0
4029   0
4030   0
4031   0
4032   0
4033   0
4034   0
4035   0
4036   1
4037   0
4038   0
4039   0
4040   0
4041   0
4042   0
4043   0
4044   0
4045   0
4046   0
4047   0
4048   0
4049   0
4050   0
4051   0
4052   0
4053   0
4054   0
4055   0
4056   0
4057   0
4058   0
4059   0
4060   0
4061   0
4062   0
4063   0
4064   0
4065   0
4066   0
4067   0
4068   0
4069   0
4070   0
4071   0
4072   0
4073   0
4074   0
4075   1
4076   0
4077   0
4078   0
4079   0
4080   0
4081   0
4082   0
4083   0
4084   0
4085   0
4086   0
4087   0
4088   0
4089   0
4090   0
4091   0
4092   0
4093   0
4094   0
4095   0
