0		0.000000
1		0.000000
2		0.000000
3		0.000000
4		0.000000
5		0.000000
6		0.000000
7		0.000000
8		0.000000
9		0.000000
10		0.000000
11		0.000000
12		0.000000
13		0.000000
14		0.000000
15		0.000000
16		0.000000
17		0.000000
18		0.000000
19		0.000000
20		0.000000
21		0.000000
22		0.000000
23		0.000000
24		0.000000
25		0.000000
26		0.000000
27		0.000000
28		0.000000
29		0.000000
30		0.000000
31		0.000000
32		0.000000
33		0.000000
34		0.000000
35		0.000000
36		0.000000
37		0.000000
38		0.000000
39		0.000000
40		0.000000
41		0.000000
42		0.000000
43		0.000000
44		0.000000
45		0.000000
46		0.000000
47		0.000000
48		0.000000
49		0.000000
50		0.000000
51		0.000000
52		0.000000
53		0.000000
54		0.000000
55		0.000000
56		0.000000
57		0.000000
58		0.000000
59		0.000000
60		0.000000
61		0.000000
62		0.000000
63		0.000000
64		0.000000
65		0.000000
66		0.000000
67		0.000000
68		0.000000
69		0.000000
70		0.000000
71		0.000000
72		0.000000
73		0.000000
74		0.000000
75		0.000000
76		0.000000
77		0.000000
78		0.000000
79		0.000000
80		0.000000
81		0.000000
82		0.000000
83		0.000000
84		0.000000
85		0.000000
86		0.000000
87		0.000000
88		0.000000
89		0.000000
90		0.000000
91		0.000000
92		0.000000
93		0.000000
94		0.000000
95		0.000000
96		0.000000
97		0.000000
98		0.000000
99		0.000000
100		0.000000
101		0.000000
102		0.000000
103		0.000000
104		0.000000
105		0.000000
106		0.000000
107		0.000000
108		0.000000
109		0.000000
110		0.000000
111		0.000000
112		0.000000
113		0.000000
114		0.000000
115		0.000000
116		0.000000
117		0.000000
118		0.000000
119		0.000000
120		0.000000
121		0.000000
122		0.000000
123		0.000000
124		0.000000
125		0.000000
126		0.000000
127		0.000000
128		0.000000
129		0.000000
130		0.000000
131		0.000000
132		0.000000
133		0.000000
134		0.000000
135		0.000000
136		0.000000
137		0.000000
138		0.000000
139		0.000000
140		0.000000
141		0.000000
142		0.000000
143		0.000000
144		0.000000
145		0.000000
146		0.000000
147		0.000000
148		0.000000
149		0.000000
150		0.000000
151		0.000000
152		0.000000
153		0.000000
154		0.000000
155		0.000000
156		0.000000
157		0.000000
158		0.000000
159		0.000000
160		0.000000
161		0.000000
162		0.000000
163		0.000000
164		0.000000
165		0.000000
166		0.000000
167		0.000000
168		0.000000
169		0.000000
170		0.000000
171		0.000000
172		0.000000
173		0.000000
174		0.000000
175		0.000000
176		0.000000
177		31.000000
178		51.000000
179		58.000000
180		48.000000
181		69.000000
182		55.000000
183		89.000000
184		145.000000
185		73.000000
186		57.000000
187		80.000000
188		76.000000
189		60.000000
190		79.000000
191		71.000000
192		71.000000
193		74.000000
194		86.000000
195		72.000000
196		70.000000
197		73.000000
198		78.000000
199		75.000000
200		86.000000
201		89.000000
202		76.000000
203		89.000000
204		97.000000
205		104.000000
206		99.000000
207		88.000000
208		104.000000
209		107.000000
210		85.000000
211		102.000000
212		87.000000
213		102.000000
214		94.000000
215		100.000000
216		83.000000
217		93.000000
218		94.000000
219		128.000000
220		102.000000
221		112.000000
222		118.000000
223		106.000000
224		112.000000
225		111.000000
226		126.000000
227		112.000000
228		111.000000
229		132.000000
230		129.000000
231		146.000000
232		99.000000
233		107.000000
234		135.000000
235		115.000000
236		108.000000
237		108.000000
238		107.000000
239		109.000000
240		111.000000
241		105.000000
242		136.000000
243		96.000000
244		111.000000
245		108.000000
246		108.000000
247		135.000000
248		110.000000
249		112.000000
250		111.000000
251		106.000000
252		109.000000
253		83.000000
254		94.000000
255		98.000000
256		115.000000
257		98.000000
258		104.000000
259		85.000000
260		90.000000
261		117.000000
262		106.000000
263		95.000000
264		90.000000
265		114.000000
266		80.000000
267		76.000000
268		92.000000
269		93.000000
270		96.000000
271		91.000000
272		93.000000
273		70.000000
274		90.000000
275		90.000000
276		90.000000
277		94.000000
278		91.000000
279		98.000000
280		80.000000
281		92.000000
282		99.000000
283		81.000000
284		93.000000
285		98.000000
286		81.000000
287		96.000000
288		91.000000
289		99.000000
290		92.000000
291		72.000000
292		92.000000
293		83.000000
294		88.000000
295		90.000000
296		85.000000
297		83.000000
298		98.000000
299		76.000000
300		97.000000
301		80.000000
302		90.000000
303		86.000000
304		75.000000
305		74.000000
306		89.000000
307		93.000000
308		76.000000
309		86.000000
310		75.000000
311		80.000000
312		94.000000
313		81.000000
314		97.000000
315		254.000000
316		851.000000
317		609.000000
318		135.000000
319		82.000000
320		54.000000
321		41.000000
322		62.000000
323		63.000000
324		53.000000
325		69.000000
326		66.000000
327		65.000000
328		57.000000
329		61.000000
330		69.000000
331		58.000000
332		65.000000
333		66.000000
334		51.000000
335		63.000000
336		68.000000
337		63.000000
338		64.000000
339		74.000000
340		80.000000
341		73.000000
342		46.000000
343		57.000000
344		79.000000
345		88.000000
346		74.000000
347		71.000000
348		57.000000
349		66.000000
350		78.000000
351		91.000000
352		69.000000
353		63.000000
354		73.000000
355		68.000000
356		48.000000
357		56.000000
358		48.000000
359		64.000000
360		70.000000
361		70.000000
362		68.000000
363		78.000000
364		60.000000
365		61.000000
366		48.000000
367		59.000000
368		67.000000
369		55.000000
370		43.000000
371		58.000000
372		56.000000
373		54.000000
374		67.000000
375		62.000000
376		81.000000
377		69.000000
378		53.000000
379		54.000000
380		57.000000
381		50.000000
382		58.000000
383		61.000000
384		47.000000
385		64.000000
386		64.000000
387		71.000000
388		74.000000
389		67.000000
390		60.000000
391		39.000000
392		70.000000
393		70.000000
394		64.000000
395		64.000000
396		60.000000
397		64.000000
398		57.000000
399		68.000000
400		58.000000
401		57.000000
402		70.000000
403		61.000000
404		75.000000
405		74.000000
406		66.000000
407		63.000000
408		53.000000
409		46.000000
410		50.000000
411		58.000000
412		61.000000
413		45.000000
414		52.000000
415		44.000000
416		50.000000
417		46.000000
418		53.000000
419		35.000000
420		67.000000
421		46.000000
422		65.000000
423		71.000000
424		166.000000
425		106.000000
426		40.000000
427		51.000000
428		53.000000
429		44.000000
430		57.000000
431		44.000000
432		47.000000
433		54.000000
434		52.000000
435		50.000000
436		43.000000
437		46.000000
438		57.000000
439		50.000000
440		36.000000
441		46.000000
442		43.000000
443		50.000000
444		46.000000
445		35.000000
446		67.000000
447		32.000000
448		36.000000
449		34.000000
450		46.000000
451		52.000000
452		38.000000
453		44.000000
454		40.000000
455		48.000000
456		51.000000
457		44.000000
458		38.000000
459		38.000000
460		38.000000
461		56.000000
462		65.000000
463		58.000000
464		78.000000
465		61.000000
466		43.000000
467		33.000000
468		54.000000
469		29.000000
470		40.000000
471		44.000000
472		27.000000
473		48.000000
474		30.000000
475		32.000000
476		33.000000
477		46.000000
478		42.000000
479		27.000000
480		38.000000
481		31.000000
482		35.000000
483		45.000000
484		38.000000
485		38.000000
486		33.000000
487		81.000000
488		726.000000
489		966.000000
490		139.000000
491		33.000000
492		33.000000
493		36.000000
494		37.000000
495		33.000000
496		29.000000
497		31.000000
498		23.000000
499		30.000000
500		44.000000
501		25.000000
502		33.000000
503		39.000000
504		23.000000
505		36.000000
506		33.000000
507		30.000000
508		36.000000
509		36.000000
510		32.000000
511		37.000000
512		27.000000
513		22.000000
514		24.000000
515		28.000000
516		22.000000
517		23.000000
518		28.000000
519		28.000000
520		32.000000
521		37.000000
522		35.000000
523		37.000000
524		42.000000
525		26.000000
526		29.000000
527		29.000000
528		19.000000
529		24.000000
530		36.000000
531		67.000000
532		36.000000
533		25.000000
534		31.000000
535		70.000000
536		98.000000
537		73.000000
538		32.000000
539		31.000000
540		33.000000
541		39.000000
542		35.000000
543		32.000000
544		23.000000
545		36.000000
546		32.000000
547		43.000000
548		25.000000
549		28.000000
550		32.000000
551		38.000000
552		39.000000
553		35.000000
554		37.000000
555		32.000000
556		29.000000
557		30.000000
558		32.000000
559		18.000000
560		23.000000
561		35.000000
562		37.000000
563		34.000000
564		30.000000
565		29.000000
566		28.000000
567		24.000000
568		33.000000
569		30.000000
570		23.000000
571		33.000000
572		26.000000
573		32.000000
574		30.000000
575		20.000000
576		25.000000
577		31.000000
578		28.000000
579		31.000000
580		28.000000
581		29.000000
582		30.000000
583		31.000000
584		30.000000
585		26.000000
586		30.000000
587		26.000000
588		27.000000
589		34.000000
590		33.000000
591		33.000000
592		27.000000
593		32.000000
594		29.000000
595		24.000000
596		27.000000
597		33.000000
598		30.000000
599		17.000000
600		34.000000
601		24.000000
602		28.000000
603		39.000000
604		38.000000
605		18.000000
606		29.000000
607		24.000000
608		19.000000
609		29.000000
610		29.000000
611		26.000000
612		27.000000
613		30.000000
614		22.000000
615		23.000000
616		20.000000
617		23.000000
618		26.000000
619		25.000000
620		32.000000
621		18.000000
622		23.000000
623		28.000000
624		29.000000
625		30.000000
626		28.000000
627		22.000000
628		35.000000
629		29.000000
630		29.000000
631		20.000000
632		21.000000
633		21.000000
634		25.000000
635		25.000000
636		20.000000
637		21.000000
638		20.000000
639		22.000000
640		16.000000
641		28.000000
642		34.000000
643		27.000000
644		27.000000
645		26.000000
646		30.000000
647		15.000000
648		20.000000
649		25.000000
650		23.000000
651		28.000000
652		34.000000
653		20.000000
654		21.000000
655		17.000000
656		30.000000
657		26.000000
658		23.000000
659		21.000000
660		31.000000
661		26.000000
662		36.000000
663		57.000000
664		35.000000
665		29.000000
666		24.000000
667		27.000000
668		24.000000
669		27.000000
670		26.000000
671		21.000000
672		24.000000
673		25.000000
674		20.000000
675		24.000000
676		22.000000
677		28.000000
678		18.000000
679		20.000000
680		20.000000
681		19.000000
682		22.000000
683		31.000000
684		13.000000
685		16.000000
686		22.000000
687		20.000000
688		25.000000
689		16.000000
690		23.000000
691		39.000000
692		30.000000
693		27.000000
694		25.000000
695		28.000000
696		16.000000
697		22.000000
698		30.000000
699		19.000000
700		33.000000
701		25.000000
702		28.000000
703		24.000000
704		24.000000
705		26.000000
706		18.000000
707		24.000000
708		21.000000
709		18.000000
710		27.000000
711		25.000000
712		25.000000
713		21.000000
714		20.000000
715		26.000000
716		20.000000
717		22.000000
718		21.000000
719		27.000000
720		20.000000
721		16.000000
722		21.000000
723		26.000000
724		19.000000
725		14.000000
726		27.000000
727		20.000000
728		21.000000
729		18.000000
730		22.000000
731		24.000000
732		23.000000
733		25.000000
734		26.000000
735		21.000000
736		25.000000
737		21.000000
738		24.000000
739		19.000000
740		24.000000
741		23.000000
742		22.000000
743		22.000000
744		23.000000
745		28.000000
746		18.000000
747		19.000000
748		23.000000
749		28.000000
750		23.000000
751		33.000000
752		33.000000
753		25.000000
754		20.000000
755		19.000000
756		13.000000
757		19.000000
758		16.000000
759		25.000000
760		31.000000
761		27.000000
762		25.000000
763		35.000000
764		24.000000
765		17.000000
766		27.000000
767		22.000000
768		27.000000
769		23.000000
770		30.000000
771		23.000000
772		23.000000
773		18.000000
774		32.000000
775		21.000000
776		22.000000
777		18.000000
778		18.000000
779		28.000000
780		24.000000
781		29.000000
782		19.000000
783		16.000000
784		28.000000
785		19.000000
786		15.000000
787		18.000000
788		19.000000
789		22.000000
790		24.000000
791		13.000000
792		23.000000
793		44.000000
794		34.000000
795		20.000000
796		24.000000
797		32.000000
798		28.000000
799		26.000000
800		19.000000
801		13.000000
802		23.000000
803		30.000000
804		42.000000
805		36.000000
806		47.000000
807		42.000000
808		30.000000
809		21.000000
810		24.000000
811		17.000000
812		26.000000
813		20.000000
814		18.000000
815		21.000000
816		17.000000
817		20.000000
818		21.000000
819		26.000000
820		21.000000
821		14.000000
822		15.000000
823		22.000000
824		21.000000
825		17.000000
826		22.000000
827		24.000000
828		25.000000
829		16.000000
830		18.000000
831		21.000000
832		14.000000
833		21.000000
834		29.000000
835		23.000000
836		22.000000
837		16.000000
838		20.000000
839		19.000000
840		15.000000
841		17.000000
842		21.000000
843		26.000000
844		19.000000
845		15.000000
846		16.000000
847		17.000000
848		16.000000
849		25.000000
850		19.000000
851		20.000000
852		26.000000
853		25.000000
854		28.000000
855		26.000000
856		19.000000
857		24.000000
858		19.000000
859		24.000000
860		23.000000
861		20.000000
862		22.000000
863		22.000000
864		19.000000
865		24.000000
866		13.000000
867		14.000000
868		20.000000
869		18.000000
870		18.000000
871		16.000000
872		24.000000
873		26.000000
874		21.000000
875		20.000000
876		29.000000
877		17.000000
878		19.000000
879		24.000000
880		20.000000
881		26.000000
882		21.000000
883		18.000000
884		18.000000
885		26.000000
886		19.000000
887		21.000000
888		19.000000
889		25.000000
890		22.000000
891		31.000000
892		27.000000
893		20.000000
894		15.000000
895		15.000000
896		24.000000
897		13.000000
898		20.000000
899		22.000000
900		18.000000
901		12.000000
902		22.000000
903		16.000000
904		17.000000
905		22.000000
906		16.000000
907		15.000000
908		25.000000
909		18.000000
910		19.000000
911		15.000000
912		23.000000
913		20.000000
914		32.000000
915		44.000000
916		40.000000
917		51.000000
918		53.000000
919		34.000000
920		39.000000
921		26.000000
922		21.000000
923		18.000000
924		26.000000
925		15.000000
926		22.000000
927		19.000000
928		23.000000
929		16.000000
930		24.000000
931		25.000000
932		17.000000
933		26.000000
934		29.000000
935		34.000000
936		24.000000
937		19.000000
938		22.000000
939		24.000000
940		17.000000
941		15.000000
942		15.000000
943		13.000000
944		15.000000
945		16.000000
946		19.000000
947		16.000000
948		26.000000
949		17.000000
950		13.000000
951		18.000000
952		13.000000
953		22.000000
954		20.000000
955		15.000000
956		28.000000
957		14.000000
958		14.000000
959		16.000000
960		14.000000
961		19.000000
962		16.000000
963		9.000000
964		17.000000
965		22.000000
966		22.000000
967		36.000000
968		99.000000
969		157.000000
970		97.000000
971		15.000000
972		13.000000
973		25.000000
974		21.000000
975		11.000000
976		26.000000
977		20.000000
978		15.000000
979		17.000000
980		21.000000
981		13.000000
982		11.000000
983		20.000000
984		15.000000
985		13.000000
986		20.000000
987		12.000000
988		9.000000
989		17.000000
990		10.000000
991		9.000000
992		14.000000
993		19.000000
994		21.000000
995		18.000000
996		25.000000
997		16.000000
998		12.000000
999		18.000000
1000		14.000000
1001		21.000000
1002		19.000000
1003		15.000000
1004		19.000000
1005		15.000000
1006		16.000000
1007		18.000000
1008		20.000000
1009		19.000000
1010		18.000000
1011		21.000000
1012		14.000000
1013		19.000000
1014		20.000000
1015		16.000000
1016		17.000000
1017		14.000000
1018		14.000000
1019		17.000000
1020		20.000000
1021		18.000000
1022		11.000000
1023		17.000000
1024		20.000000
1025		13.000000
1026		20.000000
1027		21.000000
1028		13.000000
1029		19.000000
1030		16.000000
1031		17.000000
1032		18.000000
1033		16.000000
1034		12.000000
1035		8.000000
1036		16.000000
1037		14.000000
1038		21.000000
1039		21.000000
1040		7.000000
1041		10.000000
1042		18.000000
1043		13.000000
1044		13.000000
1045		16.000000
1046		17.000000
1047		14.000000
1048		16.000000
1049		19.000000
1050		13.000000
1051		17.000000
1052		19.000000
1053		9.000000
1054		19.000000
1055		14.000000
1056		14.000000
1057		18.000000
1058		20.000000
1059		10.000000
1060		17.000000
1061		14.000000
1062		16.000000
1063		11.000000
1064		20.000000
1065		20.000000
1066		18.000000
1067		19.000000
1068		21.000000
1069		10.000000
1070		16.000000
1071		25.000000
1072		15.000000
1073		18.000000
1074		17.000000
1075		16.000000
1076		27.000000
1077		27.000000
1078		19.000000
1079		12.000000
1080		18.000000
1081		13.000000
1082		15.000000
1083		12.000000
1084		13.000000
1085		21.000000
1086		11.000000
1087		22.000000
1088		12.000000
1089		14.000000
1090		12.000000
1091		22.000000
1092		12.000000
1093		8.000000
1094		14.000000
1095		13.000000
1096		21.000000
1097		12.000000
1098		11.000000
1099		14.000000
1100		11.000000
1101		22.000000
1102		13.000000
1103		13.000000
1104		16.000000
1105		18.000000
1106		9.000000
1107		20.000000
1108		19.000000
1109		15.000000
1110		13.000000
1111		22.000000
1112		17.000000
1113		21.000000
1114		14.000000
1115		10.000000
1116		23.000000
1117		17.000000
1118		7.000000
1119		13.000000
1120		15.000000
1121		15.000000
1122		18.000000
1123		18.000000
1124		12.000000
1125		11.000000
1126		20.000000
1127		25.000000
1128		14.000000
1129		32.000000
1130		38.000000
1131		28.000000
1132		11.000000
1133		17.000000
1134		18.000000
1135		12.000000
1136		11.000000
1137		12.000000
1138		14.000000
1139		18.000000
1140		11.000000
1141		18.000000
1142		26.000000
1143		14.000000
1144		19.000000
1145		17.000000
1146		16.000000
1147		15.000000
1148		15.000000
1149		14.000000
1150		8.000000
1151		15.000000
1152		12.000000
1153		20.000000
1154		18.000000
1155		14.000000
1156		20.000000
1157		11.000000
1158		13.000000
1159		13.000000
1160		18.000000
1161		16.000000
1162		13.000000
1163		13.000000
1164		16.000000
1165		26.000000
1166		53.000000
1167		33.000000
1168		11.000000
1169		12.000000
1170		11.000000
1171		13.000000
1172		19.000000
1173		11.000000
1174		17.000000
1175		13.000000
1176		12.000000
1177		21.000000
1178		16.000000
1179		16.000000
1180		13.000000
1181		8.000000
1182		21.000000
1183		17.000000
1184		14.000000
1185		18.000000
1186		15.000000
1187		17.000000
1188		14.000000
1189		17.000000
1190		15.000000
1191		14.000000
1192		11.000000
1193		14.000000
1194		17.000000
1195		25.000000
1196		12.000000
1197		19.000000
1198		27.000000
1199		12.000000
1200		18.000000
1201		18.000000
1202		19.000000
1203		11.000000
1204		14.000000
1205		6.000000
1206		19.000000
1207		13.000000
1208		11.000000
1209		15.000000
1210		12.000000
1211		12.000000
1212		12.000000
1213		11.000000
1214		15.000000
1215		12.000000
1216		13.000000
1217		22.000000
1218		12.000000
1219		17.000000
1220		15.000000
1221		12.000000
1222		32.000000
1223		28.000000
1224		16.000000
1225		18.000000
1226		15.000000
1227		19.000000
1228		17.000000
1229		19.000000
1230		22.000000
1231		25.000000
1232		26.000000
1233		34.000000
1234		29.000000
1235		17.000000
1236		25.000000
1237		14.000000
1238		10.000000
1239		13.000000
1240		11.000000
1241		15.000000
1242		16.000000
1243		13.000000
1244		18.000000
1245		10.000000
1246		10.000000
1247		18.000000
1248		8.000000
1249		15.000000
1250		18.000000
1251		15.000000
1252		15.000000
1253		14.000000
1254		17.000000
1255		16.000000
1256		5.000000
1257		12.000000
1258		13.000000
1259		14.000000
1260		15.000000
1261		14.000000
1262		11.000000
1263		12.000000
1264		19.000000
1265		15.000000
1266		19.000000
1267		9.000000
1268		13.000000
1269		20.000000
1270		13.000000
1271		12.000000
1272		17.000000
1273		13.000000
1274		12.000000
1275		17.000000
1276		22.000000
1277		21.000000
1278		9.000000
1279		13.000000
1280		21.000000
1281		14.000000
1282		20.000000
1283		22.000000
1284		17.000000
1285		14.000000
1286		11.000000
1287		14.000000
1288		11.000000
1289		17.000000
1290		20.000000
1291		11.000000
1292		14.000000
1293		20.000000
1294		12.000000
1295		20.000000
1296		18.000000
1297		8.000000
1298		12.000000
1299		16.000000
1300		14.000000
1301		14.000000
1302		9.000000
1303		16.000000
1304		13.000000
1305		19.000000
1306		15.000000
1307		10.000000
1308		16.000000
1309		14.000000
1310		10.000000
1311		9.000000
1312		12.000000
1313		13.000000
1314		19.000000
1315		17.000000
1316		16.000000
1317		22.000000
1318		8.000000
1319		14.000000
1320		26.000000
1321		14.000000
1322		18.000000
1323		17.000000
1324		16.000000
1325		10.000000
1326		10.000000
1327		12.000000
1328		11.000000
1329		10.000000
1330		11.000000
1331		14.000000
1332		13.000000
1333		13.000000
1334		16.000000
1335		15.000000
1336		19.000000
1337		12.000000
1338		13.000000
1339		8.000000
1340		8.000000
1341		14.000000
1342		14.000000
1343		12.000000
1344		17.000000
1345		13.000000
1346		21.000000
1347		40.000000
1348		69.000000
1349		52.000000
1350		23.000000
1351		15.000000
1352		8.000000
1353		16.000000
1354		17.000000
1355		11.000000
1356		14.000000
1357		8.000000
1358		9.000000
1359		14.000000
1360		16.000000
1361		14.000000
1362		10.000000
1363		11.000000
1364		8.000000
1365		11.000000
1366		10.000000
1367		14.000000
1368		13.000000
1369		14.000000
1370		15.000000
1371		21.000000
1372		16.000000
1373		15.000000
1374		23.000000
1375		11.000000
1376		12.000000
1377		15.000000
1378		32.000000
1379		11.000000
1380		11.000000
1381		19.000000
1382		9.000000
1383		10.000000
1384		13.000000
1385		10.000000
1386		17.000000
1387		16.000000
1388		13.000000
1389		13.000000
1390		8.000000
1391		15.000000
1392		10.000000
1393		14.000000
1394		14.000000
1395		9.000000
1396		17.000000
1397		10.000000
1398		10.000000
1399		19.000000
1400		16.000000
1401		13.000000
1402		15.000000
1403		16.000000
1404		16.000000
1405		18.000000
1406		14.000000
1407		18.000000
1408		12.000000
1409		12.000000
1410		15.000000
1411		16.000000
1412		9.000000
1413		8.000000
1414		11.000000
1415		17.000000
1416		15.000000
1417		16.000000
1418		7.000000
1419		10.000000
1420		16.000000
1421		11.000000
1422		12.000000
1423		14.000000
1424		10.000000
1425		13.000000
1426		12.000000
1427		15.000000
1428		13.000000
1429		11.000000
1430		15.000000
1431		12.000000
1432		23.000000
1433		16.000000
1434		12.000000
1435		13.000000
1436		19.000000
1437		16.000000
1438		14.000000
1439		16.000000
1440		9.000000
1441		12.000000
1442		13.000000
1443		15.000000
1444		20.000000
1445		13.000000
1446		16.000000
1447		16.000000
1448		13.000000
1449		13.000000
1450		15.000000
1451		19.000000
1452		21.000000
1453		14.000000
1454		15.000000
1455		12.000000
1456		17.000000
1457		17.000000
1458		18.000000
1459		14.000000
1460		11.000000
1461		12.000000
1462		15.000000
1463		15.000000
1464		9.000000
1465		20.000000
1466		14.000000
1467		14.000000
1468		14.000000
1469		11.000000
1470		15.000000
1471		10.000000
1472		10.000000
1473		11.000000
1474		15.000000
1475		13.000000
1476		7.000000
1477		12.000000
1478		13.000000
1479		8.000000
1480		12.000000
1481		11.000000
1482		10.000000
1483		13.000000
1484		14.000000
1485		8.000000
1486		10.000000
1487		11.000000
1488		12.000000
1489		7.000000
1490		18.000000
1491		20.000000
1492		18.000000
1493		13.000000
1494		9.000000
1495		8.000000
1496		8.000000
1497		10.000000
1498		13.000000
1499		10.000000
1500		8.000000
1501		8.000000
1502		5.000000
1503		14.000000
1504		15.000000
1505		11.000000
1506		4.000000
1507		12.000000
1508		16.000000
1509		9.000000
1510		12.000000
1511		14.000000
1512		22.000000
1513		11.000000
1514		13.000000
1515		7.000000
1516		12.000000
1517		15.000000
1518		14.000000
1519		12.000000
1520		8.000000
1521		17.000000
1522		15.000000
1523		10.000000
1524		8.000000
1525		16.000000
1526		20.000000
1527		13.000000
1528		7.000000
1529		13.000000
1530		16.000000
1531		9.000000
1532		8.000000
1533		12.000000
1534		16.000000
1535		8.000000
1536		21.000000
1537		16.000000
1538		18.000000
1539		25.000000
1540		18.000000
1541		11.000000
1542		9.000000
1543		9.000000
1544		10.000000
1545		18.000000
1546		10.000000
1547		14.000000
1548		16.000000
1549		13.000000
1550		15.000000
1551		21.000000
1552		13.000000
1553		17.000000
1554		15.000000
1555		18.000000
1556		12.000000
1557		7.000000
1558		13.000000
1559		6.000000
1560		8.000000
1561		14.000000
1562		15.000000
1563		10.000000
1564		15.000000
1565		16.000000
1566		21.000000
1567		16.000000
1568		10.000000
1569		9.000000
1570		18.000000
1571		8.000000
1572		6.000000
1573		13.000000
1574		10.000000
1575		12.000000
1576		15.000000
1577		7.000000
1578		14.000000
1579		14.000000
1580		17.000000
1581		9.000000
1582		12.000000
1583		10.000000
1584		10.000000
1585		14.000000
1586		15.000000
1587		10.000000
1588		14.000000
1589		15.000000
1590		17.000000
1591		14.000000
1592		9.000000
1593		7.000000
1594		9.000000
1595		15.000000
1596		9.000000
1597		7.000000
1598		16.000000
1599		10.000000
1600		12.000000
1601		8.000000
1602		15.000000
1603		11.000000
1604		11.000000
1605		14.000000
1606		8.000000
1607		8.000000
1608		12.000000
1609		5.000000
1610		12.000000
1611		10.000000
1612		9.000000
1613		12.000000
1614		9.000000
1615		11.000000
1616		12.000000
1617		14.000000
1618		16.000000
1619		8.000000
1620		13.000000
1621		10.000000
1622		12.000000
1623		6.000000
1624		13.000000
1625		8.000000
1626		11.000000
1627		11.000000
1628		5.000000
1629		10.000000
1630		8.000000
1631		4.000000
1632		9.000000
1633		11.000000
1634		9.000000
1635		10.000000
1636		11.000000
1637		7.000000
1638		3.000000
1639		9.000000
1640		9.000000
1641		12.000000
1642		13.000000
1643		10.000000
1644		13.000000
1645		4.000000
1646		13.000000
1647		13.000000
1648		13.000000
1649		14.000000
1650		12.000000
1651		10.000000
1652		11.000000
1653		12.000000
1654		8.000000
1655		12.000000
1656		13.000000
1657		9.000000
1658		7.000000
1659		13.000000
1660		13.000000
1661		25.000000
1662		36.000000
1663		44.000000
1664		19.000000
1665		13.000000
1666		14.000000
1667		14.000000
1668		6.000000
1669		15.000000
1670		5.000000
1671		8.000000
1672		13.000000
1673		12.000000
1674		11.000000
1675		7.000000
1676		16.000000
1677		19.000000
1678		23.000000
1679		12.000000
1680		14.000000
1681		17.000000
1682		14.000000
1683		15.000000
1684		9.000000
1685		11.000000
1686		15.000000
1687		14.000000
1688		12.000000
1689		14.000000
1690		16.000000
1691		15.000000
1692		12.000000
1693		15.000000
1694		15.000000
1695		14.000000
1696		16.000000
1697		18.000000
1698		16.000000
1699		18.000000
1700		15.000000
1701		8.000000
1702		18.000000
1703		15.000000
1704		12.000000
1705		14.000000
1706		15.000000
1707		8.000000
1708		9.000000
1709		12.000000
1710		6.000000
1711		10.000000
1712		17.000000
1713		6.000000
1714		10.000000
1715		12.000000
1716		21.000000
1717		14.000000
1718		11.000000
1719		11.000000
1720		18.000000
1721		12.000000
1722		6.000000
1723		16.000000
1724		14.000000
1725		10.000000
1726		13.000000
1727		8.000000
1728		18.000000
1729		12.000000
1730		11.000000
1731		12.000000
1732		11.000000
1733		8.000000
1734		11.000000
1735		11.000000
1736		13.000000
1737		12.000000
1738		9.000000
1739		23.000000
1740		3.000000
1741		12.000000
1742		14.000000
1743		7.000000
1744		10.000000
1745		18.000000
1746		10.000000
1747		10.000000
1748		13.000000
1749		15.000000
1750		18.000000
1751		15.000000
1752		11.000000
1753		13.000000
1754		9.000000
1755		11.000000
1756		6.000000
1757		12.000000
1758		9.000000
1759		4.000000
1760		10.000000
1761		11.000000
1762		12.000000
1763		14.000000
1764		11.000000
1765		9.000000
1766		15.000000
1767		9.000000
1768		10.000000
1769		15.000000
1770		10.000000
1771		12.000000
1772		10.000000
1773		8.000000
1774		16.000000
1775		11.000000
1776		11.000000
1777		20.000000
1778		14.000000
1779		10.000000
1780		13.000000
1781		9.000000
1782		10.000000
1783		15.000000
1784		11.000000
1785		11.000000
1786		11.000000
1787		13.000000
1788		6.000000
1789		10.000000
1790		7.000000
1791		17.000000
1792		11.000000
1793		13.000000
1794		3.000000
1795		11.000000
1796		16.000000
1797		11.000000
1798		18.000000
1799		15.000000
1800		14.000000
1801		16.000000
1802		10.000000
1803		18.000000
1804		11.000000
1805		8.000000
1806		13.000000
1807		12.000000
1808		12.000000
1809		18.000000
1810		14.000000
1811		17.000000
1812		21.000000
1813		12.000000
1814		15.000000
1815		15.000000
1816		18.000000
1817		18.000000
1818		13.000000
1819		12.000000
1820		5.000000
1821		9.000000
1822		12.000000
1823		4.000000
1824		11.000000
1825		6.000000
1826		11.000000
1827		12.000000
1828		10.000000
1829		15.000000
1830		6.000000
1831		10.000000
1832		13.000000
1833		21.000000
1834		11.000000
1835		17.000000
1836		11.000000
1837		8.000000
1838		10.000000
1839		13.000000
1840		15.000000
1841		15.000000
1842		10.000000
1843		7.000000
1844		13.000000
1845		10.000000
1846		11.000000
1847		11.000000
1848		11.000000
1849		6.000000
1850		7.000000
1851		9.000000
1852		14.000000
1853		16.000000
1854		10.000000
1855		13.000000
1856		13.000000
1857		16.000000
1858		6.000000
1859		15.000000
1860		13.000000
1861		6.000000
1862		10.000000
1863		13.000000
1864		14.000000
1865		9.000000
1866		13.000000
1867		8.000000
1868		16.000000
1869		11.000000
1870		5.000000
1871		13.000000
1872		6.000000
1873		3.000000
1874		12.000000
1875		8.000000
1876		16.000000
1877		16.000000
1878		11.000000
1879		8.000000
1880		16.000000
1881		21.000000
1882		28.000000
1883		30.000000
1884		37.000000
1885		44.000000
1886		34.000000
1887		23.000000
1888		27.000000
1889		17.000000
1890		18.000000
1891		6.000000
1892		11.000000
1893		14.000000
1894		15.000000
1895		15.000000
1896		10.000000
1897		10.000000
1898		12.000000
1899		12.000000
1900		16.000000
1901		13.000000
1902		10.000000
1903		11.000000
1904		12.000000
1905		15.000000
1906		11.000000
1907		10.000000
1908		10.000000
1909		13.000000
1910		17.000000
1911		22.000000
1912		18.000000
1913		15.000000
1914		20.000000
1915		14.000000
1916		12.000000
1917		12.000000
1918		12.000000
1919		9.000000
1920		8.000000
1921		10.000000
1922		10.000000
1923		7.000000
1924		8.000000
1925		9.000000
1926		12.000000
1927		5.000000
1928		8.000000
1929		10.000000
1930		12.000000
1931		15.000000
1932		10.000000
1933		11.000000
1934		16.000000
1935		10.000000
1936		3.000000
1937		13.000000
1938		9.000000
1939		16.000000
1940		8.000000
1941		9.000000
1942		12.000000
1943		13.000000
1944		10.000000
1945		10.000000
1946		11.000000
1947		10.000000
1948		6.000000
1949		15.000000
1950		13.000000
1951		11.000000
1952		11.000000
1953		10.000000
1954		13.000000
1955		8.000000
1956		12.000000
1957		16.000000
1958		12.000000
1959		3.000000
1960		10.000000
1961		10.000000
1962		12.000000
1963		6.000000
1964		7.000000
1965		8.000000
1966		18.000000
1967		10.000000
1968		8.000000
1969		12.000000
1970		11.000000
1971		8.000000
1972		11.000000
1973		18.000000
1974		8.000000
1975		15.000000
1976		12.000000
1977		11.000000
1978		7.000000
1979		12.000000
1980		7.000000
1981		8.000000
1982		6.000000
1983		9.000000
1984		15.000000
1985		10.000000
1986		15.000000
1987		13.000000
1988		14.000000
1989		11.000000
1990		7.000000
1991		10.000000
1992		11.000000
1993		9.000000
1994		7.000000
1995		11.000000
1996		10.000000
1997		14.000000
1998		9.000000
1999		13.000000
2000		5.000000
2001		8.000000
2002		13.000000
2003		9.000000
2004		9.000000
2005		7.000000
2006		11.000000
2007		7.000000
2008		13.000000
2009		4.000000
2010		13.000000
2011		7.000000
2012		16.000000
2013		11.000000
2014		10.000000
2015		20.000000
2016		18.000000
2017		26.000000
2018		22.000000
2019		17.000000
2020		22.000000
2021		11.000000
2022		12.000000
2023		9.000000
2024		4.000000
2025		11.000000
2026		9.000000
2027		4.000000
2028		10.000000
2029		10.000000
2030		7.000000
2031		10.000000
2032		10.000000
2033		6.000000
2034		6.000000
2035		9.000000
2036		10.000000
2037		7.000000
2038		6.000000
2039		5.000000
2040		10.000000
2041		5.000000
2042		6.000000
2043		8.000000
2044		8.000000
2045		7.000000
2046		7.000000
2047		4.000000
2048		11.000000
2049		10.000000
2050		10.000000
2051		7.000000
2052		5.000000
2053		5.000000
2054		1.000000
2055		8.000000
2056		7.000000
2057		6.000000
2058		10.000000
2059		17.000000
2060		7.000000
2061		5.000000
2062		11.000000
2063		5.000000
2064		11.000000
2065		7.000000
2066		14.000000
2067		6.000000
2068		5.000000
2069		7.000000
2070		7.000000
2071		11.000000
2072		6.000000
2073		7.000000
2074		7.000000
2075		2.000000
2076		4.000000
2077		4.000000
2078		10.000000
2079		5.000000
2080		4.000000
2081		3.000000
2082		9.000000
2083		7.000000
2084		6.000000
2085		9.000000
2086		12.000000
2087		17.000000
2088		11.000000
2089		24.000000
2090		26.000000
2091		39.000000
2092		46.000000
2093		50.000000
2094		38.000000
2095		21.000000
2096		16.000000
2097		15.000000
2098		10.000000
2099		7.000000
2100		4.000000
2101		13.000000
2102		2.000000
2103		8.000000
2104		7.000000
2105		6.000000
2106		3.000000
2107		8.000000
2108		11.000000
2109		9.000000
2110		5.000000
2111		7.000000
2112		8.000000
2113		8.000000
2114		4.000000
2115		9.000000
2116		9.000000
2117		7.000000
2118		21.000000
2119		30.000000
2120		12.000000
2121		11.000000
2122		8.000000
2123		4.000000
2124		4.000000
2125		3.000000
2126		5.000000
2127		0.000000
2128		4.000000
2129		5.000000
2130		9.000000
2131		7.000000
2132		7.000000
2133		0.000000
2134		7.000000
2135		4.000000
2136		4.000000
2137		8.000000
2138		8.000000
2139		12.000000
2140		9.000000
2141		8.000000
2142		5.000000
2143		5.000000
2144		8.000000
2145		4.000000
2146		10.000000
2147		2.000000
2148		6.000000
2149		6.000000
2150		6.000000
2151		6.000000
2152		3.000000
2153		5.000000
2154		5.000000
2155		2.000000
2156		4.000000
2157		6.000000
2158		8.000000
2159		5.000000
2160		6.000000
2161		5.000000
2162		7.000000
2163		4.000000
2164		5.000000
2165		4.000000
2166		10.000000
2167		8.000000
2168		11.000000
2169		9.000000
2170		8.000000
2171		9.000000
2172		15.000000
2173		16.000000
2174		20.000000
2175		9.000000
2176		15.000000
2177		8.000000
2178		9.000000
2179		7.000000
2180		6.000000
2181		8.000000
2182		6.000000
2183		3.000000
2184		3.000000
2185		7.000000
2186		7.000000
2187		10.000000
2188		11.000000
2189		4.000000
2190		5.000000
2191		6.000000
2192		8.000000
2193		10.000000
2194		11.000000
2195		7.000000
2196		5.000000
2197		12.000000
2198		8.000000
2199		5.000000
2200		11.000000
2201		8.000000
2202		6.000000
2203		3.000000
2204		9.000000
2205		3.000000
2206		11.000000
2207		7.000000
2208		6.000000
2209		6.000000
2210		4.000000
2211		4.000000
2212		8.000000
2213		5.000000
2214		4.000000
2215		7.000000
2216		4.000000
2217		5.000000
2218		5.000000
2219		6.000000
2220		6.000000
2221		7.000000
2222		9.000000
2223		5.000000
2224		2.000000
2225		8.000000
2226		5.000000
2227		12.000000
2228		9.000000
2229		7.000000
2230		7.000000
2231		6.000000
2232		7.000000
2233		5.000000
2234		13.000000
2235		8.000000
2236		6.000000
2237		6.000000
2238		11.000000
2239		5.000000
2240		8.000000
2241		4.000000
2242		3.000000
2243		9.000000
2244		8.000000
2245		6.000000
2246		4.000000
2247		6.000000
2248		4.000000
2249		9.000000
2250		8.000000
2251		11.000000
2252		9.000000
2253		11.000000
2254		11.000000
2255		2.000000
2256		9.000000
2257		6.000000
2258		5.000000
2259		6.000000
2260		7.000000
2261		10.000000
2262		11.000000
2263		10.000000
2264		8.000000
2265		8.000000
2266		5.000000
2267		6.000000
2268		8.000000
2269		8.000000
2270		3.000000
2271		4.000000
2272		7.000000
2273		2.000000
2274		10.000000
2275		7.000000
2276		4.000000
2277		8.000000
2278		4.000000
2279		6.000000
2280		6.000000
2281		5.000000
2282		9.000000
2283		7.000000
2284		9.000000
2285		5.000000
2286		7.000000
2287		12.000000
2288		6.000000
2289		4.000000
2290		6.000000
2291		4.000000
2292		12.000000
2293		6.000000
2294		7.000000
2295		7.000000
2296		6.000000
2297		4.000000
2298		11.000000
2299		8.000000
2300		8.000000
2301		13.000000
2302		6.000000
2303		2.000000
2304		5.000000
2305		3.000000
2306		7.000000
2307		5.000000
2308		6.000000
2309		7.000000
2310		7.000000
2311		7.000000
2312		8.000000
2313		7.000000
2314		5.000000
2315		5.000000
2316		11.000000
2317		0.000000
2318		8.000000
2319		10.000000
2320		6.000000
2321		4.000000
2322		5.000000
2323		5.000000
2324		9.000000
2325		7.000000
2326		5.000000
2327		3.000000
2328		12.000000
2329		8.000000
2330		6.000000
2331		7.000000
2332		4.000000
2333		5.000000
2334		9.000000
2335		5.000000
2336		5.000000
2337		6.000000
2338		6.000000
2339		3.000000
2340		9.000000
2341		3.000000
2342		7.000000
2343		7.000000
2344		4.000000
2345		3.000000
2346		3.000000
2347		8.000000
2348		3.000000
2349		8.000000
2350		4.000000
2351		4.000000
2352		4.000000
2353		1.000000
2354		8.000000
2355		4.000000
2356		6.000000
2357		2.000000
2358		3.000000
2359		5.000000
2360		2.000000
2361		1.000000
2362		5.000000
2363		7.000000
2364		7.000000
2365		7.000000
2366		2.000000
2367		7.000000
2368		9.000000
2369		7.000000
2370		12.000000
2371		10.000000
2372		10.000000
2373		13.000000
2374		11.000000
2375		13.000000
2376		12.000000
2377		17.000000
2378		23.000000
2379		25.000000
2380		29.000000
2381		41.000000
2382		29.000000
2383		27.000000
2384		11.000000
2385		11.000000
2386		3.000000
2387		5.000000
2388		6.000000
2389		1.000000
2390		5.000000
2391		6.000000
2392		9.000000
2393		6.000000
2394		4.000000
2395		5.000000
2396		5.000000
2397		4.000000
2398		6.000000
2399		4.000000
2400		4.000000
2401		1.000000
2402		4.000000
2403		6.000000
2404		2.000000
2405		6.000000
2406		4.000000
2407		6.000000
2408		5.000000
2409		3.000000
2410		2.000000
2411		4.000000
2412		4.000000
2413		4.000000
2414		8.000000
2415		2.000000
2416		3.000000
2417		7.000000
2418		2.000000
2419		7.000000
2420		1.000000
2421		4.000000
2422		4.000000
2423		6.000000
2424		4.000000
2425		7.000000
2426		5.000000
2427		1.000000
2428		4.000000
2429		4.000000
2430		6.000000
2431		4.000000
2432		3.000000
2433		1.000000
2434		5.000000
2435		2.000000
2436		2.000000
2437		3.000000
2438		7.000000
2439		3.000000
2440		0.000000
2441		3.000000
2442		3.000000
2443		4.000000
2444		4.000000
2445		0.000000
2446		2.000000
2447		3.000000
2448		3.000000
2449		0.000000
2450		3.000000
2451		5.000000
2452		2.000000
2453		1.000000
2454		3.000000
2455		2.000000
2456		1.000000
2457		0.000000
2458		1.000000
2459		2.000000
2460		3.000000
2461		0.000000
2462		4.000000
2463		0.000000
2464		1.000000
2465		3.000000
2466		2.000000
2467		3.000000
2468		3.000000
2469		3.000000
2470		2.000000
2471		1.000000
2472		1.000000
2473		5.000000
2474		1.000000
2475		3.000000
2476		2.000000
2477		3.000000
2478		4.000000
2479		5.000000
2480		2.000000
2481		2.000000
2482		0.000000
2483		2.000000
2484		5.000000
2485		4.000000
2486		2.000000
2487		0.000000
2488		1.000000
2489		1.000000
2490		2.000000
2491		2.000000
2492		1.000000
2493		4.000000
2494		3.000000
2495		1.000000
2496		3.000000
2497		1.000000
2498		1.000000
2499		2.000000
2500		0.000000
2501		2.000000
2502		1.000000
2503		2.000000
2504		2.000000
2505		3.000000
2506		4.000000
2507		0.000000
2508		1.000000
2509		0.000000
2510		2.000000
2511		4.000000
2512		3.000000
2513		2.000000
2514		1.000000
2515		1.000000
2516		0.000000
2517		3.000000
2518		4.000000
2519		0.000000
2520		2.000000
2521		4.000000
2522		4.000000
2523		0.000000
2524		4.000000
2525		0.000000
2526		1.000000
2527		3.000000
2528		2.000000
2529		4.000000
2530		2.000000
2531		1.000000
2532		3.000000
2533		4.000000
2534		3.000000
2535		1.000000
2536		2.000000
2537		0.000000
2538		1.000000
2539		3.000000
2540		1.000000
2541		3.000000
2542		2.000000
2543		2.000000
2544		1.000000
2545		1.000000
2546		1.000000
2547		2.000000
2548		2.000000
2549		1.000000
2550		3.000000
2551		0.000000
2552		1.000000
2553		1.000000
2554		1.000000
2555		3.000000
2556		2.000000
2557		0.000000
2558		3.000000
2559		4.000000
2560		6.000000
2561		3.000000
2562		0.000000
2563		2.000000
2564		1.000000
2565		0.000000
2566		2.000000
2567		3.000000
2568		2.000000
2569		1.000000
2570		4.000000
2571		2.000000
2572		0.000000
2573		1.000000
2574		2.000000
2575		1.000000
2576		1.000000
2577		1.000000
2578		0.000000
2579		4.000000
2580		1.000000
2581		4.000000
2582		3.000000
2583		1.000000
2584		2.000000
2585		0.000000
2586		0.000000
2587		4.000000
2588		3.000000
2589		2.000000
2590		2.000000
2591		2.000000
2592		0.000000
2593		1.000000
2594		2.000000
2595		1.000000
2596		2.000000
2597		2.000000
2598		2.000000
2599		2.000000
2600		2.000000
2601		1.000000
2602		0.000000
2603		2.000000
2604		1.000000
2605		2.000000
2606		2.000000
2607		3.000000
2608		1.000000
2609		1.000000
2610		0.000000
2611		2.000000
2612		2.000000
2613		1.000000
2614		2.000000
2615		2.000000
2616		1.000000
2617		0.000000
2618		1.000000
2619		0.000000
2620		1.000000
2621		1.000000
2622		0.000000
2623		2.000000
2624		4.000000
2625		2.000000
2626		1.000000
2627		1.000000
2628		1.000000
2629		4.000000
2630		1.000000
2631		2.000000
2632		1.000000
2633		2.000000
2634		1.000000
2635		1.000000
2636		4.000000
2637		1.000000
2638		0.000000
2639		2.000000
2640		1.000000
2641		0.000000
2642		2.000000
2643		3.000000
2644		0.000000
2645		2.000000
2646		2.000000
2647		1.000000
2648		7.000000
2649		0.000000
2650		2.000000
2651		5.000000
2652		0.000000
2653		0.000000
2654		4.000000
2655		2.000000
2656		0.000000
2657		4.000000
2658		1.000000
2659		1.000000
2660		0.000000
2661		1.000000
2662		1.000000
2663		2.000000
2664		2.000000
2665		3.000000
2666		2.000000
2667		1.000000
2668		2.000000
2669		1.000000
2670		1.000000
2671		1.000000
2672		1.000000
2673		3.000000
2674		0.000000
2675		1.000000
2676		2.000000
2677		2.000000
2678		0.000000
2679		3.000000
2680		1.000000
2681		0.000000
2682		1.000000
2683		0.000000
2684		0.000000
2685		0.000000
2686		2.000000
2687		0.000000
2688		3.000000
2689		2.000000
2690		0.000000
2691		3.000000
2692		3.000000
2693		0.000000
2694		3.000000
2695		1.000000
2696		2.000000
2697		0.000000
2698		1.000000
2699		0.000000
2700		0.000000
2701		6.000000
2702		1.000000
2703		2.000000
2704		3.000000
2705		0.000000
2706		1.000000
2707		5.000000
2708		2.000000
2709		0.000000
2710		1.000000
2711		1.000000
2712		1.000000
2713		4.000000
2714		0.000000
2715		0.000000
2716		0.000000
2717		2.000000
2718		1.000000
2719		0.000000
2720		3.000000
2721		0.000000
2722		1.000000
2723		1.000000
2724		1.000000
2725		1.000000
2726		1.000000
2727		1.000000
2728		0.000000
2729		1.000000
2730		0.000000
2731		3.000000
2732		2.000000
2733		0.000000
2734		2.000000
2735		2.000000
2736		1.000000
2737		3.000000
2738		1.000000
2739		1.000000
2740		1.000000
2741		0.000000
2742		3.000000
2743		2.000000
2744		1.000000
2745		1.000000
2746		0.000000
2747		2.000000
2748		1.000000
2749		2.000000
2750		3.000000
2751		2.000000
2752		2.000000
2753		1.000000
2754		1.000000
2755		3.000000
2756		0.000000
2757		1.000000
2758		3.000000
2759		3.000000
2760		0.000000
2761		1.000000
2762		1.000000
2763		1.000000
2764		1.000000
2765		1.000000
2766		1.000000
2767		2.000000
2768		1.000000
2769		0.000000
2770		0.000000
2771		1.000000
2772		1.000000
2773		4.000000
2774		3.000000
2775		0.000000
2776		1.000000
2777		0.000000
2778		4.000000
2779		3.000000
2780		1.000000
2781		1.000000
2782		0.000000
2783		2.000000
2784		1.000000
2785		4.000000
2786		1.000000
2787		1.000000
2788		2.000000
2789		0.000000
2790		1.000000
2791		2.000000
2792		2.000000
2793		0.000000
2794		1.000000
2795		2.000000
2796		1.000000
2797		3.000000
2798		1.000000
2799		1.000000
2800		0.000000
2801		3.000000
2802		2.000000
2803		0.000000
2804		1.000000
2805		0.000000
2806		1.000000
2807		1.000000
2808		0.000000
2809		1.000000
2810		2.000000
2811		3.000000
2812		1.000000
2813		0.000000
2814		4.000000
2815		1.000000
2816		2.000000
2817		1.000000
2818		3.000000
2819		3.000000
2820		0.000000
2821		1.000000
2822		1.000000
2823		4.000000
2824		3.000000
2825		2.000000
2826		2.000000
2827		2.000000
2828		0.000000
2829		0.000000
2830		2.000000
2831		1.000000
2832		0.000000
2833		1.000000
2834		2.000000
2835		2.000000
2836		0.000000
2837		1.000000
2838		0.000000
2839		3.000000
2840		2.000000
2841		1.000000
2842		0.000000
2843		0.000000
2844		1.000000
2845		1.000000
2846		0.000000
2847		1.000000
2848		0.000000
2849		0.000000
2850		1.000000
2851		1.000000
2852		2.000000
2853		0.000000
2854		1.000000
2855		1.000000
2856		1.000000
2857		0.000000
2858		0.000000
2859		0.000000
2860		1.000000
2861		0.000000
2862		1.000000
2863		1.000000
2864		2.000000
2865		3.000000
2866		2.000000
2867		2.000000
2868		3.000000
2869		2.000000
2870		5.000000
2871		2.000000
2872		0.000000
2873		3.000000
2874		1.000000
2875		1.000000
2876		2.000000
2877		1.000000
2878		0.000000
2879		3.000000
2880		1.000000
2881		3.000000
2882		4.000000
2883		0.000000
2884		0.000000
2885		1.000000
2886		1.000000
2887		2.000000
2888		1.000000
2889		1.000000
2890		0.000000
2891		1.000000
2892		0.000000
2893		3.000000
2894		0.000000
2895		1.000000
2896		2.000000
2897		1.000000
2898		2.000000
2899		0.000000
2900		2.000000
2901		1.000000
2902		2.000000
2903		1.000000
2904		2.000000
2905		2.000000
2906		2.000000
2907		1.000000
2908		1.000000
2909		1.000000
2910		0.000000
2911		0.000000
2912		1.000000
2913		0.000000
2914		3.000000
2915		1.000000
2916		1.000000
2917		0.000000
2918		0.000000
2919		0.000000
2920		0.000000
2921		2.000000
2922		1.000000
2923		1.000000
2924		0.000000
2925		0.000000
2926		1.000000
2927		0.000000
2928		1.000000
2929		3.000000
2930		2.000000
2931		1.000000
2932		1.000000
2933		3.000000
2934		1.000000
2935		0.000000
2936		1.000000
2937		1.000000
2938		2.000000
2939		0.000000
2940		1.000000
2941		1.000000
2942		2.000000
2943		0.000000
2944		1.000000
2945		3.000000
2946		1.000000
2947		3.000000
2948		1.000000
2949		2.000000
2950		2.000000
2951		1.000000
2952		1.000000
2953		1.000000
2954		2.000000
2955		1.000000
2956		0.000000
2957		1.000000
2958		2.000000
2959		4.000000
2960		0.000000
2961		3.000000
2962		1.000000
2963		1.000000
2964		1.000000
2965		0.000000
2966		0.000000
2967		0.000000
2968		1.000000
2969		0.000000
2970		2.000000
2971		2.000000
2972		0.000000
2973		1.000000
2974		0.000000
2975		1.000000
2976		1.000000
2977		1.000000
2978		0.000000
2979		1.000000
2980		2.000000
2981		2.000000
2982		2.000000
2983		0.000000
2984		1.000000
2985		0.000000
2986		2.000000
2987		0.000000
2988		1.000000
2989		1.000000
2990		1.000000
2991		2.000000
2992		0.000000
2993		2.000000
2994		3.000000
2995		2.000000
2996		1.000000
2997		0.000000
2998		0.000000
2999		2.000000
3000		1.000000
3001		1.000000
3002		0.000000
3003		0.000000
3004		1.000000
3005		0.000000
3006		0.000000
3007		1.000000
3008		1.000000
3009		2.000000
3010		3.000000
3011		2.000000
3012		0.000000
3013		1.000000
3014		1.000000
3015		0.000000
3016		1.000000
3017		2.000000
3018		2.000000
3019		0.000000
3020		1.000000
3021		0.000000
3022		1.000000
3023		1.000000
3024		1.000000
3025		3.000000
3026		3.000000
3027		4.000000
3028		1.000000
3029		1.000000
3030		1.000000
3031		5.000000
3032		0.000000
3033		0.000000
3034		0.000000
3035		2.000000
3036		0.000000
3037		0.000000
3038		1.000000
3039		2.000000
3040		2.000000
3041		0.000000
3042		0.000000
3043		1.000000
3044		0.000000
3045		2.000000
3046		1.000000
3047		3.000000
3048		1.000000
3049		2.000000
3050		1.000000
3051		1.000000
3052		1.000000
3053		1.000000
3054		2.000000
3055		3.000000
3056		2.000000
3057		1.000000
3058		0.000000
3059		0.000000
3060		0.000000
3061		1.000000
3062		1.000000
3063		3.000000
3064		1.000000
3065		0.000000
3066		0.000000
3067		0.000000
3068		0.000000
3069		1.000000
3070		4.000000
3071		2.000000
3072		1.000000
3073		1.000000
3074		2.000000
3075		0.000000
3076		1.000000
3077		0.000000
3078		0.000000
3079		2.000000
3080		0.000000
3081		2.000000
3082		2.000000
3083		1.000000
3084		1.000000
3085		1.000000
3086		1.000000
3087		0.000000
3088		0.000000
3089		0.000000
3090		0.000000
3091		0.000000
3092		1.000000
3093		0.000000
3094		1.000000
3095		0.000000
3096		0.000000
3097		0.000000
3098		0.000000
3099		0.000000
3100		0.000000
3101		0.000000
3102		1.000000
3103		2.000000
3104		2.000000
3105		0.000000
3106		1.000000
3107		0.000000
3108		0.000000
3109		0.000000
3110		2.000000
3111		1.000000
3112		0.000000
3113		1.000000
3114		1.000000
3115		1.000000
3116		1.000000
3117		0.000000
3118		0.000000
3119		0.000000
3120		0.000000
3121		0.000000
3122		0.000000
3123		1.000000
3124		0.000000
3125		0.000000
3126		0.000000
3127		3.000000
3128		3.000000
3129		1.000000
3130		0.000000
3131		2.000000
3132		0.000000
3133		1.000000
3134		0.000000
3135		1.000000
3136		1.000000
3137		0.000000
3138		1.000000
3139		0.000000
3140		0.000000
3141		1.000000
3142		1.000000
3143		0.000000
3144		3.000000
3145		1.000000
3146		0.000000
3147		0.000000
3148		1.000000
3149		1.000000
3150		1.000000
3151		2.000000
3152		0.000000
3153		0.000000
3154		2.000000
3155		1.000000
3156		1.000000
3157		1.000000
3158		1.000000
3159		1.000000
3160		2.000000
3161		1.000000
3162		1.000000
3163		0.000000
3164		1.000000
3165		0.000000
3166		0.000000
3167		0.000000
3168		0.000000
3169		1.000000
3170		0.000000
3171		0.000000
3172		0.000000
3173		1.000000
3174		1.000000
3175		1.000000
3176		0.000000
3177		1.000000
3178		1.000000
3179		2.000000
3180		0.000000
3181		2.000000
3182		2.000000
3183		0.000000
3184		0.000000
3185		0.000000
3186		1.000000
3187		1.000000
3188		0.000000
3189		0.000000
3190		0.000000
3191		0.000000
3192		0.000000
3193		0.000000
3194		1.000000
3195		0.000000
3196		1.000000
3197		0.000000
3198		0.000000
3199		1.000000
3200		1.000000
3201		0.000000
3202		0.000000
3203		0.000000
3204		0.000000
3205		0.000000
3206		2.000000
3207		2.000000
3208		0.000000
3209		0.000000
3210		2.000000
3211		2.000000
3212		0.000000
3213		0.000000
3214		0.000000
3215		1.000000
3216		2.000000
3217		0.000000
3218		0.000000
3219		0.000000
3220		0.000000
3221		0.000000
3222		0.000000
3223		0.000000
3224		1.000000
3225		0.000000
3226		1.000000
3227		0.000000
3228		1.000000
3229		0.000000
3230		0.000000
3231		0.000000
3232		2.000000
3233		2.000000
3234		0.000000
3235		2.000000
3236		1.000000
3237		1.000000
3238		1.000000
3239		0.000000
3240		1.000000
3241		0.000000
3242		1.000000
3243		1.000000
3244		1.000000
3245		0.000000
3246		0.000000
3247		0.000000
3248		0.000000
3249		1.000000
3250		0.000000
3251		0.000000
3252		0.000000
3253		0.000000
3254		0.000000
3255		0.000000
3256		1.000000
3257		0.000000
3258		0.000000
3259		0.000000
3260		0.000000
3261		2.000000
3262		4.000000
3263		0.000000
3264		0.000000
3265		2.000000
3266		0.000000
3267		0.000000
3268		1.000000
3269		0.000000
3270		0.000000
3271		0.000000
3272		0.000000
3273		0.000000
3274		0.000000
3275		1.000000
3276		0.000000
3277		1.000000
3278		0.000000
3279		1.000000
3280		1.000000
3281		1.000000
3282		0.000000
3283		1.000000
3284		1.000000
3285		0.000000
3286		1.000000
3287		0.000000
3288		0.000000
3289		0.000000
3290		0.000000
3291		0.000000
3292		0.000000
3293		1.000000
3294		1.000000
3295		0.000000
3296		0.000000
3297		0.000000
3298		0.000000
3299		0.000000
3300		0.000000
3301		0.000000
3302		0.000000
3303		0.000000
3304		1.000000
3305		2.000000
3306		0.000000
3307		0.000000
3308		0.000000
3309		0.000000
3310		0.000000
3311		0.000000
3312		0.000000
3313		1.000000
3314		0.000000
3315		0.000000
3316		0.000000
3317		0.000000
3318		1.000000
3319		1.000000
3320		0.000000
3321		0.000000
3322		1.000000
3323		1.000000
3324		0.000000
3325		1.000000
3326		0.000000
3327		1.000000
3328		1.000000
3329		0.000000
3330		1.000000
3331		0.000000
3332		1.000000
3333		0.000000
3334		0.000000
3335		2.000000
3336		1.000000
3337		0.000000
3338		0.000000
3339		0.000000
3340		2.000000
3341		0.000000
3342		0.000000
3343		0.000000
3344		0.000000
3345		0.000000
3346		1.000000
3347		1.000000
3348		0.000000
3349		0.000000
3350		2.000000
3351		1.000000
3352		0.000000
3353		0.000000
3354		0.000000
3355		0.000000
3356		0.000000
3357		0.000000
3358		1.000000
3359		0.000000
3360		0.000000
3361		0.000000
3362		0.000000
3363		0.000000
3364		1.000000
3365		1.000000
3366		0.000000
3367		1.000000
3368		0.000000
3369		0.000000
3370		1.000000
3371		0.000000
3372		0.000000
3373		0.000000
3374		0.000000
3375		0.000000
3376		0.000000
3377		1.000000
3378		0.000000
3379		0.000000
3380		2.000000
3381		0.000000
3382		0.000000
3383		0.000000
3384		0.000000
3385		0.000000
3386		0.000000
3387		0.000000
3388		0.000000
3389		1.000000
3390		0.000000
3391		0.000000
3392		0.000000
3393		0.000000
3394		0.000000
3395		0.000000
3396		0.000000
3397		0.000000
3398		0.000000
3399		0.000000
3400		0.000000
3401		0.000000
3402		0.000000
3403		0.000000
3404		0.000000
3405		0.000000
3406		0.000000
3407		0.000000
3408		0.000000
3409		1.000000
3410		0.000000
3411		0.000000
3412		0.000000
3413		0.000000
3414		0.000000
3415		0.000000
3416		0.000000
3417		1.000000
3418		0.000000
3419		1.000000
3420		0.000000
3421		0.000000
3422		1.000000
3423		0.000000
3424		0.000000
3425		0.000000
3426		0.000000
3427		0.000000
3428		1.000000
3429		0.000000
3430		0.000000
3431		0.000000
3432		1.000000
3433		1.000000
3434		0.000000
3435		1.000000
3436		0.000000
3437		1.000000
3438		0.000000
3439		0.000000
3440		0.000000
3441		0.000000
3442		1.000000
3443		1.000000
3444		1.000000
3445		0.000000
3446		0.000000
3447		1.000000
3448		1.000000
3449		0.000000
3450		0.000000
3451		1.000000
3452		0.000000
3453		0.000000
3454		1.000000
3455		0.000000
3456		0.000000
3457		0.000000
3458		0.000000
3459		0.000000
3460		1.000000
3461		0.000000
3462		1.000000
3463		0.000000
3464		1.000000
3465		0.000000
3466		1.000000
3467		0.000000
3468		1.000000
3469		0.000000
3470		0.000000
3471		0.000000
3472		0.000000
3473		0.000000
3474		1.000000
3475		0.000000
3476		0.000000
3477		0.000000
3478		0.000000
3479		0.000000
3480		1.000000
3481		0.000000
3482		0.000000
3483		0.000000
3484		0.000000
3485		1.000000
3486		0.000000
3487		0.000000
3488		0.000000
3489		0.000000
3490		0.000000
3491		0.000000
3492		0.000000
3493		1.000000
3494		0.000000
3495		0.000000
3496		0.000000
3497		0.000000
3498		0.000000
3499		0.000000
3500		1.000000
3501		1.000000
3502		0.000000
3503		0.000000
3504		0.000000
3505		1.000000
3506		0.000000
3507		0.000000
3508		0.000000
3509		0.000000
3510		1.000000
3511		0.000000
3512		0.000000
3513		0.000000
3514		0.000000
3515		0.000000
3516		0.000000
3517		0.000000
3518		0.000000
3519		0.000000
3520		0.000000
3521		0.000000
3522		0.000000
3523		0.000000
3524		2.000000
3525		0.000000
3526		1.000000
3527		0.000000
3528		0.000000
3529		0.000000
3530		0.000000
3531		0.000000
3532		0.000000
3533		1.000000
3534		0.000000
3535		0.000000
3536		0.000000
3537		0.000000
3538		1.000000
3539		0.000000
3540		0.000000
3541		0.000000
3542		0.000000
3543		1.000000
3544		0.000000
3545		0.000000
3546		0.000000
3547		0.000000
3548		0.000000
3549		0.000000
3550		0.000000
3551		0.000000
3552		0.000000
3553		0.000000
3554		0.000000
3555		0.000000
3556		0.000000
3557		0.000000
3558		0.000000
3559		0.000000
3560		0.000000
3561		0.000000
3562		0.000000
3563		0.000000
3564		0.000000
3565		0.000000
3566		0.000000
3567		0.000000
3568		0.000000
3569		0.000000
3570		0.000000
3571		0.000000
3572		0.000000
3573		0.000000
3574		0.000000
3575		0.000000
3576		0.000000
3577		0.000000
3578		0.000000
3579		0.000000
3580		0.000000
3581		0.000000
3582		0.000000
3583		0.000000
3584		0.000000
3585		0.000000
3586		0.000000
3587		0.000000
3588		0.000000
3589		0.000000
3590		0.000000
3591		0.000000
3592		0.000000
3593		0.000000
3594		0.000000
3595		0.000000
3596		0.000000
3597		0.000000
3598		0.000000
3599		0.000000
3600		0.000000
3601		0.000000
3602		0.000000
3603		0.000000
3604		0.000000
3605		0.000000
3606		0.000000
3607		0.000000
3608		0.000000
3609		0.000000
3610		0.000000
3611		0.000000
3612		0.000000
3613		0.000000
3614		0.000000
3615		0.000000
3616		0.000000
3617		0.000000
3618		0.000000
3619		0.000000
3620		0.000000
3621		0.000000
3622		0.000000
3623		0.000000
3624		0.000000
3625		0.000000
3626		0.000000
3627		0.000000
3628		0.000000
3629		0.000000
3630		0.000000
3631		0.000000
3632		0.000000
3633		0.000000
3634		0.000000
3635		0.000000
3636		0.000000
3637		0.000000
3638		0.000000
3639		0.000000
3640		0.000000
3641		0.000000
3642		0.000000
3643		0.000000
3644		0.000000
3645		0.000000
3646		0.000000
3647		0.000000
3648		0.000000
3649		0.000000
3650		0.000000
3651		0.000000
3652		0.000000
3653		0.000000
3654		0.000000
3655		0.000000
3656		0.000000
3657		0.000000
3658		0.000000
3659		0.000000
3660		0.000000
3661		0.000000
3662		0.000000
3663		0.000000
3664		0.000000
3665		0.000000
3666		0.000000
3667		0.000000
3668		0.000000
3669		0.000000
3670		0.000000
3671		0.000000
3672		0.000000
3673		0.000000
3674		0.000000
3675		0.000000
3676		0.000000
3677		0.000000
3678		0.000000
3679		0.000000
3680		0.000000
3681		0.000000
3682		0.000000
3683		0.000000
3684		0.000000
3685		0.000000
3686		0.000000
3687		0.000000
3688		0.000000
3689		0.000000
3690		0.000000
3691		0.000000
3692		0.000000
3693		0.000000
3694		0.000000
3695		0.000000
3696		0.000000
3697		0.000000
3698		0.000000
3699		0.000000
3700		0.000000
3701		0.000000
3702		0.000000
3703		0.000000
3704		0.000000
3705		0.000000
3706		0.000000
3707		0.000000
3708		0.000000
3709		0.000000
3710		0.000000
3711		0.000000
3712		0.000000
3713		0.000000
3714		0.000000
3715		0.000000
3716		0.000000
3717		0.000000
3718		0.000000
3719		0.000000
3720		0.000000
3721		0.000000
3722		0.000000
3723		0.000000
3724		0.000000
3725		0.000000
3726		0.000000
3727		0.000000
3728		0.000000
3729		0.000000
3730		0.000000
3731		0.000000
3732		0.000000
3733		0.000000
3734		0.000000
3735		0.000000
3736		0.000000
3737		0.000000
3738		0.000000
3739		0.000000
3740		0.000000
3741		0.000000
3742		0.000000
3743		0.000000
3744		0.000000
3745		0.000000
3746		0.000000
3747		0.000000
3748		0.000000
3749		0.000000
3750		0.000000
3751		0.000000
3752		0.000000
3753		0.000000
3754		0.000000
3755		0.000000
3756		0.000000
3757		0.000000
3758		0.000000
3759		0.000000
3760		0.000000
3761		0.000000
3762		0.000000
3763		0.000000
3764		0.000000
3765		0.000000
3766		0.000000
3767		0.000000
3768		0.000000
3769		0.000000
3770		0.000000
3771		0.000000
3772		0.000000
3773		0.000000
3774		0.000000
3775		0.000000
3776		0.000000
3777		0.000000
3778		0.000000
3779		0.000000
3780		0.000000
3781		0.000000
3782		0.000000
3783		0.000000
3784		0.000000
3785		0.000000
3786		0.000000
3787		0.000000
3788		0.000000
3789		0.000000
3790		0.000000
3791		0.000000
3792		0.000000
3793		0.000000
3794		0.000000
3795		0.000000
3796		0.000000
3797		0.000000
3798		0.000000
3799		0.000000
3800		0.000000
3801		0.000000
3802		0.000000
3803		0.000000
3804		0.000000
3805		0.000000
3806		0.000000
3807		0.000000
3808		0.000000
3809		0.000000
3810		0.000000
3811		0.000000
3812		0.000000
3813		0.000000
3814		0.000000
3815		0.000000
3816		0.000000
3817		0.000000
3818		0.000000
3819		0.000000
3820		0.000000
3821		0.000000
3822		0.000000
3823		0.000000
3824		0.000000
3825		0.000000
3826		0.000000
3827		0.000000
3828		0.000000
3829		0.000000
3830		0.000000
3831		0.000000
3832		0.000000
3833		0.000000
3834		0.000000
3835		0.000000
3836		0.000000
3837		0.000000
3838		0.000000
3839		0.000000
3840		0.000000
3841		0.000000
3842		0.000000
3843		0.000000
3844		0.000000
3845		0.000000
3846		0.000000
3847		0.000000
3848		0.000000
3849		0.000000
3850		0.000000
3851		0.000000
3852		0.000000
3853		0.000000
3854		0.000000
3855		0.000000
3856		0.000000
3857		0.000000
3858		0.000000
3859		0.000000
3860		0.000000
3861		0.000000
3862		0.000000
3863		0.000000
3864		0.000000
3865		0.000000
3866		0.000000
3867		0.000000
3868		0.000000
3869		0.000000
3870		0.000000
3871		0.000000
3872		0.000000
3873		0.000000
3874		0.000000
3875		0.000000
3876		0.000000
3877		0.000000
3878		0.000000
3879		0.000000
3880		0.000000
3881		0.000000
3882		0.000000
3883		0.000000
3884		0.000000
3885		0.000000
3886		0.000000
3887		0.000000
3888		0.000000
3889		0.000000
3890		0.000000
3891		0.000000
3892		0.000000
3893		0.000000
3894		0.000000
3895		0.000000
3896		0.000000
3897		0.000000
3898		0.000000
3899		0.000000
3900		0.000000
3901		0.000000
3902		0.000000
3903		0.000000
3904		0.000000
3905		0.000000
3906		0.000000
3907		0.000000
3908		0.000000
3909		0.000000
3910		0.000000
3911		0.000000
3912		0.000000
3913		0.000000
3914		0.000000
3915		0.000000
3916		0.000000
3917		0.000000
3918		0.000000
3919		0.000000
3920		0.000000
3921		0.000000
3922		0.000000
3923		0.000000
3924		0.000000
3925		0.000000
3926		0.000000
3927		0.000000
3928		0.000000
3929		0.000000
3930		0.000000
3931		0.000000
3932		0.000000
3933		0.000000
3934		0.000000
3935		0.000000
3936		0.000000
3937		0.000000
3938		0.000000
3939		0.000000
3940		0.000000
3941		0.000000
3942		0.000000
3943		0.000000
3944		0.000000
3945		0.000000
3946		0.000000
3947		0.000000
3948		0.000000
3949		0.000000
3950		0.000000
3951		0.000000
3952		0.000000
3953		0.000000
3954		0.000000
3955		0.000000
3956		0.000000
3957		0.000000
3958		0.000000
3959		0.000000
3960		0.000000
3961		0.000000
3962		0.000000
3963		0.000000
3964		0.000000
3965		0.000000
3966		0.000000
3967		0.000000
3968		0.000000
3969		0.000000
3970		0.000000
3971		0.000000
3972		0.000000
3973		0.000000
3974		0.000000
3975		0.000000
3976		0.000000
3977		0.000000
3978		0.000000
3979		0.000000
3980		0.000000
3981		0.000000
3982		0.000000
3983		0.000000
3984		0.000000
3985		0.000000
3986		0.000000
3987		0.000000
3988		0.000000
3989		0.000000
3990		0.000000
3991		0.000000
3992		0.000000
3993		0.000000
3994		0.000000
3995		0.000000
3996		0.000000
3997		0.000000
3998		0.000000
3999		0.000000
4000		0.000000
4001		0.000000
4002		0.000000
4003		0.000000
4004		0.000000
4005		0.000000
4006		0.000000
4007		0.000000
4008		0.000000
4009		0.000000
4010		0.000000
4011		0.000000
4012		0.000000
4013		0.000000
4014		0.000000
4015		0.000000
4016		0.000000
4017		0.000000
4018		0.000000
4019		0.000000
4020		0.000000
4021		0.000000
4022		0.000000
4023		0.000000
4024		0.000000
4025		0.000000
4026		0.000000
4027		0.000000
4028		0.000000
4029		0.000000
4030		0.000000
4031		0.000000
4032		0.000000
4033		0.000000
4034		0.000000
4035		0.000000
4036		0.000000
4037		0.000000
4038		0.000000
4039		0.000000
4040		0.000000
4041		0.000000
4042		0.000000
4043		0.000000
4044		0.000000
4045		0.000000
4046		0.000000
4047		0.000000
4048		0.000000
4049		0.000000
4050		0.000000
4051		0.000000
4052		0.000000
4053		0.000000
4054		0.000000
4055		0.000000
4056		0.000000
4057		0.000000
4058		0.000000
4059		0.000000
4060		0.000000
4061		0.000000
4062		0.000000
4063		0.000000
4064		0.000000
4065		0.000000
4066		0.000000
4067		0.000000
4068		0.000000
4069		0.000000
4070		0.000000
4071		0.000000
4072		0.000000
4073		0.000000
4074		0.000000
4075		0.000000
4076		0.000000
4077		0.000000
4078		0.000000
4079		0.000000
4080		0.000000
4081		0.000000
4082		0.000000
4083		0.000000
4084		0.000000
4085		0.000000
4086		0.000000
4087		0.000000
4088		0.000000
4089		0.000000
4090		0.000000
4091		0.000000
4092		0.000000
4093		0.000000
4094		0.000000
4095		0.000000
