0	0.0
1	0.0
2	0.0
3	0.0
4	0.0
5	0.0
6	0.0
7	0.0
8	0.0
9	0.0
10	0.0
11	0.0
12	0.0
13	0.0
14	0.0
15	0.0
16	0.0
17	0.0
18	0.0
19	0.0
20	0.0
21	0.0
22	0.0
23	0.0
24	0.0
25	0.0
26	0.0
27	0.0
28	0.0
29	0.0
30	0.0
31	0.0
32	0.0
33	0.0
34	0.0
35	0.0
36	0.0
37	0.0
38	0.0
39	0.0
40	0.0
41	0.0
42	0.0
43	0.0
44	0.0
45	0.0
46	0.0
47	0.0
48	0.0
49	0.0
50	0.0
51	0.0
52	0.0
53	0.0
54	0.0
55	0.0
56	0.0
57	0.0
58	0.0
59	0.0
60	0.0
61	0.0
62	0.0
63	0.0
64	0.0
65	0.0
66	0.0
67	0.0
68	0.0
69	0.0
70	0.0
71	0.0
72	0.0
73	0.0
74	0.0
75	0.0
76	0.0
77	0.0
78	0.0
79	0.0
80	0.0
81	0.0
82	0.0
83	0.0
84	0.0
85	0.0
86	0.0
87	0.0
88	0.0
89	0.0
90	0.0
91	0.0
92	0.0
93	0.0
94	0.0
95	0.0
96	0.0
97	0.0
98	0.0
99	0.0
100	0.0
101	0.0
102	0.0
103	0.0
104	0.0
105	0.0
106	0.0
107	0.0
108	0.0
109	0.0
110	0.0
111	0.0
112	0.0
113	0.0
114	0.0
115	0.0
116	0.0
117	0.0
118	0.0
119	0.0
120	0.0
121	0.0
122	0.0
123	0.0
124	0.0
125	0.0
126	0.0
127	0.0
128	0.0
129	0.0
130	0.0
131	0.0
132	0.0
133	0.0
134	0.0
135	0.0
136	0.0
137	0.0
138	0.0
139	0.0
140	0.0
141	0.0
142	0.0
143	0.0
144	0.0
145	0.0
146	0.0
147	0.0
148	0.0
149	0.0
150	0.0
151	0.0
152	0.0
153	0.0
154	0.0
155	0.0
156	0.0
157	0.0
158	0.0
159	0.0
160	0.0
161	0.0
162	0.0
163	0.0
164	0.0
165	0.0
166	0.0
167	0.0
168	0.0
169	0.0
170	0.0
171	0.0
172	0.0
173	0.0
174	0.0
175	0.0
176	0.0
177	0.0
178	0.0
179	0.0
180	0.0
181	0.0
182	0.0
183	0.0
184	0.0
185	0.0
186	0.0
187	0.0
188	0.0
189	0.0
190	0.0
191	0.0
192	0.0
193	0.0
194	0.0
195	0.0
196	0.0
197	0.0
198	0.0
199	0.0
200	0.0
201	0.0
202	0.0
203	0.0
204	0.0
205	0.0
206	0.0
207	0.0
208	0.0
209	0.0
210	0.0
211	0.0
212	0.0
213	0.0
214	0.0
215	0.0
216	0.0
217	0.0
218	0.0
219	0.0
220	0.0
221	0.0
222	0.0
223	0.0
224	0.0
225	0.0
226	0.0
227	0.0
228	0.0
229	0.0
230	0.0
231	0.0
232	0.0
233	0.0
234	0.0
235	0.0
236	0.0
237	0.0
238	0.0
239	0.0
240	0.0
241	0.0
242	0.0
243	0.0
244	0.0
245	0.0
246	0.0
247	0.0
248	0.0
249	0.0
250	0.0
251	0.0
252	0.0
253	0.0
254	0.0
255	0.0
256	0.0
257	0.0
258	0.0
259	0.0
260	0.0
261	0.0
262	0.0
263	0.0
264	0.0
265	0.0
266	0.0
267	0.0
268	0.0
269	0.0
270	0.0
271	0.0
272	0.0
273	0.0
274	0.0
275	0.0
276	0.0
277	0.0
278	0.0
279	0.0
280	0.0
281	0.0
282	0.0
283	0.0
284	0.0
285	0.0
286	0.0
287	0.0
288	0.0
289	0.0
290	0.0
291	0.0
292	0.0
293	0.0
294	0.0
295	0.0
296	0.0
297	0.0
298	0.0
299	0.0
300	0.0
301	0.0
302	0.0
303	0.0
304	0.0
305	0.0
306	0.0
307	0.0
308	0.0
309	0.0
310	0.0
311	0.0
312	0.0
313	0.0
314	0.0
315	0.0
316	0.0
317	0.0
318	0.0
319	0.0
320	0.0
321	0.0
322	0.0
323	0.0
324	0.0
325	0.0
326	0.0
327	0.0
328	0.0
329	0.0
330	0.0
331	0.0
332	0.0
333	0.0
334	0.0
335	0.0
336	0.0
337	0.0
338	0.0
339	0.0
340	0.0
341	0.0
342	0.0
343	0.0
344	0.0
345	0.0
346	0.0
347	0.0
348	0.0
349	0.0
350	0.0
351	0.0
352	0.0
353	0.0
354	0.0
355	0.0
356	0.0
357	0.0
358	0.0
359	0.0
360	0.0
361	0.0
362	0.0
363	0.0
364	0.0
365	0.0
366	0.0
367	0.0
368	0.0
369	0.0
370	0.0
371	0.0
372	0.0
373	0.0
374	0.0
375	0.0
376	0.0
377	0.0
378	0.0
379	0.0
380	0.0
381	0.0
382	0.0
383	0.0
384	0.0
385	0.0
386	0.0
387	0.0
388	0.0
389	0.0
390	0.0
391	0.0
392	0.0
393	0.0
394	0.0
395	0.0
396	0.0
397	0.0
398	0.0
399	0.0
400	0.0
401	0.0
402	0.0
403	0.0
404	0.0
405	0.0
406	0.0
407	0.0
408	0.0
409	0.0
410	0.0
411	0.0
412	0.0
413	0.0
414	0.0
415	0.0
416	0.0
417	0.0
418	0.0
419	0.0
420	0.0
421	0.0
422	0.0
423	0.0
424	0.0
425	0.0
426	0.0
427	0.0
428	0.0
429	0.0
430	0.0
431	0.0
432	0.0
433	0.0
434	0.0
435	0.0
436	0.0
437	0.0
438	0.0
439	0.0
440	0.0
441	0.0
442	0.0
443	0.0
444	0.0
445	0.0
446	0.0
447	0.0
448	0.0
449	0.0
450	0.0
451	0.0
452	0.0
453	0.0
454	0.0
455	0.0
456	0.0
457	0.0
458	0.0
459	0.0
460	0.0
461	0.0
462	0.0
463	0.0
464	0.0
465	0.0
466	0.0
467	0.0
468	0.0
469	0.0
470	0.0
471	0.0
472	0.0
473	0.0
474	0.0
475	0.0
476	0.0
477	0.0
478	0.0
479	0.0
480	0.0
481	0.0
482	0.0
483	0.0
484	0.0
485	0.0
486	0.0
487	0.0
488	0.0
489	0.0
490	0.0
491	0.0
492	0.0
493	0.0
494	0.0
495	0.0
496	0.0
497	0.0
498	0.0
499	0.0
500	0.0
501	0.0
502	0.0
503	0.0
504	0.0
505	0.0
506	0.0
507	0.0
508	0.0
509	0.0
510	0.0
511	0.0
512	0.0
513	0.0
514	0.0
515	0.0
516	0.0
517	0.0
518	0.0
519	0.0
520	0.0
521	0.0
522	0.0
523	0.0
524	0.0
525	0.0
526	0.0
527	0.0
528	0.0
529	0.0
530	0.0
531	0.0
532	0.0
533	0.0
534	0.0
535	0.0
536	0.0
537	0.0
538	0.0
539	0.0
540	0.0
541	0.0
542	0.0
543	0.0
544	0.0
545	0.0
546	0.0
547	0.0
548	0.0
549	0.0
550	0.0
551	0.0
552	0.0
553	0.0
554	0.0
555	0.0
556	0.0
557	0.0
558	0.0
559	0.0
560	0.0
561	0.0
562	0.0
563	0.0
564	0.0
565	0.0
566	0.0
567	0.0
568	0.0
569	0.0
570	0.0
571	0.0
572	0.0
573	0.0
574	0.0
575	0.0
576	0.0
577	0.0
578	0.0
579	0.0
580	0.0
581	0.0
582	0.0
583	0.0
584	0.0
585	0.0
586	0.0
587	0.0
588	0.0
589	0.0
590	0.0
591	0.0
592	0.0
593	0.0
594	0.0
595	0.0
596	0.0
597	0.0
598	0.0
599	0.0
600	0.0
601	0.0
602	0.0
603	0.0
604	0.0
605	0.0
606	0.0
607	0.0
608	0.0
609	0.0
610	0.0
611	0.0
612	0.0
613	0.0
614	0.0
615	0.0
616	0.0
617	0.0
618	0.0
619	0.0
620	0.0
621	0.0
622	0.0
623	0.0
624	0.0
625	0.0
626	0.0
627	0.0
628	0.0
629	0.0
630	0.0
631	0.0
632	0.0
633	0.0
634	0.0
635	0.0
636	0.0
637	0.0
638	0.0
639	0.0
640	0.0
641	0.0
642	0.0
643	0.0
644	0.0
645	0.0
646	0.0
647	0.0
648	0.0
649	0.0
650	0.0
651	0.0
652	0.0
653	0.0
654	0.0
655	0.0
656	0.0
657	0.0
658	0.0
659	0.0
660	0.0
661	0.0
662	0.0
663	0.0
664	0.0
665	0.0
666	0.0
667	0.0
668	0.0
669	0.0
670	0.0
671	0.0
672	0.0
673	0.0
674	0.0
675	0.0
676	0.0
677	0.0
678	0.0
679	0.0
680	0.0
681	0.0
682	0.0
683	0.0
684	0.0
685	0.0
686	0.0
687	0.0
688	0.0
689	0.0
690	0.0
691	0.0
692	0.0
693	0.0
694	0.0
695	0.0
696	0.0
697	0.0
698	0.0
699	0.0
700	0.0
701	0.0
702	0.0
703	0.0
704	0.0
705	0.0
706	0.0
707	0.0
708	0.0
709	0.0
710	0.0
711	0.0
712	0.0
713	0.0
714	0.0
715	0.0
716	0.0
717	0.0
718	0.0
719	0.0
720	0.0
721	0.0
722	0.0
723	0.0
724	0.0
725	0.0
726	0.0
727	0.0
728	0.0
729	0.0
730	0.0
731	0.0
732	0.0
733	0.0
734	0.0
735	0.0
736	0.0
737	0.0
738	0.0
739	0.0
740	0.0
741	0.0
742	0.0
743	0.0
744	0.0
745	0.0
746	0.0
747	0.0
748	0.0
749	0.0
750	0.0
751	0.0
752	0.0
753	0.0
754	0.0
755	0.0
756	0.0
757	0.0
758	0.0
759	0.0
760	0.0
761	0.0
762	0.0
763	0.0
764	0.0
765	0.0
766	0.0
767	0.0
768	0.0
769	0.0
770	0.0
771	0.0
772	0.0
773	0.0
774	0.0
775	0.0
776	0.0
777	0.0
778	0.0
779	0.0
780	0.0
781	0.0
782	0.0
783	0.0
784	0.0
785	0.0
786	0.0
787	0.0
788	0.0
789	0.0
790	0.0
791	0.0
792	0.0
793	0.0
794	0.0
795	0.0
796	0.0
797	0.0
798	0.0
799	0.0
800	0.0
801	0.0
802	0.0
803	0.0
804	0.0
805	0.0
806	0.0
807	0.0
808	0.0
809	0.0
810	0.0
811	0.0
812	0.0
813	0.0
814	0.0
815	0.0
816	0.0
817	0.0
818	0.0
819	0.0
820	0.0
821	0.0
822	0.0
823	0.0
824	0.0
825	0.0
826	0.0
827	0.0
828	0.0
829	0.0
830	0.0
831	0.0
832	0.0
833	0.0
834	0.0
835	0.0
836	0.0
837	0.0
838	0.0
839	0.0
840	0.0
841	0.0
842	0.0
843	0.0
844	0.0
845	0.0
846	0.0
847	0.0
848	0.0
849	0.0
850	0.0
851	0.0
852	0.0
853	0.0
854	0.0
855	0.0
856	0.0
857	0.0
858	0.0
859	0.0
860	0.0
861	0.0
862	0.0
863	0.0
864	0.0
865	0.0
866	0.0
867	0.0
868	0.0
869	0.0
870	0.0
871	0.0
872	0.0
873	0.0
874	0.0
875	0.0
876	0.0
877	0.0
878	0.0
879	0.0
880	0.0
881	0.0
882	0.0
883	0.0
884	0.0
885	0.0
886	0.0
887	0.0
888	0.0
889	0.0
890	0.0
891	0.0
892	0.0
893	0.0
894	0.0
895	0.0
896	0.0
897	0.0
898	0.0
899	0.0
900	0.0
901	0.0
902	0.0
903	0.0
904	0.0
905	0.0
906	0.0
907	0.0
908	0.0
909	0.0
910	0.0
911	0.0
912	0.0
913	0.0
914	0.0
915	0.0
916	0.0
917	0.0
918	0.0
919	0.0
920	0.0
921	0.0
922	0.0
923	0.0
924	0.0
925	0.0
926	0.0
927	0.0
928	0.0
929	0.0
930	0.0
931	0.0
932	0.0
933	0.0
934	0.0
935	0.0
936	0.0
937	0.0
938	0.0
939	0.0
940	0.0
941	0.0
942	0.0
943	0.0
944	0.0
945	0.0
946	0.0
947	0.0
948	0.0
949	0.0
950	0.0
951	0.0
952	0.0
953	0.0
954	0.0
955	0.0
956	0.0
957	0.0
958	0.0
959	0.0
960	0.0
961	0.0
962	0.0
963	0.0
964	0.0
965	0.0
966	0.0
967	0.0
968	0.0
969	0.0
970	0.0
971	0.0
972	0.0
973	0.0
974	0.0
975	0.0
976	0.0
977	0.0
978	0.0
979	0.0
980	0.0
981	0.0
982	0.0
983	0.0
984	0.0
985	0.0
986	0.0
987	0.0
988	0.0
989	0.0
990	0.0
991	0.0
992	0.0
993	0.0
994	0.0
995	0.0
996	0.0
997	0.0
998	0.0
999	0.0
1000	0.0
1001	0.0
1002	0.0
1003	0.0
1004	0.0
1005	0.0
1006	0.0
1007	0.0
1008	0.0
1009	0.0
1010	0.0
1011	0.0
1012	0.0
1013	0.0
1014	0.0
1015	0.0
1016	0.0
1017	0.0
1018	0.0
1019	0.0
1020	0.0
1021	0.0
1022	0.0
1023	0.0
1024	0.0
1025	0.0
1026	0.0
1027	0.0
1028	0.0
1029	0.0
1030	0.0
1031	0.0
1032	0.0
1033	0.0
1034	0.0
1035	0.0
1036	0.0
1037	0.0
1038	0.0
1039	0.0
1040	0.0
1041	0.0
1042	0.0
1043	0.0
1044	0.0
1045	0.0
1046	0.0
1047	0.0
1048	0.0
1049	0.0
1050	0.0
1051	0.0
1052	0.0
1053	0.0
1054	0.0
1055	0.0
1056	0.0
1057	0.0
1058	0.0
1059	0.0
1060	0.0
1061	0.0
1062	0.0
1063	0.0
1064	0.0
1065	0.0
1066	0.0
1067	0.0
1068	0.0
1069	0.0
1070	0.0
1071	0.0
1072	0.0
1073	0.0
1074	0.0
1075	0.0
1076	0.0
1077	0.0
1078	0.0
1079	0.0
1080	0.0
1081	1.0
1082	0.0
1083	0.0
1084	0.0
1085	0.0
1086	0.0
1087	0.0
1088	0.0
1089	0.0
1090	0.0
1091	0.0
1092	0.0
1093	0.0
1094	0.0
1095	0.0
1096	0.0
1097	0.0
1098	0.0
1099	0.0
1100	0.0
1101	0.0
1102	0.0
1103	0.0
1104	0.0
1105	0.0
1106	0.0
1107	0.0
1108	0.0
1109	0.0
1110	0.0
1111	0.0
1112	0.0
1113	0.0
1114	0.0
1115	0.0
1116	0.0
1117	0.0
1118	0.0
1119	0.0
1120	0.0
1121	0.0
1122	0.0
1123	0.0
1124	0.0
1125	0.0
1126	1.0
1127	0.0
1128	0.0
1129	0.0
1130	0.0
1131	0.0
1132	1.0
1133	0.0
1134	0.0
1135	0.0
1136	0.0
1137	1.0
1138	0.0
1139	0.0
1140	0.0
1141	0.0
1142	0.0
1143	0.0
1144	1.0
1145	1.0
1146	1.0
1147	1.0
1148	0.0
1149	0.0
1150	0.0
1151	2.0
1152	0.0
1153	0.0
1154	0.0
1155	0.0
1156	0.0
1157	1.0
1158	0.0
1159	2.0
1160	0.0
1161	1.0
1162	1.0
1163	0.0
1164	2.0
1165	2.0
1166	0.0
1167	0.0
1168	0.0
1169	2.0
1170	2.0
1171	3.0
1172	3.0
1173	4.0
1174	2.0
1175	0.0
1176	2.0
1177	4.0
1178	5.0
1179	1.0
1180	2.0
1181	3.0
1182	3.0
1183	5.0
1184	5.0
1185	5.0
1186	0.0
1187	12.0
1188	6.0
1189	2.0
1190	4.0
1191	6.0
1192	2.0
1193	3.0
1194	8.0
1195	8.0
1196	3.0
1197	6.0
1198	5.0
1199	3.0
1200	1.0
1201	0.0
1202	4.0
1203	0.0
1204	2.0
1205	1.0
1206	3.0
1207	0.0
1208	0.0
1209	0.0
1210	0.0
1211	0.0
1212	0.0
1213	0.0
1214	1.0
1215	0.0
1216	1.0
1217	0.0
1218	0.0
1219	0.0
1220	0.0
1221	0.0
1222	0.0
1223	1.0
1224	0.0
1225	0.0
1226	0.0
1227	0.0
1228	0.0
1229	0.0
1230	0.0
1231	0.0
1232	1.0
1233	0.0
1234	0.0
1235	1.0
1236	0.0
1237	0.0
1238	0.0
1239	0.0
1240	0.0
1241	1.0
1242	0.0
1243	1.0
1244	0.0
1245	0.0
1246	0.0
1247	0.0
1248	0.0
1249	0.0
1250	0.0
1251	0.0
1252	0.0
1253	0.0
1254	0.0
1255	0.0
1256	0.0
1257	0.0
1258	1.0
1259	0.0
1260	0.0
1261	0.0
1262	0.0
1263	0.0
1264	1.0
1265	0.0
1266	0.0
1267	0.0
1268	1.0
1269	0.0
1270	0.0
1271	0.0
1272	0.0
1273	1.0
1274	0.0
1275	0.0
1276	0.0
1277	0.0
1278	3.0
1279	0.0
1280	0.0
1281	1.0
1282	1.0
1283	0.0
1284	0.0
1285	0.0
1286	0.0
1287	0.0
1288	2.0
1289	2.0
1290	1.0
1291	1.0
1292	2.0
1293	0.0
1294	2.0
1295	2.0
1296	4.0
1297	1.0
1298	1.0
1299	2.0
1300	3.0
1301	3.0
1302	0.0
1303	2.0
1304	1.0
1305	3.0
1306	1.0
1307	1.0
1308	1.0
1309	1.0
1310	2.0
1311	1.0
1312	2.0
1313	4.0
1314	2.0
1315	1.0
1316	3.0
1317	1.0
1318	3.0
1319	0.0
1320	2.0
1321	3.0
1322	2.0
1323	1.0
1324	3.0
1325	2.0
1326	5.0
1327	1.0
1328	2.0
1329	3.0
1330	3.0
1331	1.0
1332	0.0
1333	2.0
1334	4.0
1335	3.0
1336	2.0
1337	5.0
1338	2.0
1339	5.0
1340	4.0
1341	3.0
1342	6.0
1343	3.0
1344	3.0
1345	6.0
1346	5.0
1347	7.0
1348	6.0
1349	2.0
1350	4.0
1351	9.0
1352	5.0
1353	9.0
1354	3.0
1355	7.0
1356	6.0
1357	7.0
1358	6.0
1359	4.0
1360	5.0
1361	9.0
1362	6.0
1363	4.0
1364	7.0
1365	5.0
1366	5.0
1367	6.0
1368	3.0
1369	2.0
1370	2.0
1371	6.0
1372	8.0
1373	6.0
1374	1.0
1375	3.0
1376	2.0
1377	3.0
1378	1.0
1379	3.0
1380	3.0
1381	1.0
1382	7.0
1383	4.0
1384	0.0
1385	5.0
1386	2.0
1387	7.0
1388	8.0
1389	8.0
1390	3.0
1391	5.0
1392	2.0
1393	7.0
1394	2.0
1395	4.0
1396	0.0
1397	5.0
1398	3.0
1399	3.0
1400	2.0
1401	4.0
1402	2.0
1403	5.0
1404	3.0
1405	5.0
1406	3.0
1407	1.0
1408	3.0
1409	4.0
1410	6.0
1411	3.0
1412	4.0
1413	0.0
1414	7.0
1415	3.0
1416	3.0
1417	5.0
1418	1.0
1419	6.0
1420	4.0
1421	3.0
1422	1.0
1423	3.0
1424	7.0
1425	4.0
1426	2.0
1427	5.0
1428	5.0
1429	2.0
1430	5.0
1431	2.0
1432	3.0
1433	4.0
1434	3.0
1435	3.0
1436	7.0
1437	4.0
1438	7.0
1439	4.0
1440	3.0
1441	2.0
1442	3.0
1443	8.0
1444	3.0
1445	5.0
1446	6.0
1447	7.0
1448	11.0
1449	8.0
1450	3.0
1451	3.0
1452	9.0
1453	11.0
1454	7.0
1455	6.0
1456	6.0
1457	7.0
1458	13.0
1459	4.0
1460	6.0
1461	5.0
1462	6.0
1463	9.0
1464	5.0
1465	6.0
1466	7.0
1467	7.0
1468	4.0
1469	10.0
1470	6.0
1471	6.0
1472	12.0
1473	9.0
1474	6.0
1475	5.0
1476	17.0
1477	13.0
1478	4.0
1479	6.0
1480	7.0
1481	11.0
1482	8.0
1483	11.0
1484	15.0
1485	12.0
1486	20.0
1487	11.0
1488	12.0
1489	6.0
1490	14.0
1491	11.0
1492	13.0
1493	20.0
1494	14.0
1495	13.0
1496	12.0
1497	16.0
1498	6.0
1499	13.0
1500	16.0
1501	19.0
1502	11.0
1503	11.0
1504	12.0
1505	17.0
1506	15.0
1507	15.0
1508	13.0
1509	10.0
1510	15.0
1511	14.0
1512	11.0
1513	7.0
1514	13.0
1515	8.0
1516	13.0
1517	9.0
1518	13.0
1519	8.0
1520	12.0
1521	4.0
1522	6.0
1523	10.0
1524	8.0
1525	6.0
1526	7.0
1527	5.0
1528	10.0
1529	11.0
1530	6.0
1531	9.0
1532	5.0
1533	3.0
1534	2.0
1535	4.0
1536	10.0
1537	4.0
1538	8.0
1539	5.0
1540	4.0
1541	8.0
1542	7.0
1543	4.0
1544	5.0
1545	4.0
1546	10.0
1547	7.0
1548	12.0
1549	11.0
1550	7.0
1551	7.0
1552	6.0
1553	5.0
1554	4.0
1555	3.0
1556	10.0
1557	2.0
1558	11.0
1559	7.0
1560	4.0
1561	8.0
1562	13.0
1563	5.0
1564	8.0
1565	9.0
1566	9.0
1567	12.0
1568	14.0
1569	7.0
1570	8.0
1571	6.0
1572	8.0
1573	13.0
1574	12.0
1575	4.0
1576	8.0
1577	6.0
1578	9.0
1579	2.0
1580	3.0
1581	10.0
1582	4.0
1583	13.0
1584	7.0
1585	6.0
1586	7.0
1587	7.0
1588	6.0
1589	5.0
1590	6.0
1591	8.0
1592	5.0
1593	5.0
1594	6.0
1595	7.0
1596	6.0
1597	6.0
1598	14.0
1599	8.0
1600	9.0
1601	5.0
1602	7.0
1603	8.0
1604	3.0
1605	7.0
1606	7.0
1607	7.0
1608	7.0
1609	4.0
1610	6.0
1611	9.0
1612	5.0
1613	5.0
1614	2.0
1615	8.0
1616	6.0
1617	6.0
1618	9.0
1619	4.0
1620	3.0
1621	2.0
1622	6.0
1623	5.0
1624	4.0
1625	5.0
1626	4.0
1627	8.0
1628	5.0
1629	5.0
1630	7.0
1631	9.0
1632	4.0
1633	6.0
1634	5.0
1635	8.0
1636	5.0
1637	6.0
1638	2.0
1639	6.0
1640	5.0
1641	5.0
1642	8.0
1643	7.0
1644	6.0
1645	5.0
1646	5.0
1647	8.0
1648	11.0
1649	8.0
1650	4.0
1651	5.0
1652	2.0
1653	6.0
1654	4.0
1655	8.0
1656	3.0
1657	6.0
1658	6.0
1659	8.0
1660	4.0
1661	7.0
1662	4.0
1663	3.0
1664	4.0
1665	10.0
1666	4.0
1667	5.0
1668	7.0
1669	6.0
1670	8.0
1671	8.0
1672	6.0
1673	5.0
1674	2.0
1675	8.0
1676	11.0
1677	4.0
1678	7.0
1679	13.0
1680	4.0
1681	9.0
1682	11.0
1683	7.0
1684	5.0
1685	11.0
1686	1.0
1687	4.0
1688	9.0
1689	5.0
1690	10.0
1691	10.0
1692	8.0
1693	5.0
1694	9.0
1695	6.0
1696	6.0
1697	5.0
1698	4.0
1699	4.0
1700	12.0
1701	7.0
1702	3.0
1703	9.0
1704	7.0
1705	8.0
1706	8.0
1707	3.0
1708	9.0
1709	10.0
1710	5.0
1711	8.0
1712	4.0
1713	12.0
1714	5.0
1715	9.0
1716	6.0
1717	8.0
1718	3.0
1719	4.0
1720	8.0
1721	8.0
1722	4.0
1723	11.0
1724	10.0
1725	7.0
1726	6.0
1727	11.0
1728	11.0
1729	6.0
1730	13.0
1731	6.0
1732	11.0
1733	8.0
1734	8.0
1735	17.0
1736	15.0
1737	20.0
1738	17.0
1739	12.0
1740	12.0
1741	14.0
1742	14.0
1743	21.0
1744	15.0
1745	24.0
1746	25.0
1747	24.0
1748	22.0
1749	22.0
1750	16.0
1751	19.0
1752	18.0
1753	12.0
1754	17.0
1755	12.0
1756	21.0
1757	12.0
1758	13.0
1759	10.0
1760	4.0
1761	15.0
1762	12.0
1763	18.0
1764	8.0
1765	8.0
1766	14.0
1767	9.0
1768	10.0
1769	3.0
1770	5.0
1771	6.0
1772	7.0
1773	7.0
1774	4.0
1775	8.0
1776	6.0
1777	7.0
1778	7.0
1779	6.0
1780	4.0
1781	4.0
1782	7.0
1783	7.0
1784	10.0
1785	6.0
1786	5.0
1787	5.0
1788	3.0
1789	5.0
1790	5.0
1791	7.0
1792	6.0
1793	6.0
1794	5.0
1795	10.0
1796	10.0
1797	5.0
1798	2.0
1799	4.0
1800	13.0
1801	7.0
1802	4.0
1803	5.0
1804	5.0
1805	9.0
1806	6.0
1807	5.0
1808	8.0
1809	5.0
1810	6.0
1811	12.0
1812	8.0
1813	6.0
1814	5.0
1815	5.0
1816	5.0
1817	3.0
1818	9.0
1819	8.0
1820	2.0
1821	6.0
1822	6.0
1823	9.0
1824	7.0
1825	9.0
1826	5.0
1827	9.0
1828	4.0
1829	4.0
1830	7.0
1831	6.0
1832	3.0
1833	5.0
1834	5.0
1835	7.0
1836	8.0
1837	5.0
1838	8.0
1839	9.0
1840	7.0
1841	8.0
1842	4.0
1843	13.0
1844	9.0
1845	5.0
1846	3.0
1847	6.0
1848	10.0
1849	5.0
1850	12.0
1851	7.0
1852	10.0
1853	10.0
1854	9.0
1855	6.0
1856	8.0
1857	9.0
1858	4.0
1859	10.0
1860	6.0
1861	10.0
1862	6.0
1863	9.0
1864	9.0
1865	1.0
1866	4.0
1867	4.0
1868	5.0
1869	4.0
1870	11.0
1871	3.0
1872	7.0
1873	4.0
1874	9.0
1875	6.0
1876	6.0
1877	7.0
1878	10.0
1879	4.0
1880	8.0
1881	10.0
1882	12.0
1883	13.0
1884	8.0
1885	7.0
1886	9.0
1887	8.0
1888	13.0
1889	8.0
1890	7.0
1891	10.0
1892	9.0
1893	11.0
1894	11.0
1895	6.0
1896	14.0
1897	10.0
1898	7.0
1899	11.0
1900	13.0
1901	8.0
1902	6.0
1903	10.0
1904	11.0
1905	12.0
1906	13.0
1907	13.0
1908	16.0
1909	8.0
1910	14.0
1911	14.0
1912	9.0
1913	11.0
1914	7.0
1915	16.0
1916	21.0
1917	15.0
1918	20.0
1919	9.0
1920	19.0
1921	15.0
1922	21.0
1923	16.0
1924	18.0
1925	11.0
1926	25.0
1927	23.0
1928	18.0
1929	21.0
1930	23.0
1931	28.0
1932	27.0
1933	31.0
1934	37.0
1935	42.0
1936	33.0
1937	46.0
1938	48.0
1939	48.0
1940	68.0
1941	64.0
1942	67.0
1943	93.0
1944	89.0
1945	105.0
1946	138.0
1947	104.0
1948	141.0
1949	126.0
1950	130.0
1951	172.0
1952	170.0
1953	184.0
1954	171.0
1955	212.0
1956	240.0
1957	190.0
1958	212.0
1959	208.0
1960	236.0
1961	246.0
1962	237.0
1963	263.0
1964	231.0
1965	276.0
1966	266.0
1967	248.0
1968	278.0
1969	290.0
1970	258.0
1971	306.0
1972	266.0
1973	287.0
1974	308.0
1975	301.0
1976	322.0
1977	284.0
1978	362.0
1979	295.0
1980	344.0
1981	361.0
1982	328.0
1983	358.0
1984	338.0
1985	354.0
1986	415.0
1987	406.0
1988	404.0
1989	378.0
1990	381.0
1991	415.0
1992	393.0
1993	496.0
1994	388.0
1995	453.0
1996	475.0
1997	392.0
1998	494.0
1999	415.0
2000	480.0
2001	421.0
2002	431.0
2003	493.0
2004	425.0
2005	443.0
2006	474.0
2007	436.0
2008	516.0
2009	384.0
2010	444.0
2011	531.0
2012	401.0
2013	513.0
2014	440.0
2015	469.0
2016	487.0
2017	436.0
2018	505.0
2019	429.0
2020	483.0
2021	489.0
2022	420.0
2023	536.0
2024	461.0
2025	478.0
2026	495.0
2027	435.0
2028	549.0
2029	452.0
2030	519.0
2031	521.0
2032	487.0
2033	553.0
2034	459.0
2035	499.0
2036	545.0
2037	491.0
2038	561.0
2039	537.0
2040	568.0
2041	606.0
2042	550.0
2043	616.0
2044	553.0
2045	641.0
2046	704.0
2047	641.0
2048	676.0
2049	697.0
2050	724.0
2051	756.0
2052	737.0
2053	814.0
2054	821.0
2055	850.0
2056	838.0
2057	940.0
2058	972.0
2059	1072.0
2060	1081.0
2061	1177.0
2062	1284.0
2063	1384.0
2064	1563.0
2065	1672.0
2066	1954.0
2067	2146.0
2068	2400.0
2069	2625.0
2070	2881.0
2071	3138.0
2072	3706.0
2073	3854.0
2074	4267.0
2075	4637.0
2076	4970.0
2077	5298.0
2078	5809.0
2079	5793.0
2080	6085.0
2081	6144.0
2082	6291.0
2083	6230.0
2084	6256.0
2085	6139.0
2086	6097.0
2087	5871.0
2088	5638.0
2089	5479.0
2090	5058.0
2091	4921.0
2092	4667.0
2093	4342.0
2094	3874.0
2095	3849.0
2096	3579.0
2097	3295.0
2098	2951.0
2099	2609.0
2100	2386.0
2101	2188.0
2102	1907.0
2103	1752.0
2104	1483.0
2105	1218.0
2106	1079.0
2107	943.0
2108	812.0
2109	736.0
2110	640.0
2111	523.0
2112	500.0
2113	445.0
2114	409.0
2115	360.0
2116	326.0
2117	310.0
2118	307.0
2119	286.0
2120	272.0
2121	273.0
2122	300.0
2123	271.0
2124	292.0
2125	278.0
2126	308.0
2127	314.0
2128	300.0
2129	292.0
2130	319.0
2131	312.0
2132	315.0
2133	345.0
2134	297.0
2135	329.0
2136	314.0
2137	327.0
2138	312.0
2139	322.0
2140	285.0
2141	289.0
2142	272.0
2143	246.0
2144	283.0
2145	238.0
2146	230.0
2147	250.0
2148	215.0
2149	236.0
2150	217.0
2151	197.0
2152	212.0
2153	188.0
2154	174.0
2155	174.0
2156	147.0
2157	154.0
2158	170.0
2159	146.0
2160	155.0
2161	148.0
2162	138.0
2163	139.0
2164	137.0
2165	137.0
2166	123.0
2167	141.0
2168	141.0
2169	124.0
2170	128.0
2171	136.0
2172	139.0
2173	153.0
2174	152.0
2175	168.0
2176	172.0
2177	142.0
2178	144.0
2179	167.0
2180	152.0
2181	150.0
2182	168.0
2183	184.0
2184	171.0
2185	187.0
2186	174.0
2187	192.0
2188	211.0
2189	202.0
2190	176.0
2191	230.0
2192	217.0
2193	239.0
2194	300.0
2195	273.0
2196	279.0
2197	332.0
2198	385.0
2199	436.0
2200	489.0
2201	554.0
2202	585.0
2203	613.0
2204	701.0
2205	760.0
2206	870.0
2207	924.0
2208	974.0
2209	990.0
2210	998.0
2211	1035.0
2212	1094.0
2213	1113.0
2214	990.0
2215	1057.0
2216	1021.0
2217	988.0
2218	948.0
2219	875.0
2220	847.0
2221	843.0
2222	723.0
2223	730.0
2224	627.0
2225	592.0
2226	583.0
2227	537.0
2228	484.0
2229	475.0
2230	410.0
2231	391.0
2232	352.0
2233	333.0
2234	292.0
2235	246.0
2236	222.0
2237	229.0
2238	193.0
2239	170.0
2240	135.0
2241	115.0
2242	102.0
2243	92.0
2244	72.0
2245	61.0
2246	63.0
2247	56.0
2248	63.0
2249	34.0
2250	56.0
2251	34.0
2252	43.0
2253	33.0
2254	30.0
2255	36.0
2256	28.0
2257	26.0
2258	27.0
2259	25.0
2260	23.0
2261	27.0
2262	30.0
2263	21.0
2264	27.0
2265	20.0
2266	19.0
2267	15.0
2268	19.0
2269	16.0
2270	16.0
2271	18.0
2272	13.0
2273	29.0
2274	21.0
2275	14.0
2276	14.0
2277	18.0
2278	17.0
2279	24.0
2280	19.0
2281	13.0
2282	18.0
2283	16.0
2284	23.0
2285	19.0
2286	13.0
2287	13.0
2288	20.0
2289	19.0
2290	16.0
2291	17.0
2292	15.0
2293	15.0
2294	17.0
2295	25.0
2296	19.0
2297	16.0
2298	13.0
2299	15.0
2300	15.0
2301	16.0
2302	13.0
2303	8.0
2304	24.0
2305	15.0
2306	17.0
2307	9.0
2308	13.0
2309	16.0
2310	9.0
2311	7.0
2312	10.0
2313	14.0
2314	16.0
2315	14.0
2316	10.0
2317	11.0
2318	6.0
2319	6.0
2320	9.0
2321	5.0
2322	10.0
2323	8.0
2324	1.0
2325	12.0
2326	6.0
2327	5.0
2328	7.0
2329	6.0
2330	11.0
2331	8.0
2332	6.0
2333	5.0
2334	8.0
2335	5.0
2336	4.0
2337	7.0
2338	3.0
2339	15.0
2340	4.0
2341	10.0
2342	6.0
2343	6.0
2344	9.0
2345	9.0
2346	9.0
2347	7.0
2348	7.0
2349	9.0
2350	7.0
2351	9.0
2352	8.0
2353	4.0
2354	6.0
2355	5.0
2356	2.0
2357	6.0
2358	6.0
2359	4.0
2360	7.0
2361	5.0
2362	9.0
2363	8.0
2364	7.0
2365	5.0
2366	5.0
2367	4.0
2368	9.0
2369	1.0
2370	7.0
2371	2.0
2372	6.0
2373	4.0
2374	3.0
2375	6.0
2376	3.0
2377	8.0
2378	7.0
2379	0.0
2380	5.0
2381	3.0
2382	6.0
2383	4.0
2384	3.0
2385	4.0
2386	5.0
2387	4.0
2388	3.0
2389	3.0
2390	1.0
2391	2.0
2392	1.0
2393	3.0
2394	5.0
2395	0.0
2396	2.0
2397	4.0
2398	3.0
2399	2.0
2400	4.0
2401	3.0
2402	3.0
2403	4.0
2404	1.0
2405	4.0
2406	6.0
2407	4.0
2408	2.0
2409	2.0
2410	1.0
2411	2.0
2412	1.0
2413	1.0
2414	3.0
2415	0.0
2416	1.0
2417	2.0
2418	2.0
2419	0.0
2420	2.0
2421	4.0
2422	4.0
2423	4.0
2424	3.0
2425	2.0
2426	2.0
2427	5.0
2428	4.0
2429	1.0
2430	3.0
2431	7.0
2432	6.0
2433	3.0
2434	2.0
2435	1.0
2436	3.0
2437	3.0
2438	0.0
2439	2.0
2440	2.0
2441	5.0
2442	4.0
2443	1.0
2444	2.0
2445	4.0
2446	2.0
2447	2.0
2448	2.0
2449	2.0
2450	1.0
2451	2.0
2452	0.0
2453	5.0
2454	1.0
2455	3.0
2456	1.0
2457	1.0
2458	4.0
2459	2.0
2460	2.0
2461	3.0
2462	3.0
2463	1.0
2464	2.0
2465	3.0
2466	2.0
2467	2.0
2468	3.0
2469	2.0
2470	0.0
2471	6.0
2472	1.0
2473	0.0
2474	1.0
2475	2.0
2476	2.0
2477	5.0
2478	1.0
2479	1.0
2480	2.0
2481	1.0
2482	1.0
2483	0.0
2484	1.0
2485	1.0
2486	3.0
2487	2.0
2488	1.0
2489	1.0
2490	0.0
2491	2.0
2492	3.0
2493	0.0
2494	6.0
2495	1.0
2496	2.0
2497	2.0
2498	4.0
2499	4.0
2500	1.0
2501	2.0
2502	3.0
2503	2.0
2504	1.0
2505	2.0
2506	0.0
2507	3.0
2508	1.0
2509	0.0
2510	2.0
2511	3.0
2512	2.0
2513	0.0
2514	3.0
2515	2.0
2516	1.0
2517	1.0
2518	0.0
2519	1.0
2520	1.0
2521	3.0
2522	1.0
2523	0.0
2524	0.0
2525	2.0
2526	5.0
2527	4.0
2528	2.0
2529	2.0
2530	2.0
2531	0.0
2532	2.0
2533	1.0
2534	1.0
2535	0.0
2536	2.0
2537	3.0
2538	3.0
2539	2.0
2540	0.0
2541	1.0
2542	3.0
2543	0.0
2544	2.0
2545	3.0
2546	1.0
2547	2.0
2548	1.0
2549	3.0
2550	0.0
2551	2.0
2552	1.0
2553	1.0
2554	1.0
2555	0.0
2556	1.0
2557	1.0
2558	2.0
2559	1.0
2560	6.0
2561	1.0
2562	1.0
2563	1.0
2564	3.0
2565	3.0
2566	1.0
2567	1.0
2568	3.0
2569	2.0
2570	1.0
2571	2.0
2572	3.0
2573	0.0
2574	1.0
2575	0.0
2576	2.0
2577	1.0
2578	1.0
2579	1.0
2580	2.0
2581	1.0
2582	0.0
2583	1.0
2584	0.0
2585	1.0
2586	1.0
2587	1.0
2588	1.0
2589	0.0
2590	1.0
2591	1.0
2592	1.0
2593	2.0
2594	4.0
2595	1.0
2596	1.0
2597	1.0
2598	1.0
2599	1.0
2600	2.0
2601	0.0
2602	1.0
2603	1.0
2604	1.0
2605	2.0
2606	1.0
2607	2.0
2608	3.0
2609	0.0
2610	2.0
2611	3.0
2612	1.0
2613	1.0
2614	1.0
2615	1.0
2616	1.0
2617	1.0
2618	2.0
2619	0.0
2620	1.0
2621	0.0
2622	1.0
2623	1.0
2624	1.0
2625	0.0
2626	4.0
2627	1.0
2628	1.0
2629	1.0
2630	2.0
2631	4.0
2632	2.0
2633	1.0
2634	3.0
2635	2.0
2636	2.0
2637	3.0
2638	3.0
2639	0.0
2640	2.0
2641	1.0
2642	1.0
2643	3.0
2644	0.0
2645	0.0
2646	0.0
2647	0.0
2648	4.0
2649	0.0
2650	0.0
2651	0.0
2652	0.0
2653	3.0
2654	1.0
2655	1.0
2656	1.0
2657	1.0
2658	1.0
2659	1.0
2660	2.0
2661	2.0
2662	1.0
2663	1.0
2664	1.0
2665	1.0
2666	1.0
2667	1.0
2668	3.0
2669	0.0
2670	1.0
2671	1.0
2672	0.0
2673	3.0
2674	1.0
2675	0.0
2676	0.0
2677	1.0
2678	2.0
2679	3.0
2680	0.0
2681	2.0
2682	1.0
2683	2.0
2684	1.0
2685	0.0
2686	1.0
2687	0.0
2688	3.0
2689	3.0
2690	0.0
2691	2.0
2692	0.0
2693	4.0
2694	1.0
2695	3.0
2696	1.0
2697	0.0
2698	0.0
2699	1.0
2700	0.0
2701	1.0
2702	4.0
2703	0.0
2704	2.0
2705	2.0
2706	2.0
2707	5.0
2708	1.0
2709	3.0
2710	0.0
2711	1.0
2712	1.0
2713	3.0
2714	2.0
2715	2.0
2716	1.0
2717	1.0
2718	2.0
2719	2.0
2720	4.0
2721	3.0
2722	2.0
2723	2.0
2724	2.0
2725	0.0
2726	0.0
2727	4.0
2728	2.0
2729	0.0
2730	5.0
2731	1.0
2732	2.0
2733	1.0
2734	3.0
2735	2.0
2736	2.0
2737	2.0
2738	1.0
2739	0.0
2740	1.0
2741	1.0
2742	1.0
2743	1.0
2744	2.0
2745	3.0
2746	3.0
2747	1.0
2748	2.0
2749	0.0
2750	0.0
2751	2.0
2752	3.0
2753	5.0
2754	2.0
2755	1.0
2756	5.0
2757	3.0
2758	3.0
2759	1.0
2760	6.0
2761	1.0
2762	1.0
2763	4.0
2764	1.0
2765	2.0
2766	1.0
2767	1.0
2768	0.0
2769	2.0
2770	4.0
2771	5.0
2772	2.0
2773	1.0
2774	1.0
2775	2.0
2776	2.0
2777	2.0
2778	3.0
2779	2.0
2780	3.0
2781	0.0
2782	3.0
2783	7.0
2784	3.0
2785	2.0
2786	1.0
2787	3.0
2788	2.0
2789	2.0
2790	2.0
2791	5.0
2792	4.0
2793	1.0
2794	2.0
2795	1.0
2796	3.0
2797	0.0
2798	1.0
2799	1.0
2800	1.0
2801	5.0
2802	2.0
2803	2.0
2804	1.0
2805	4.0
2806	2.0
2807	4.0
2808	1.0
2809	0.0
2810	2.0
2811	4.0
2812	3.0
2813	2.0
2814	5.0
2815	1.0
2816	3.0
2817	3.0
2818	6.0
2819	5.0
2820	3.0
2821	1.0
2822	3.0
2823	2.0
2824	2.0
2825	3.0
2826	2.0
2827	4.0
2828	1.0
2829	3.0
2830	3.0
2831	2.0
2832	1.0
2833	6.0
2834	1.0
2835	1.0
2836	1.0
2837	3.0
2838	4.0
2839	1.0
2840	2.0
2841	1.0
2842	2.0
2843	4.0
2844	1.0
2845	4.0
2846	1.0
2847	1.0
2848	0.0
2849	2.0
2850	2.0
2851	4.0
2852	5.0
2853	2.0
2854	2.0
2855	3.0
2856	1.0
2857	3.0
2858	2.0
2859	3.0
2860	3.0
2861	1.0
2862	4.0
2863	1.0
2864	3.0
2865	1.0
2866	0.0
2867	0.0
2868	0.0
2869	0.0
2870	0.0
2871	2.0
2872	2.0
2873	0.0
2874	0.0
2875	2.0
2876	1.0
2877	0.0
2878	1.0
2879	0.0
2880	1.0
2881	1.0
2882	0.0
2883	1.0
2884	1.0
2885	3.0
2886	1.0
2887	0.0
2888	1.0
2889	3.0
2890	3.0
2891	0.0
2892	0.0
2893	1.0
2894	1.0
2895	0.0
2896	1.0
2897	0.0
2898	3.0
2899	0.0
2900	0.0
2901	2.0
2902	2.0
2903	1.0
2904	0.0
2905	0.0
2906	0.0
2907	1.0
2908	1.0
2909	0.0
2910	0.0
2911	0.0
2912	1.0
2913	1.0
2914	1.0
2915	1.0
2916	0.0
2917	0.0
2918	1.0
2919	0.0
2920	1.0
2921	1.0
2922	1.0
2923	2.0
2924	0.0
2925	3.0
2926	0.0
2927	0.0
2928	0.0
2929	0.0
2930	1.0
2931	0.0
2932	1.0
2933	0.0
2934	0.0
2935	0.0
2936	0.0
2937	0.0
2938	0.0
2939	0.0
2940	0.0
2941	0.0
2942	0.0
2943	0.0
2944	0.0
2945	0.0
2946	0.0
2947	0.0
2948	0.0
2949	0.0
2950	0.0
2951	0.0
2952	0.0
2953	0.0
2954	1.0
2955	1.0
2956	0.0
2957	0.0
2958	1.0
2959	2.0
2960	0.0
2961	2.0
2962	0.0
2963	3.0
2964	0.0
2965	0.0
2966	1.0
2967	0.0
2968	1.0
2969	0.0
2970	1.0
2971	0.0
2972	0.0
2973	0.0
2974	0.0
2975	1.0
2976	0.0
2977	0.0
2978	0.0
2979	1.0
2980	0.0
2981	1.0
2982	0.0
2983	0.0
2984	1.0
2985	0.0
2986	0.0
2987	0.0
2988	0.0
2989	0.0
2990	0.0
2991	0.0
2992	0.0
2993	0.0
2994	1.0
2995	0.0
2996	0.0
2997	0.0
2998	0.0
2999	0.0
3000	1.0
3001	0.0
3002	1.0
3003	0.0
3004	0.0
3005	0.0
3006	2.0
3007	0.0
3008	0.0
3009	0.0
3010	0.0
3011	0.0
3012	1.0
3013	1.0
3014	0.0
3015	0.0
3016	0.0
3017	0.0
3018	0.0
3019	0.0
3020	0.0
3021	0.0
3022	0.0
3023	0.0
3024	0.0
3025	1.0
3026	0.0
3027	0.0
3028	1.0
3029	0.0
3030	0.0
3031	0.0
3032	0.0
3033	0.0
3034	0.0
3035	0.0
3036	0.0
3037	0.0
3038	0.0
3039	0.0
3040	0.0
3041	1.0
3042	1.0
3043	0.0
3044	0.0
3045	2.0
3046	0.0
3047	0.0
3048	0.0
3049	1.0
3050	0.0
3051	0.0
3052	0.0
3053	0.0
3054	0.0
3055	0.0
3056	1.0
3057	0.0
3058	0.0
3059	0.0
3060	2.0
3061	0.0
3062	0.0
3063	0.0
3064	0.0
3065	0.0
3066	1.0
3067	0.0
3068	0.0
3069	1.0
3070	0.0
3071	1.0
3072	0.0
3073	0.0
3074	0.0
3075	0.0
3076	0.0
3077	0.0
3078	0.0
3079	0.0
3080	0.0
3081	0.0
3082	0.0
3083	0.0
3084	0.0
3085	0.0
3086	0.0
3087	0.0
3088	0.0
3089	0.0
3090	1.0
3091	0.0
3092	0.0
3093	0.0
3094	1.0
3095	1.0
3096	0.0
3097	1.0
3098	0.0
3099	0.0
3100	0.0
3101	1.0
3102	1.0
3103	0.0
3104	0.0
3105	0.0
3106	0.0
3107	0.0
3108	0.0
3109	1.0
3110	0.0
3111	0.0
3112	0.0
3113	1.0
3114	0.0
3115	0.0
3116	0.0
3117	0.0
3118	1.0
3119	1.0
3120	0.0
3121	0.0
3122	0.0
3123	0.0
3124	1.0
3125	0.0
3126	1.0
3127	0.0
3128	0.0
3129	1.0
3130	0.0
3131	0.0
3132	0.0
3133	1.0
3134	0.0
3135	0.0
3136	0.0
3137	0.0
3138	1.0
3139	0.0
3140	0.0
3141	1.0
3142	0.0
3143	0.0
3144	0.0
3145	0.0
3146	0.0
3147	0.0
3148	0.0
3149	0.0
3150	0.0
3151	1.0
3152	0.0
3153	0.0
3154	0.0
3155	1.0
3156	1.0
3157	0.0
3158	0.0
3159	0.0
3160	0.0
3161	1.0
3162	0.0
3163	0.0
3164	0.0
3165	0.0
3166	0.0
3167	0.0
3168	0.0
3169	0.0
3170	0.0
3171	0.0
3172	1.0
3173	0.0
3174	0.0
3175	2.0
3176	0.0
3177	0.0
3178	0.0
3179	0.0
3180	0.0
3181	0.0
3182	0.0
3183	0.0
3184	0.0
3185	0.0
3186	0.0
3187	0.0
3188	0.0
3189	0.0
3190	0.0
3191	0.0
3192	0.0
3193	0.0
3194	0.0
3195	0.0
3196	0.0
3197	0.0
3198	0.0
3199	0.0
3200	0.0
3201	0.0
3202	0.0
3203	0.0
3204	0.0
3205	0.0
3206	0.0
3207	0.0
3208	0.0
3209	0.0
3210	0.0
3211	0.0
3212	0.0
3213	0.0
3214	0.0
3215	1.0
3216	0.0
3217	0.0
3218	0.0
3219	0.0
3220	0.0
3221	0.0
3222	1.0
3223	0.0
3224	1.0
3225	0.0
3226	0.0
3227	0.0
3228	0.0
3229	0.0
3230	0.0
3231	1.0
3232	1.0
3233	0.0
3234	0.0
3235	0.0
3236	0.0
3237	0.0
3238	0.0
3239	0.0
3240	0.0
3241	0.0
3242	1.0
3243	0.0
3244	0.0
3245	0.0
3246	0.0
3247	0.0
3248	0.0
3249	0.0
3250	0.0
3251	0.0
3252	0.0
3253	0.0
3254	0.0
3255	0.0
3256	0.0
3257	0.0
3258	1.0
3259	0.0
3260	0.0
3261	0.0
3262	0.0
3263	1.0
3264	0.0
3265	2.0
3266	0.0
3267	0.0
3268	1.0
3269	0.0
3270	1.0
3271	0.0
3272	0.0
3273	0.0
3274	0.0
3275	0.0
3276	0.0
3277	0.0
3278	0.0
3279	0.0
3280	1.0
3281	0.0
3282	0.0
3283	0.0
3284	0.0
3285	0.0
3286	0.0
3287	0.0
3288	1.0
3289	0.0
3290	0.0
3291	0.0
3292	0.0
3293	0.0
3294	1.0
3295	1.0
3296	0.0
3297	0.0
3298	0.0
3299	0.0
3300	0.0
3301	0.0
3302	0.0
3303	1.0
3304	0.0
3305	1.0
3306	0.0
3307	0.0
3308	0.0
3309	2.0
3310	0.0
3311	1.0
3312	0.0
3313	0.0
3314	1.0
3315	0.0
3316	0.0
3317	0.0
3318	0.0
3319	0.0
3320	1.0
3321	0.0
3322	0.0
3323	0.0
3324	0.0
3325	0.0
3326	2.0
3327	0.0
3328	0.0
3329	0.0
3330	0.0
3331	0.0
3332	0.0
3333	0.0
3334	0.0
3335	1.0
3336	0.0
3337	2.0
3338	0.0
3339	0.0
3340	0.0
3341	0.0
3342	0.0
3343	0.0
3344	0.0
3345	1.0
3346	0.0
3347	1.0
3348	2.0
3349	1.0
3350	0.0
3351	0.0
3352	0.0
3353	0.0
3354	0.0
3355	0.0
3356	0.0
3357	1.0
3358	0.0
3359	0.0
3360	0.0
3361	0.0
3362	0.0
3363	0.0
3364	0.0
3365	0.0
3366	1.0
3367	0.0
3368	0.0
3369	0.0
3370	0.0
3371	0.0
3372	0.0
3373	0.0
3374	0.0
3375	0.0
3376	1.0
3377	0.0
3378	0.0
3379	1.0
3380	0.0
3381	0.0
3382	0.0
3383	0.0
3384	0.0
3385	0.0
3386	0.0
3387	0.0
3388	0.0
3389	0.0
3390	0.0
3391	0.0
3392	2.0
3393	1.0
3394	0.0
3395	0.0
3396	1.0
3397	1.0
3398	0.0
3399	0.0
3400	0.0
3401	0.0
3402	0.0
3403	0.0
3404	0.0
3405	0.0
3406	0.0
3407	0.0
3408	0.0
3409	0.0
3410	0.0
3411	0.0
3412	1.0
3413	0.0
3414	0.0
3415	0.0
3416	0.0
3417	0.0
3418	0.0
3419	0.0
3420	0.0
3421	0.0
3422	0.0
3423	0.0
3424	0.0
3425	0.0
3426	0.0
3427	0.0
3428	1.0
3429	0.0
3430	0.0
3431	0.0
3432	0.0
3433	0.0
3434	0.0
3435	0.0
3436	0.0
3437	0.0
3438	0.0
3439	0.0
3440	0.0
3441	0.0
3442	0.0
3443	0.0
3444	0.0
3445	0.0
3446	0.0
3447	0.0
3448	0.0
3449	0.0
3450	0.0
3451	0.0
3452	0.0
3453	0.0
3454	0.0
3455	0.0
3456	0.0
3457	0.0
3458	0.0
3459	0.0
3460	0.0
3461	0.0
3462	0.0
3463	0.0
3464	0.0
3465	0.0
3466	0.0
3467	0.0
3468	0.0
3469	0.0
3470	0.0
3471	0.0
3472	0.0
3473	0.0
3474	0.0
3475	0.0
3476	0.0
3477	0.0
3478	0.0
3479	0.0
3480	0.0
3481	0.0
3482	0.0
3483	0.0
3484	0.0
3485	0.0
3486	0.0
3487	0.0
3488	0.0
3489	0.0
3490	0.0
3491	1.0
3492	0.0
3493	0.0
3494	0.0
3495	0.0
3496	0.0
3497	0.0
3498	0.0
3499	0.0
3500	0.0
3501	0.0
3502	0.0
3503	0.0
3504	0.0
3505	0.0
3506	0.0
3507	0.0
3508	0.0
3509	0.0
3510	0.0
3511	0.0
3512	0.0
3513	0.0
3514	0.0
3515	0.0
3516	0.0
3517	0.0
3518	0.0
3519	0.0
3520	0.0
3521	0.0
3522	0.0
3523	0.0
3524	0.0
3525	0.0
3526	0.0
3527	0.0
3528	0.0
3529	0.0
3530	0.0
3531	0.0
3532	0.0
3533	0.0
3534	0.0
3535	0.0
3536	0.0
3537	0.0
3538	0.0
3539	0.0
3540	0.0
3541	0.0
3542	0.0
3543	0.0
3544	0.0
3545	0.0
3546	0.0
3547	0.0
3548	0.0
3549	0.0
3550	0.0
3551	0.0
3552	0.0
3553	0.0
3554	0.0
3555	0.0
3556	0.0
3557	0.0
3558	0.0
3559	0.0
3560	0.0
3561	0.0
3562	0.0
3563	0.0
3564	0.0
3565	0.0
3566	0.0
3567	0.0
3568	0.0
3569	0.0
3570	0.0
3571	0.0
3572	0.0
3573	0.0
3574	0.0
3575	0.0
3576	0.0
3577	0.0
3578	0.0
3579	0.0
3580	0.0
3581	0.0
3582	0.0
3583	0.0
3584	0.0
3585	0.0
3586	0.0
3587	0.0
3588	0.0
3589	0.0
3590	0.0
3591	0.0
3592	0.0
3593	0.0
3594	0.0
3595	0.0
3596	0.0
3597	0.0
3598	0.0
3599	0.0
3600	0.0
3601	0.0
3602	0.0
3603	0.0
3604	0.0
3605	0.0
3606	0.0
3607	0.0
3608	0.0
3609	0.0
3610	0.0
3611	0.0
3612	0.0
3613	0.0
3614	0.0
3615	0.0
3616	0.0
3617	0.0
3618	0.0
3619	0.0
3620	0.0
3621	0.0
3622	0.0
3623	0.0
3624	0.0
3625	0.0
3626	0.0
3627	0.0
3628	0.0
3629	0.0
3630	0.0
3631	0.0
3632	0.0
3633	0.0
3634	0.0
3635	0.0
3636	0.0
3637	0.0
3638	0.0
3639	0.0
3640	0.0
3641	0.0
3642	0.0
3643	0.0
3644	0.0
3645	0.0
3646	0.0
3647	0.0
3648	0.0
3649	0.0
3650	0.0
3651	0.0
3652	0.0
3653	0.0
3654	0.0
3655	0.0
3656	0.0
3657	0.0
3658	0.0
3659	0.0
3660	0.0
3661	0.0
3662	0.0
3663	0.0
3664	0.0
3665	0.0
3666	0.0
3667	0.0
3668	0.0
3669	0.0
3670	0.0
3671	0.0
3672	0.0
3673	0.0
3674	0.0
3675	0.0
3676	0.0
3677	0.0
3678	0.0
3679	0.0
3680	0.0
3681	0.0
3682	0.0
3683	0.0
3684	0.0
3685	0.0
3686	0.0
3687	0.0
3688	0.0
3689	0.0
3690	0.0
3691	0.0
3692	0.0
3693	0.0
3694	0.0
3695	0.0
3696	0.0
3697	0.0
3698	0.0
3699	0.0
3700	0.0
3701	0.0
3702	0.0
3703	0.0
3704	0.0
3705	0.0
3706	0.0
3707	0.0
3708	0.0
3709	0.0
3710	0.0
3711	0.0
3712	0.0
3713	0.0
3714	0.0
3715	0.0
3716	0.0
3717	0.0
3718	0.0
3719	0.0
3720	0.0
3721	0.0
3722	0.0
3723	0.0
3724	0.0
3725	0.0
3726	0.0
3727	0.0
3728	0.0
3729	0.0
3730	0.0
3731	0.0
3732	0.0
3733	0.0
3734	0.0
3735	0.0
3736	0.0
3737	0.0
3738	0.0
3739	0.0
3740	0.0
3741	0.0
3742	0.0
3743	0.0
3744	0.0
3745	0.0
3746	0.0
3747	0.0
3748	0.0
3749	0.0
3750	0.0
3751	0.0
3752	0.0
3753	0.0
3754	0.0
3755	0.0
3756	0.0
3757	0.0
3758	0.0
3759	0.0
3760	0.0
3761	0.0
3762	0.0
3763	0.0
3764	0.0
3765	0.0
3766	0.0
3767	0.0
3768	0.0
3769	0.0
3770	0.0
3771	0.0
3772	0.0
3773	0.0
3774	0.0
3775	0.0
3776	0.0
3777	0.0
3778	0.0
3779	0.0
3780	0.0
3781	0.0
3782	0.0
3783	0.0
3784	0.0
3785	0.0
3786	0.0
3787	0.0
3788	0.0
3789	0.0
3790	0.0
3791	0.0
3792	0.0
3793	0.0
3794	0.0
3795	0.0
3796	0.0
3797	0.0
3798	0.0
3799	0.0
3800	0.0
3801	0.0
3802	0.0
3803	0.0
3804	0.0
3805	0.0
3806	0.0
3807	0.0
3808	0.0
3809	0.0
3810	0.0
3811	0.0
3812	0.0
3813	0.0
3814	0.0
3815	0.0
3816	0.0
3817	0.0
3818	0.0
3819	0.0
3820	0.0
3821	0.0
3822	0.0
3823	0.0
3824	0.0
3825	0.0
3826	0.0
3827	0.0
3828	0.0
3829	0.0
3830	0.0
3831	0.0
3832	0.0
3833	0.0
3834	0.0
3835	0.0
3836	0.0
3837	0.0
3838	0.0
3839	0.0
3840	0.0
3841	0.0
3842	0.0
3843	0.0
3844	0.0
3845	0.0
3846	0.0
3847	0.0
3848	0.0
3849	0.0
3850	0.0
3851	0.0
3852	0.0
3853	0.0
3854	0.0
3855	0.0
3856	0.0
3857	0.0
3858	0.0
3859	0.0
3860	0.0
3861	0.0
3862	0.0
3863	0.0
3864	0.0
3865	0.0
3866	0.0
3867	0.0
3868	0.0
3869	0.0
3870	0.0
3871	0.0
3872	0.0
3873	0.0
3874	0.0
3875	0.0
3876	0.0
3877	0.0
3878	0.0
3879	0.0
3880	0.0
3881	0.0
3882	0.0
3883	0.0
3884	0.0
3885	0.0
3886	0.0
3887	0.0
3888	0.0
3889	0.0
3890	0.0
3891	0.0
3892	0.0
3893	0.0
3894	0.0
3895	0.0
3896	0.0
3897	0.0
3898	0.0
3899	0.0
3900	0.0
3901	0.0
3902	0.0
3903	0.0
3904	0.0
3905	0.0
3906	0.0
3907	0.0
3908	0.0
3909	0.0
3910	0.0
3911	0.0
3912	0.0
3913	0.0
3914	0.0
3915	0.0
3916	0.0
3917	0.0
3918	0.0
3919	0.0
3920	0.0
3921	0.0
3922	0.0
3923	0.0
3924	0.0
3925	0.0
3926	0.0
3927	0.0
3928	0.0
3929	0.0
3930	0.0
3931	0.0
3932	0.0
3933	0.0
3934	0.0
3935	0.0
3936	0.0
3937	0.0
3938	0.0
3939	0.0
3940	0.0
3941	0.0
3942	0.0
3943	0.0
3944	0.0
3945	0.0
3946	0.0
3947	0.0
3948	0.0
3949	0.0
3950	0.0
3951	0.0
3952	0.0
3953	0.0
3954	0.0
3955	0.0
3956	0.0
3957	0.0
3958	0.0
3959	0.0
3960	0.0
3961	0.0
3962	0.0
3963	0.0
3964	0.0
3965	0.0
3966	0.0
3967	0.0
3968	0.0
3969	0.0
3970	0.0
3971	0.0
3972	0.0
3973	0.0
3974	0.0
3975	0.0
3976	0.0
3977	0.0
3978	0.0
3979	0.0
3980	0.0
3981	0.0
3982	0.0
3983	0.0
3984	0.0
3985	0.0
3986	0.0
3987	0.0
3988	0.0
3989	0.0
3990	0.0
3991	0.0
3992	0.0
3993	0.0
3994	0.0
3995	0.0
3996	0.0
3997	0.0
3998	0.0
3999	0.0
4000	0.0
4001	0.0
4002	0.0
4003	0.0
4004	0.0
4005	0.0
4006	0.0
4007	0.0
4008	0.0
4009	0.0
4010	0.0
4011	0.0
4012	0.0
4013	0.0
4014	0.0
4015	0.0
4016	0.0
4017	0.0
4018	0.0
4019	0.0
4020	0.0
4021	0.0
4022	0.0
4023	0.0
4024	0.0
4025	0.0
4026	0.0
4027	0.0
4028	0.0
4029	0.0
4030	0.0
4031	0.0
4032	0.0
4033	0.0
4034	0.0
4035	0.0
4036	0.0
4037	0.0
4038	0.0
4039	0.0
4040	0.0
4041	0.0
4042	0.0
4043	0.0
4044	0.0
4045	0.0
4046	0.0
4047	0.0
4048	0.0
4049	0.0
4050	0.0
4051	0.0
4052	0.0
4053	0.0
4054	0.0
4055	0.0
4056	0.0
4057	0.0
4058	0.0
4059	0.0
4060	0.0
4061	0.0
4062	0.0
4063	0.0
4064	0.0
4065	0.0
4066	0.0
4067	0.0
4068	0.0
4069	0.0
4070	0.0
4071	0.0
4072	0.0
4073	0.0
4074	0.0
4075	0.0
4076	0.0
4077	0.0
4078	0.0
4079	0.0
4080	0.0
4081	0.0
4082	0.0
4083	0.0
4084	0.0
4085	0.0
4086	0.0
4087	0.0
4088	0.0
4089	0.0
4090	0.0
4091	0.0
4092	0.0
4093	0.0
4094	0.0
4095	0.0
