0		0.000000
1		0.000000
2		0.000000
3		0.000000
4		0.000000
5		0.000000
6		0.000000
7		0.000000
8		0.000000
9		0.000000
10		0.000000
11		0.000000
12		0.000000
13		0.000000
14		0.000000
15		0.000000
16		0.000000
17		0.000000
18		0.000000
19		0.000000
20		0.000000
21		0.000000
22		0.000000
23		0.000000
24		0.000000
25		0.000000
26		0.000000
27		0.000000
28		0.000000
29		0.000000
30		0.000000
31		0.000000
32		0.000000
33		0.000000
34		0.000000
35		0.000000
36		0.000000
37		0.000000
38		0.000000
39		0.000000
40		0.000000
41		0.000000
42		0.000000
43		0.000000
44		0.000000
45		0.000000
46		0.000000
47		0.000000
48		0.000000
49		0.000000
50		0.000000
51		0.000000
52		0.000000
53		0.000000
54		0.000000
55		0.000000
56		0.000000
57		0.000000
58		0.000000
59		0.000000
60		0.000000
61		0.000000
62		0.000000
63		0.000000
64		0.000000
65		0.000000
66		0.000000
67		0.000000
68		0.000000
69		0.000000
70		0.000000
71		0.000000
72		0.000000
73		0.000000
74		0.000000
75		0.000000
76		0.000000
77		0.000000
78		0.000000
79		0.000000
80		0.000000
81		0.000000
82		0.000000
83		0.000000
84		0.000000
85		0.000000
86		0.000000
87		0.000000
88		0.000000
89		0.000000
90		0.000000
91		0.000000
92		0.000000
93		0.000000
94		0.000000
95		0.000000
96		0.000000
97		0.000000
98		0.000000
99		0.000000
100		0.000000
101		0.000000
102		0.000000
103		0.000000
104		0.000000
105		0.000000
106		0.000000
107		0.000000
108		0.000000
109		0.000000
110		0.000000
111		0.000000
112		0.000000
113		0.000000
114		0.000000
115		0.000000
116		0.000000
117		0.000000
118		0.000000
119		0.000000
120		0.000000
121		0.000000
122		0.000000
123		0.000000
124		0.000000
125		0.000000
126		0.000000
127		0.000000
128		0.000000
129		0.000000
130		0.000000
131		0.000000
132		0.000000
133		0.000000
134		0.000000
135		0.000000
136		0.000000
137		0.000000
138		0.000000
139		0.000000
140		0.000000
141		0.000000
142		0.000000
143		0.000000
144		0.000000
145		0.000000
146		0.000000
147		0.000000
148		0.000000
149		0.000000
150		0.000000
151		0.000000
152		0.000000
153		0.000000
154		0.000000
155		0.000000
156		0.000000
157		0.000000
158		0.000000
159		0.000000
160		0.000000
161		0.000000
162		0.000000
163		0.000000
164		0.000000
165		0.000000
166		0.000000
167		0.000000
168		0.000000
169		0.000000
170		0.000000
171		0.000000
172		0.000000
173		0.000000
174		0.000000
175		0.000000
176		0.000000
177		1303.000000
178		1272.000000
179		1274.000000
180		1312.000000
181		1367.000000
182		1491.000000
183		5377.000000
184		9699.000000
185		1800.000000
186		1023.000000
187		992.000000
188		1024.000000
189		1007.000000
190		990.000000
191		1016.000000
192		986.000000
193		978.000000
194		980.000000
195		956.000000
196		941.000000
197		912.000000
198		971.000000
199		942.000000
200		892.000000
201		898.000000
202		865.000000
203		919.000000
204		917.000000
205		837.000000
206		910.000000
207		881.000000
208		853.000000
209		903.000000
210		831.000000
211		780.000000
212		840.000000
213		874.000000
214		831.000000
215		844.000000
216		801.000000
217		786.000000
218		746.000000
219		809.000000
220		813.000000
221		753.000000
222		792.000000
223		758.000000
224		787.000000
225		761.000000
226		788.000000
227		756.000000
228		729.000000
229		773.000000
230		740.000000
231		757.000000
232		743.000000
233		763.000000
234		746.000000
235		734.000000
236		734.000000
237		751.000000
238		749.000000
239		746.000000
240		758.000000
241		748.000000
242		823.000000
243		701.000000
244		753.000000
245		712.000000
246		738.000000
247		688.000000
248		656.000000
249		695.000000
250		668.000000
251		637.000000
252		599.000000
253		626.000000
254		623.000000
255		582.000000
256		592.000000
257		569.000000
258		560.000000
259		546.000000
260		525.000000
261		589.000000
262		571.000000
263		550.000000
264		583.000000
265		558.000000
266		550.000000
267		529.000000
268		501.000000
269		506.000000
270		518.000000
271		549.000000
272		535.000000
273		502.000000
274		506.000000
275		495.000000
276		492.000000
277		531.000000
278		479.000000
279		519.000000
280		508.000000
281		488.000000
282		469.000000
283		462.000000
284		479.000000
285		479.000000
286		477.000000
287		518.000000
288		450.000000
289		537.000000
290		485.000000
291		441.000000
292		486.000000
293		422.000000
294		478.000000
295		511.000000
296		436.000000
297		441.000000
298		462.000000
299		495.000000
300		446.000000
301		437.000000
302		515.000000
303		452.000000
304		450.000000
305		461.000000
306		460.000000
307		441.000000
308		477.000000
309		491.000000
310		497.000000
311		431.000000
312		452.000000
313		474.000000
314		639.000000
315		2492.000000
316		7628.000000
317		4998.000000
318		1071.000000
319		465.000000
320		432.000000
321		407.000000
322		448.000000
323		405.000000
324		394.000000
325		392.000000
326		385.000000
327		392.000000
328		367.000000
329		382.000000
330		340.000000
331		335.000000
332		359.000000
333		321.000000
334		358.000000
335		349.000000
336		339.000000
337		341.000000
338		384.000000
339		361.000000
340		371.000000
341		356.000000
342		347.000000
343		353.000000
344		381.000000
345		372.000000
346		330.000000
347		364.000000
348		347.000000
349		405.000000
350		377.000000
351		362.000000
352		373.000000
353		391.000000
354		377.000000
355		382.000000
356		366.000000
357		358.000000
358		365.000000
359		371.000000
360		354.000000
361		364.000000
362		362.000000
363		328.000000
364		368.000000
365		338.000000
366		345.000000
367		360.000000
368		358.000000
369		371.000000
370		377.000000
371		385.000000
372		354.000000
373		335.000000
374		361.000000
375		388.000000
376		405.000000
377		389.000000
378		420.000000
379		430.000000
380		368.000000
381		390.000000
382		426.000000
383		411.000000
384		379.000000
385		388.000000
386		407.000000
387		380.000000
388		419.000000
389		414.000000
390		444.000000
391		489.000000
392		480.000000
393		396.000000
394		417.000000
395		397.000000
396		418.000000
397		420.000000
398		391.000000
399		456.000000
400		441.000000
401		463.000000
402		448.000000
403		460.000000
404		494.000000
405		488.000000
406		437.000000
407		421.000000
408		424.000000
409		360.000000
410		351.000000
411		336.000000
412		342.000000
413		345.000000
414		345.000000
415		348.000000
416		319.000000
417		327.000000
418		286.000000
419		335.000000
420		339.000000
421		285.000000
422		340.000000
423		336.000000
424		398.000000
425		375.000000
426		299.000000
427		290.000000
428		281.000000
429		285.000000
430		280.000000
431		286.000000
432		253.000000
433		287.000000
434		272.000000
435		276.000000
436		270.000000
437		241.000000
438		280.000000
439		275.000000
440		238.000000
441		245.000000
442		268.000000
443		255.000000
444		257.000000
445		239.000000
446		244.000000
447		240.000000
448		219.000000
449		246.000000
450		227.000000
451		209.000000
452		246.000000
453		197.000000
454		212.000000
455		251.000000
456		243.000000
457		240.000000
458		220.000000
459		202.000000
460		202.000000
461		231.000000
462		215.000000
463		224.000000
464		206.000000
465		210.000000
466		223.000000
467		228.000000
468		215.000000
469		176.000000
470		237.000000
471		182.000000
472		194.000000
473		200.000000
474		222.000000
475		207.000000
476		187.000000
477		199.000000
478		199.000000
479		201.000000
480		192.000000
481		211.000000
482		203.000000
483		205.000000
484		177.000000
485		215.000000
486		230.000000
487		742.000000
488		8618.000000
489		11565.000000
490		1398.000000
491		256.000000
492		229.000000
493		213.000000
494		206.000000
495		210.000000
496		199.000000
497		177.000000
498		155.000000
499		181.000000
500		156.000000
501		118.000000
502		156.000000
503		134.000000
504		127.000000
505		142.000000
506		128.000000
507		137.000000
508		123.000000
509		132.000000
510		146.000000
511		127.000000
512		140.000000
513		126.000000
514		144.000000
515		126.000000
516		125.000000
517		142.000000
518		151.000000
519		148.000000
520		120.000000
521		447.000000
522		1351.000000
523		491.000000
524		128.000000
525		129.000000
526		113.000000
527		125.000000
528		133.000000
529		120.000000
530		138.000000
531		144.000000
532		139.000000
533		102.000000
534		131.000000
535		162.000000
536		244.000000
537		169.000000
538		126.000000
539		115.000000
540		109.000000
541		121.000000
542		110.000000
543		128.000000
544		128.000000
545		209.000000
546		882.000000
547		881.000000
548		184.000000
549		127.000000
550		136.000000
551		118.000000
552		145.000000
553		128.000000
554		121.000000
555		129.000000
556		127.000000
557		129.000000
558		115.000000
559		129.000000
560		123.000000
561		164.000000
562		315.000000
563		618.000000
564		262.000000
565		114.000000
566		101.000000
567		107.000000
568		113.000000
569		95.000000
570		99.000000
571		104.000000
572		102.000000
573		94.000000
574		99.000000
575		101.000000
576		108.000000
577		103.000000
578		123.000000
579		441.000000
580		942.000000
581		342.000000
582		118.000000
583		113.000000
584		96.000000
585		106.000000
586		95.000000
587		117.000000
588		99.000000
589		110.000000
590		104.000000
591		111.000000
592		102.000000
593		93.000000
594		102.000000
595		111.000000
596		90.000000
597		97.000000
598		100.000000
599		89.000000
600		113.000000
601		94.000000
602		103.000000
603		120.000000
604		98.000000
605		102.000000
606		94.000000
607		110.000000
608		110.000000
609		99.000000
610		108.000000
611		90.000000
612		93.000000
613		91.000000
614		91.000000
615		106.000000
616		98.000000
617		105.000000
618		83.000000
619		92.000000
620		89.000000
621		94.000000
622		85.000000
623		107.000000
624		76.000000
625		103.000000
626		81.000000
627		93.000000
628		102.000000
629		86.000000
630		88.000000
631		70.000000
632		109.000000
633		103.000000
634		93.000000
635		94.000000
636		72.000000
637		84.000000
638		87.000000
639		77.000000
640		65.000000
641		96.000000
642		118.000000
643		87.000000
644		85.000000
645		82.000000
646		88.000000
647		80.000000
648		89.000000
649		81.000000
650		86.000000
651		87.000000
652		91.000000
653		86.000000
654		73.000000
655		78.000000
656		90.000000
657		75.000000
658		80.000000
659		89.000000
660		86.000000
661		80.000000
662		77.000000
663		77.000000
664		76.000000
665		76.000000
666		66.000000
667		81.000000
668		82.000000
669		80.000000
670		75.000000
671		67.000000
672		91.000000
673		71.000000
674		77.000000
675		67.000000
676		76.000000
677		80.000000
678		68.000000
679		82.000000
680		70.000000
681		89.000000
682		89.000000
683		74.000000
684		76.000000
685		98.000000
686		67.000000
687		80.000000
688		80.000000
689		71.000000
690		78.000000
691		72.000000
692		84.000000
693		140.000000
694		431.000000
695		735.000000
696		281.000000
697		93.000000
698		89.000000
699		104.000000
700		189.000000
701		95.000000
702		72.000000
703		69.000000
704		76.000000
705		64.000000
706		82.000000
707		66.000000
708		69.000000
709		68.000000
710		79.000000
711		53.000000
712		86.000000
713		70.000000
714		72.000000
715		65.000000
716		71.000000
717		70.000000
718		78.000000
719		77.000000
720		78.000000
721		78.000000
722		73.000000
723		59.000000
724		81.000000
725		72.000000
726		57.000000
727		71.000000
728		68.000000
729		66.000000
730		83.000000
731		77.000000
732		57.000000
733		64.000000
734		81.000000
735		71.000000
736		58.000000
737		75.000000
738		70.000000
739		62.000000
740		70.000000
741		70.000000
742		68.000000
743		68.000000
744		82.000000
745		69.000000
746		48.000000
747		63.000000
748		64.000000
749		70.000000
750		64.000000
751		80.000000
752		117.000000
753		95.000000
754		81.000000
755		65.000000
756		64.000000
757		67.000000
758		71.000000
759		52.000000
760		65.000000
761		78.000000
762		60.000000
763		70.000000
764		61.000000
765		66.000000
766		57.000000
767		68.000000
768		64.000000
769		99.000000
770		70.000000
771		65.000000
772		73.000000
773		79.000000
774		43.000000
775		55.000000
776		68.000000
777		66.000000
778		83.000000
779		69.000000
780		63.000000
781		55.000000
782		56.000000
783		66.000000
784		69.000000
785		69.000000
786		85.000000
787		54.000000
788		72.000000
789		73.000000
790		57.000000
791		53.000000
792		98.000000
793		171.000000
794		108.000000
795		75.000000
796		105.000000
797		102.000000
798		75.000000
799		65.000000
800		66.000000
801		59.000000
802		55.000000
803		51.000000
804		65.000000
805		75.000000
806		58.000000
807		49.000000
808		58.000000
809		69.000000
810		60.000000
811		50.000000
812		65.000000
813		63.000000
814		68.000000
815		58.000000
816		59.000000
817		79.000000
818		77.000000
819		76.000000
820		65.000000
821		68.000000
822		71.000000
823		59.000000
824		60.000000
825		66.000000
826		53.000000
827		69.000000
828		52.000000
829		64.000000
830		62.000000
831		48.000000
832		63.000000
833		65.000000
834		66.000000
835		75.000000
836		76.000000
837		72.000000
838		57.000000
839		75.000000
840		76.000000
841		53.000000
842		80.000000
843		65.000000
844		67.000000
845		48.000000
846		58.000000
847		58.000000
848		59.000000
849		75.000000
850		51.000000
851		67.000000
852		72.000000
853		73.000000
854		64.000000
855		53.000000
856		71.000000
857		66.000000
858		61.000000
859		81.000000
860		72.000000
861		60.000000
862		62.000000
863		61.000000
864		65.000000
865		69.000000
866		70.000000
867		61.000000
868		64.000000
869		71.000000
870		64.000000
871		65.000000
872		63.000000
873		59.000000
874		67.000000
875		81.000000
876		64.000000
877		63.000000
878		61.000000
879		46.000000
880		63.000000
881		66.000000
882		54.000000
883		53.000000
884		58.000000
885		61.000000
886		71.000000
887		64.000000
888		54.000000
889		66.000000
890		61.000000
891		64.000000
892		45.000000
893		62.000000
894		54.000000
895		66.000000
896		48.000000
897		57.000000
898		68.000000
899		56.000000
900		62.000000
901		57.000000
902		70.000000
903		69.000000
904		63.000000
905		57.000000
906		46.000000
907		65.000000
908		55.000000
909		66.000000
910		78.000000
911		110.000000
912		91.000000
913		72.000000
914		54.000000
915		58.000000
916		59.000000
917		40.000000
918		67.000000
919		57.000000
920		62.000000
921		40.000000
922		59.000000
923		58.000000
924		51.000000
925		56.000000
926		47.000000
927		49.000000
928		42.000000
929		55.000000
930		46.000000
931		54.000000
932		50.000000
933		37.000000
934		50.000000
935		43.000000
936		53.000000
937		54.000000
938		50.000000
939		62.000000
940		57.000000
941		49.000000
942		51.000000
943		46.000000
944		55.000000
945		50.000000
946		54.000000
947		53.000000
948		52.000000
949		57.000000
950		49.000000
951		58.000000
952		42.000000
953		57.000000
954		64.000000
955		50.000000
956		64.000000
957		172.000000
958		544.000000
959		597.000000
960		162.000000
961		65.000000
962		52.000000
963		51.000000
964		46.000000
965		36.000000
966		67.000000
967		80.000000
968		130.000000
969		149.000000
970		124.000000
971		72.000000
972		53.000000
973		55.000000
974		51.000000
975		47.000000
976		53.000000
977		52.000000
978		41.000000
979		49.000000
980		51.000000
981		46.000000
982		42.000000
983		55.000000
984		58.000000
985		38.000000
986		45.000000
987		41.000000
988		37.000000
989		60.000000
990		42.000000
991		51.000000
992		61.000000
993		53.000000
994		40.000000
995		47.000000
996		29.000000
997		52.000000
998		50.000000
999		48.000000
1000		52.000000
1001		44.000000
1002		30.000000
1003		39.000000
1004		41.000000
1005		49.000000
1006		34.000000
1007		51.000000
1008		45.000000
1009		48.000000
1010		49.000000
1011		54.000000
1012		51.000000
1013		42.000000
1014		26.000000
1015		53.000000
1016		44.000000
1017		38.000000
1018		52.000000
1019		47.000000
1020		63.000000
1021		85.000000
1022		105.000000
1023		89.000000
1024		100.000000
1025		72.000000
1026		43.000000
1027		46.000000
1028		37.000000
1029		41.000000
1030		37.000000
1031		36.000000
1032		56.000000
1033		38.000000
1034		39.000000
1035		61.000000
1036		33.000000
1037		38.000000
1038		56.000000
1039		61.000000
1040		65.000000
1041		70.000000
1042		92.000000
1043		92.000000
1044		75.000000
1045		54.000000
1046		47.000000
1047		47.000000
1048		37.000000
1049		44.000000
1050		45.000000
1051		45.000000
1052		36.000000
1053		38.000000
1054		46.000000
1055		44.000000
1056		49.000000
1057		53.000000
1058		40.000000
1059		47.000000
1060		59.000000
1061		43.000000
1062		52.000000
1063		53.000000
1064		46.000000
1065		65.000000
1066		67.000000
1067		59.000000
1068		67.000000
1069		61.000000
1070		62.000000
1071		55.000000
1072		77.000000
1073		58.000000
1074		64.000000
1075		42.000000
1076		44.000000
1077		41.000000
1078		55.000000
1079		37.000000
1080		42.000000
1081		40.000000
1082		45.000000
1083		48.000000
1084		26.000000
1085		33.000000
1086		52.000000
1087		42.000000
1088		33.000000
1089		50.000000
1090		64.000000
1091		102.000000
1092		150.000000
1093		128.000000
1094		85.000000
1095		41.000000
1096		36.000000
1097		44.000000
1098		37.000000
1099		35.000000
1100		32.000000
1101		35.000000
1102		43.000000
1103		36.000000
1104		38.000000
1105		31.000000
1106		42.000000
1107		32.000000
1108		33.000000
1109		37.000000
1110		39.000000
1111		27.000000
1112		38.000000
1113		38.000000
1114		44.000000
1115		36.000000
1116		34.000000
1117		45.000000
1118		37.000000
1119		32.000000
1120		36.000000
1121		30.000000
1122		55.000000
1123		33.000000
1124		30.000000
1125		43.000000
1126		44.000000
1127		39.000000
1128		37.000000
1129		68.000000
1130		56.000000
1131		53.000000
1132		38.000000
1133		48.000000
1134		35.000000
1135		42.000000
1136		38.000000
1137		39.000000
1138		44.000000
1139		43.000000
1140		48.000000
1141		48.000000
1142		59.000000
1143		42.000000
1144		38.000000
1145		37.000000
1146		30.000000
1147		42.000000
1148		42.000000
1149		27.000000
1150		37.000000
1151		28.000000
1152		40.000000
1153		36.000000
1154		41.000000
1155		32.000000
1156		34.000000
1157		47.000000
1158		35.000000
1159		45.000000
1160		39.000000
1161		43.000000
1162		41.000000
1163		45.000000
1164		49.000000
1165		45.000000
1166		63.000000
1167		85.000000
1168		55.000000
1169		31.000000
1170		54.000000
1171		48.000000
1172		31.000000
1173		29.000000
1174		43.000000
1175		39.000000
1176		48.000000
1177		30.000000
1178		39.000000
1179		26.000000
1180		41.000000
1181		43.000000
1182		43.000000
1183		32.000000
1184		39.000000
1185		32.000000
1186		43.000000
1187		28.000000
1188		43.000000
1189		32.000000
1190		42.000000
1191		38.000000
1192		43.000000
1193		35.000000
1194		41.000000
1195		39.000000
1196		49.000000
1197		40.000000
1198		33.000000
1199		43.000000
1200		37.000000
1201		41.000000
1202		40.000000
1203		33.000000
1204		36.000000
1205		44.000000
1206		38.000000
1207		48.000000
1208		29.000000
1209		41.000000
1210		37.000000
1211		36.000000
1212		38.000000
1213		47.000000
1214		38.000000
1215		37.000000
1216		34.000000
1217		47.000000
1218		46.000000
1219		55.000000
1220		51.000000
1221		26.000000
1222		44.000000
1223		33.000000
1224		30.000000
1225		29.000000
1226		40.000000
1227		38.000000
1228		50.000000
1229		40.000000
1230		38.000000
1231		41.000000
1232		41.000000
1233		45.000000
1234		27.000000
1235		37.000000
1236		34.000000
1237		41.000000
1238		38.000000
1239		37.000000
1240		34.000000
1241		38.000000
1242		37.000000
1243		42.000000
1244		36.000000
1245		38.000000
1246		52.000000
1247		37.000000
1248		51.000000
1249		46.000000
1250		31.000000
1251		43.000000
1252		41.000000
1253		34.000000
1254		39.000000
1255		34.000000
1256		36.000000
1257		30.000000
1258		37.000000
1259		48.000000
1260		45.000000
1261		35.000000
1262		50.000000
1263		47.000000
1264		30.000000
1265		44.000000
1266		39.000000
1267		33.000000
1268		42.000000
1269		36.000000
1270		42.000000
1271		37.000000
1272		36.000000
1273		38.000000
1274		28.000000
1275		40.000000
1276		31.000000
1277		27.000000
1278		42.000000
1279		43.000000
1280		46.000000
1281		48.000000
1282		33.000000
1283		51.000000
1284		46.000000
1285		49.000000
1286		44.000000
1287		46.000000
1288		45.000000
1289		40.000000
1290		44.000000
1291		39.000000
1292		38.000000
1293		37.000000
1294		38.000000
1295		33.000000
1296		36.000000
1297		38.000000
1298		39.000000
1299		36.000000
1300		23.000000
1301		34.000000
1302		40.000000
1303		39.000000
1304		55.000000
1305		42.000000
1306		38.000000
1307		43.000000
1308		39.000000
1309		49.000000
1310		46.000000
1311		44.000000
1312		71.000000
1313		87.000000
1314		93.000000
1315		67.000000
1316		57.000000
1317		40.000000
1318		42.000000
1319		44.000000
1320		42.000000
1321		49.000000
1322		44.000000
1323		34.000000
1324		42.000000
1325		42.000000
1326		40.000000
1327		40.000000
1328		54.000000
1329		44.000000
1330		49.000000
1331		79.000000
1332		62.000000
1333		54.000000
1334		45.000000
1335		47.000000
1336		49.000000
1337		58.000000
1338		49.000000
1339		45.000000
1340		56.000000
1341		43.000000
1342		52.000000
1343		48.000000
1344		45.000000
1345		45.000000
1346		57.000000
1347		53.000000
1348		59.000000
1349		66.000000
1350		50.000000
1351		51.000000
1352		41.000000
1353		46.000000
1354		38.000000
1355		48.000000
1356		41.000000
1357		52.000000
1358		54.000000
1359		46.000000
1360		33.000000
1361		39.000000
1362		39.000000
1363		45.000000
1364		46.000000
1365		44.000000
1366		38.000000
1367		45.000000
1368		39.000000
1369		46.000000
1370		33.000000
1371		37.000000
1372		53.000000
1373		52.000000
1374		42.000000
1375		39.000000
1376		44.000000
1377		51.000000
1378		49.000000
1379		50.000000
1380		49.000000
1381		38.000000
1382		37.000000
1383		48.000000
1384		50.000000
1385		34.000000
1386		54.000000
1387		57.000000
1388		45.000000
1389		51.000000
1390		50.000000
1391		50.000000
1392		36.000000
1393		53.000000
1394		40.000000
1395		54.000000
1396		50.000000
1397		50.000000
1398		47.000000
1399		44.000000
1400		58.000000
1401		54.000000
1402		47.000000
1403		46.000000
1404		49.000000
1405		53.000000
1406		40.000000
1407		53.000000
1408		57.000000
1409		58.000000
1410		51.000000
1411		48.000000
1412		53.000000
1413		52.000000
1414		63.000000
1415		63.000000
1416		46.000000
1417		39.000000
1418		64.000000
1419		65.000000
1420		56.000000
1421		32.000000
1422		49.000000
1423		55.000000
1424		54.000000
1425		44.000000
1426		62.000000
1427		46.000000
1428		36.000000
1429		53.000000
1430		45.000000
1431		58.000000
1432		54.000000
1433		52.000000
1434		65.000000
1435		63.000000
1436		63.000000
1437		67.000000
1438		55.000000
1439		47.000000
1440		47.000000
1441		54.000000
1442		46.000000
1443		42.000000
1444		51.000000
1445		57.000000
1446		56.000000
1447		50.000000
1448		45.000000
1449		52.000000
1450		55.000000
1451		51.000000
1452		38.000000
1453		63.000000
1454		62.000000
1455		40.000000
1456		54.000000
1457		57.000000
1458		54.000000
1459		42.000000
1460		58.000000
1461		38.000000
1462		45.000000
1463		61.000000
1464		50.000000
1465		40.000000
1466		50.000000
1467		52.000000
1468		53.000000
1469		59.000000
1470		47.000000
1471		51.000000
1472		50.000000
1473		46.000000
1474		68.000000
1475		38.000000
1476		41.000000
1477		48.000000
1478		42.000000
1479		57.000000
1480		57.000000
1481		38.000000
1482		48.000000
1483		41.000000
1484		37.000000
1485		41.000000
1486		44.000000
1487		52.000000
1488		38.000000
1489		49.000000
1490		46.000000
1491		46.000000
1492		40.000000
1493		43.000000
1494		51.000000
1495		47.000000
1496		45.000000
1497		39.000000
1498		37.000000
1499		48.000000
1500		43.000000
1501		54.000000
1502		45.000000
1503		59.000000
1504		52.000000
1505		40.000000
1506		41.000000
1507		61.000000
1508		46.000000
1509		47.000000
1510		60.000000
1511		54.000000
1512		39.000000
1513		49.000000
1514		50.000000
1515		55.000000
1516		45.000000
1517		67.000000
1518		99.000000
1519		137.000000
1520		185.000000
1521		269.000000
1522		178.000000
1523		122.000000
1524		63.000000
1525		49.000000
1526		44.000000
1527		54.000000
1528		67.000000
1529		43.000000
1530		47.000000
1531		51.000000
1532		39.000000
1533		59.000000
1534		51.000000
1535		47.000000
1536		79.000000
1537		87.000000
1538		130.000000
1539		185.000000
1540		115.000000
1541		64.000000
1542		56.000000
1543		54.000000
1544		59.000000
1545		60.000000
1546		54.000000
1547		60.000000
1548		41.000000
1549		38.000000
1550		54.000000
1551		51.000000
1552		60.000000
1553		54.000000
1554		67.000000
1555		66.000000
1556		54.000000
1557		72.000000
1558		49.000000
1559		61.000000
1560		56.000000
1561		59.000000
1562		49.000000
1563		57.000000
1564		53.000000
1565		62.000000
1566		47.000000
1567		54.000000
1568		52.000000
1569		45.000000
1570		46.000000
1571		55.000000
1572		46.000000
1573		63.000000
1574		54.000000
1575		70.000000
1576		54.000000
1577		65.000000
1578		55.000000
1579		56.000000
1580		57.000000
1581		55.000000
1582		50.000000
1583		62.000000
1584		48.000000
1585		60.000000
1586		67.000000
1587		60.000000
1588		41.000000
1589		48.000000
1590		53.000000
1591		53.000000
1592		53.000000
1593		54.000000
1594		63.000000
1595		63.000000
1596		58.000000
1597		56.000000
1598		57.000000
1599		61.000000
1600		52.000000
1601		56.000000
1602		58.000000
1603		65.000000
1604		50.000000
1605		56.000000
1606		59.000000
1607		70.000000
1608		46.000000
1609		63.000000
1610		62.000000
1611		73.000000
1612		91.000000
1613		83.000000
1614		105.000000
1615		78.000000
1616		61.000000
1617		49.000000
1618		52.000000
1619		63.000000
1620		67.000000
1621		73.000000
1622		70.000000
1623		54.000000
1624		62.000000
1625		74.000000
1626		57.000000
1627		62.000000
1628		61.000000
1629		46.000000
1630		80.000000
1631		63.000000
1632		55.000000
1633		76.000000
1634		43.000000
1635		55.000000
1636		54.000000
1637		54.000000
1638		67.000000
1639		54.000000
1640		37.000000
1641		51.000000
1642		56.000000
1643		60.000000
1644		54.000000
1645		50.000000
1646		60.000000
1647		62.000000
1648		49.000000
1649		42.000000
1650		60.000000
1651		59.000000
1652		53.000000
1653		62.000000
1654		56.000000
1655		57.000000
1656		50.000000
1657		66.000000
1658		56.000000
1659		50.000000
1660		54.000000
1661		58.000000
1662		66.000000
1663		81.000000
1664		80.000000
1665		70.000000
1666		46.000000
1667		58.000000
1668		48.000000
1669		58.000000
1670		49.000000
1671		49.000000
1672		42.000000
1673		48.000000
1674		49.000000
1675		45.000000
1676		45.000000
1677		50.000000
1678		53.000000
1679		33.000000
1680		39.000000
1681		42.000000
1682		40.000000
1683		56.000000
1684		48.000000
1685		44.000000
1686		41.000000
1687		40.000000
1688		30.000000
1689		38.000000
1690		43.000000
1691		50.000000
1692		45.000000
1693		48.000000
1694		46.000000
1695		33.000000
1696		40.000000
1697		46.000000
1698		39.000000
1699		46.000000
1700		53.000000
1701		34.000000
1702		37.000000
1703		36.000000
1704		40.000000
1705		46.000000
1706		69.000000
1707		87.000000
1708		120.000000
1709		131.000000
1710		107.000000
1711		112.000000
1712		107.000000
1713		82.000000
1714		63.000000
1715		54.000000
1716		56.000000
1717		48.000000
1718		57.000000
1719		48.000000
1720		69.000000
1721		46.000000
1722		51.000000
1723		74.000000
1724		99.000000
1725		183.000000
1726		333.000000
1727		683.000000
1728		876.000000
1729		544.000000
1730		159.000000
1731		67.000000
1732		67.000000
1733		69.000000
1734		53.000000
1735		67.000000
1736		64.000000
1737		62.000000
1738		48.000000
1739		57.000000
1740		55.000000
1741		56.000000
1742		59.000000
1743		61.000000
1744		65.000000
1745		49.000000
1746		57.000000
1747		61.000000
1748		55.000000
1749		47.000000
1750		49.000000
1751		42.000000
1752		56.000000
1753		48.000000
1754		40.000000
1755		43.000000
1756		48.000000
1757		45.000000
1758		61.000000
1759		48.000000
1760		54.000000
1761		63.000000
1762		58.000000
1763		57.000000
1764		54.000000
1765		55.000000
1766		56.000000
1767		66.000000
1768		47.000000
1769		55.000000
1770		55.000000
1771		60.000000
1772		60.000000
1773		62.000000
1774		58.000000
1775		62.000000
1776		56.000000
1777		57.000000
1778		61.000000
1779		60.000000
1780		71.000000
1781		75.000000
1782		82.000000
1783		71.000000
1784		75.000000
1785		91.000000
1786		64.000000
1787		81.000000
1788		52.000000
1789		55.000000
1790		69.000000
1791		55.000000
1792		52.000000
1793		59.000000
1794		51.000000
1795		73.000000
1796		61.000000
1797		53.000000
1798		59.000000
1799		58.000000
1800		61.000000
1801		61.000000
1802		59.000000
1803		60.000000
1804		56.000000
1805		61.000000
1806		69.000000
1807		72.000000
1808		44.000000
1809		56.000000
1810		58.000000
1811		63.000000
1812		72.000000
1813		59.000000
1814		57.000000
1815		65.000000
1816		65.000000
1817		70.000000
1818		49.000000
1819		71.000000
1820		61.000000
1821		47.000000
1822		50.000000
1823		61.000000
1824		67.000000
1825		49.000000
1826		54.000000
1827		69.000000
1828		60.000000
1829		75.000000
1830		53.000000
1831		58.000000
1832		54.000000
1833		69.000000
1834		61.000000
1835		64.000000
1836		77.000000
1837		77.000000
1838		64.000000
1839		68.000000
1840		54.000000
1841		53.000000
1842		68.000000
1843		56.000000
1844		82.000000
1845		74.000000
1846		80.000000
1847		57.000000
1848		59.000000
1849		66.000000
1850		56.000000
1851		58.000000
1852		62.000000
1853		56.000000
1854		55.000000
1855		60.000000
1856		55.000000
1857		66.000000
1858		62.000000
1859		54.000000
1860		63.000000
1861		67.000000
1862		50.000000
1863		55.000000
1864		45.000000
1865		66.000000
1866		50.000000
1867		60.000000
1868		52.000000
1869		61.000000
1870		52.000000
1871		66.000000
1872		47.000000
1873		60.000000
1874		64.000000
1875		68.000000
1876		63.000000
1877		69.000000
1878		46.000000
1879		61.000000
1880		61.000000
1881		54.000000
1882		59.000000
1883		65.000000
1884		72.000000
1885		68.000000
1886		52.000000
1887		64.000000
1888		51.000000
1889		62.000000
1890		76.000000
1891		49.000000
1892		50.000000
1893		66.000000
1894		54.000000
1895		62.000000
1896		61.000000
1897		55.000000
1898		38.000000
1899		58.000000
1900		74.000000
1901		66.000000
1902		65.000000
1903		68.000000
1904		68.000000
1905		63.000000
1906		59.000000
1907		51.000000
1908		65.000000
1909		62.000000
1910		60.000000
1911		71.000000
1912		92.000000
1913		141.000000
1914		183.000000
1915		264.000000
1916		409.000000
1917		516.000000
1918		484.000000
1919		315.000000
1920		160.000000
1921		101.000000
1922		69.000000
1923		63.000000
1924		69.000000
1925		79.000000
1926		61.000000
1927		82.000000
1928		80.000000
1929		79.000000
1930		74.000000
1931		75.000000
1932		80.000000
1933		87.000000
1934		60.000000
1935		69.000000
1936		69.000000
1937		66.000000
1938		67.000000
1939		76.000000
1940		60.000000
1941		66.000000
1942		74.000000
1943		65.000000
1944		55.000000
1945		68.000000
1946		70.000000
1947		80.000000
1948		80.000000
1949		71.000000
1950		48.000000
1951		78.000000
1952		68.000000
1953		59.000000
1954		70.000000
1955		68.000000
1956		69.000000
1957		57.000000
1958		72.000000
1959		68.000000
1960		58.000000
1961		59.000000
1962		67.000000
1963		82.000000
1964		80.000000
1965		70.000000
1966		89.000000
1967		65.000000
1968		74.000000
1969		63.000000
1970		67.000000
1971		61.000000
1972		57.000000
1973		52.000000
1974		62.000000
1975		71.000000
1976		76.000000
1977		60.000000
1978		77.000000
1979		62.000000
1980		72.000000
1981		77.000000
1982		69.000000
1983		67.000000
1984		65.000000
1985		79.000000
1986		70.000000
1987		87.000000
1988		103.000000
1989		90.000000
1990		117.000000
1991		152.000000
1992		176.000000
1993		145.000000
1994		122.000000
1995		91.000000
1996		86.000000
1997		85.000000
1998		82.000000
1999		105.000000
2000		82.000000
2001		64.000000
2002		78.000000
2003		70.000000
2004		90.000000
2005		80.000000
2006		79.000000
2007		77.000000
2008		79.000000
2009		72.000000
2010		56.000000
2011		82.000000
2012		67.000000
2013		79.000000
2014		79.000000
2015		78.000000
2016		76.000000
2017		103.000000
2018		73.000000
2019		81.000000
2020		86.000000
2021		88.000000
2022		88.000000
2023		86.000000
2024		73.000000
2025		77.000000
2026		64.000000
2027		77.000000
2028		65.000000
2029		66.000000
2030		84.000000
2031		75.000000
2032		62.000000
2033		66.000000
2034		65.000000
2035		71.000000
2036		65.000000
2037		67.000000
2038		79.000000
2039		74.000000
2040		65.000000
2041		67.000000
2042		65.000000
2043		58.000000
2044		57.000000
2045		62.000000
2046		62.000000
2047		55.000000
2048		75.000000
2049		67.000000
2050		69.000000
2051		78.000000
2052		66.000000
2053		62.000000
2054		53.000000
2055		54.000000
2056		62.000000
2057		66.000000
2058		64.000000
2059		62.000000
2060		51.000000
2061		51.000000
2062		67.000000
2063		48.000000
2064		52.000000
2065		65.000000
2066		41.000000
2067		52.000000
2068		70.000000
2069		48.000000
2070		70.000000
2071		48.000000
2072		40.000000
2073		34.000000
2074		43.000000
2075		49.000000
2076		39.000000
2077		34.000000
2078		54.000000
2079		44.000000
2080		46.000000
2081		37.000000
2082		38.000000
2083		40.000000
2084		45.000000
2085		37.000000
2086		46.000000
2087		42.000000
2088		44.000000
2089		39.000000
2090		46.000000
2091		44.000000
2092		42.000000
2093		36.000000
2094		45.000000
2095		41.000000
2096		42.000000
2097		36.000000
2098		43.000000
2099		34.000000
2100		30.000000
2101		37.000000
2102		33.000000
2103		37.000000
2104		32.000000
2105		35.000000
2106		63.000000
2107		44.000000
2108		28.000000
2109		25.000000
2110		38.000000
2111		47.000000
2112		35.000000
2113		45.000000
2114		38.000000
2115		34.000000
2116		47.000000
2117		33.000000
2118		59.000000
2119		86.000000
2120		127.000000
2121		226.000000
2122		433.000000
2123		769.000000
2124		1267.000000
2125		1086.000000
2126		472.000000
2127		141.000000
2128		47.000000
2129		36.000000
2130		51.000000
2131		38.000000
2132		37.000000
2133		32.000000
2134		28.000000
2135		30.000000
2136		28.000000
2137		34.000000
2138		31.000000
2139		45.000000
2140		42.000000
2141		33.000000
2142		29.000000
2143		27.000000
2144		31.000000
2145		27.000000
2146		18.000000
2147		32.000000
2148		28.000000
2149		24.000000
2150		28.000000
2151		23.000000
2152		24.000000
2153		20.000000
2154		17.000000
2155		27.000000
2156		17.000000
2157		25.000000
2158		20.000000
2159		29.000000
2160		15.000000
2161		31.000000
2162		27.000000
2163		27.000000
2164		35.000000
2165		43.000000
2166		26.000000
2167		16.000000
2168		18.000000
2169		19.000000
2170		24.000000
2171		24.000000
2172		29.000000
2173		12.000000
2174		31.000000
2175		29.000000
2176		21.000000
2177		26.000000
2178		24.000000
2179		18.000000
2180		16.000000
2181		19.000000
2182		22.000000
2183		26.000000
2184		25.000000
2185		23.000000
2186		22.000000
2187		21.000000
2188		30.000000
2189		19.000000
2190		23.000000
2191		26.000000
2192		32.000000
2193		38.000000
2194		49.000000
2195		79.000000
2196		97.000000
2197		138.000000
2198		204.000000
2199		227.000000
2200		147.000000
2201		67.000000
2202		40.000000
2203		23.000000
2204		18.000000
2205		22.000000
2206		23.000000
2207		18.000000
2208		32.000000
2209		21.000000
2210		26.000000
2211		17.000000
2212		18.000000
2213		24.000000
2214		21.000000
2215		13.000000
2216		16.000000
2217		21.000000
2218		25.000000
2219		16.000000
2220		20.000000
2221		20.000000
2222		23.000000
2223		28.000000
2224		18.000000
2225		23.000000
2226		17.000000
2227		20.000000
2228		18.000000
2229		17.000000
2230		21.000000
2231		23.000000
2232		19.000000
2233		18.000000
2234		9.000000
2235		18.000000
2236		17.000000
2237		13.000000
2238		16.000000
2239		16.000000
2240		14.000000
2241		15.000000
2242		22.000000
2243		19.000000
2244		16.000000
2245		12.000000
2246		13.000000
2247		10.000000
2248		10.000000
2249		20.000000
2250		14.000000
2251		6.000000
2252		15.000000
2253		18.000000
2254		13.000000
2255		14.000000
2256		14.000000
2257		10.000000
2258		13.000000
2259		14.000000
2260		18.000000
2261		13.000000
2262		10.000000
2263		17.000000
2264		13.000000
2265		15.000000
2266		12.000000
2267		8.000000
2268		14.000000
2269		14.000000
2270		10.000000
2271		14.000000
2272		16.000000
2273		8.000000
2274		17.000000
2275		19.000000
2276		12.000000
2277		13.000000
2278		14.000000
2279		13.000000
2280		20.000000
2281		17.000000
2282		14.000000
2283		19.000000
2284		13.000000
2285		18.000000
2286		16.000000
2287		17.000000
2288		14.000000
2289		13.000000
2290		18.000000
2291		25.000000
2292		18.000000
2293		26.000000
2294		42.000000
2295		34.000000
2296		29.000000
2297		35.000000
2298		27.000000
2299		17.000000
2300		14.000000
2301		10.000000
2302		12.000000
2303		20.000000
2304		18.000000
2305		18.000000
2306		17.000000
2307		13.000000
2308		14.000000
2309		13.000000
2310		15.000000
2311		13.000000
2312		19.000000
2313		15.000000
2314		12.000000
2315		14.000000
2316		19.000000
2317		11.000000
2318		12.000000
2319		15.000000
2320		7.000000
2321		16.000000
2322		12.000000
2323		13.000000
2324		17.000000
2325		6.000000
2326		10.000000
2327		9.000000
2328		13.000000
2329		12.000000
2330		10.000000
2331		22.000000
2332		17.000000
2333		11.000000
2334		15.000000
2335		16.000000
2336		8.000000
2337		9.000000
2338		11.000000
2339		14.000000
2340		13.000000
2341		9.000000
2342		9.000000
2343		8.000000
2344		5.000000
2345		19.000000
2346		7.000000
2347		11.000000
2348		12.000000
2349		12.000000
2350		10.000000
2351		11.000000
2352		10.000000
2353		13.000000
2354		10.000000
2355		7.000000
2356		15.000000
2357		9.000000
2358		7.000000
2359		24.000000
2360		11.000000
2361		9.000000
2362		9.000000
2363		12.000000
2364		13.000000
2365		8.000000
2366		19.000000
2367		16.000000
2368		15.000000
2369		19.000000
2370		23.000000
2371		22.000000
2372		25.000000
2373		20.000000
2374		14.000000
2375		14.000000
2376		7.000000
2377		9.000000
2378		18.000000
2379		10.000000
2380		20.000000
2381		21.000000
2382		17.000000
2383		14.000000
2384		16.000000
2385		16.000000
2386		13.000000
2387		9.000000
2388		12.000000
2389		6.000000
2390		10.000000
2391		11.000000
2392		6.000000
2393		8.000000
2394		15.000000
2395		8.000000
2396		10.000000
2397		11.000000
2398		11.000000
2399		9.000000
2400		9.000000
2401		15.000000
2402		17.000000
2403		10.000000
2404		10.000000
2405		11.000000
2406		11.000000
2407		12.000000
2408		14.000000
2409		14.000000
2410		12.000000
2411		8.000000
2412		11.000000
2413		8.000000
2414		5.000000
2415		15.000000
2416		6.000000
2417		14.000000
2418		14.000000
2419		13.000000
2420		8.000000
2421		6.000000
2422		11.000000
2423		8.000000
2424		7.000000
2425		10.000000
2426		10.000000
2427		12.000000
2428		5.000000
2429		11.000000
2430		11.000000
2431		7.000000
2432		7.000000
2433		7.000000
2434		10.000000
2435		10.000000
2436		8.000000
2437		7.000000
2438		7.000000
2439		10.000000
2440		7.000000
2441		8.000000
2442		6.000000
2443		11.000000
2444		9.000000
2445		10.000000
2446		10.000000
2447		13.000000
2448		9.000000
2449		7.000000
2450		12.000000
2451		4.000000
2452		5.000000
2453		3.000000
2454		9.000000
2455		9.000000
2456		6.000000
2457		4.000000
2458		8.000000
2459		5.000000
2460		6.000000
2461		8.000000
2462		6.000000
2463		3.000000
2464		4.000000
2465		6.000000
2466		12.000000
2467		3.000000
2468		3.000000
2469		8.000000
2470		5.000000
2471		4.000000
2472		7.000000
2473		6.000000
2474		9.000000
2475		4.000000
2476		4.000000
2477		3.000000
2478		1.000000
2479		7.000000
2480		3.000000
2481		7.000000
2482		4.000000
2483		3.000000
2484		5.000000
2485		4.000000
2486		4.000000
2487		3.000000
2488		5.000000
2489		8.000000
2490		5.000000
2491		9.000000
2492		6.000000
2493		8.000000
2494		7.000000
2495		5.000000
2496		4.000000
2497		5.000000
2498		4.000000
2499		18.000000
2500		19.000000
2501		34.000000
2502		62.000000
2503		56.000000
2504		64.000000
2505		19.000000
2506		13.000000
2507		5.000000
2508		1.000000
2509		4.000000
2510		3.000000
2511		4.000000
2512		2.000000
2513		1.000000
2514		2.000000
2515		5.000000
2516		5.000000
2517		4.000000
2518		0.000000
2519		1.000000
2520		5.000000
2521		1.000000
2522		4.000000
2523		1.000000
2524		2.000000
2525		2.000000
2526		1.000000
2527		3.000000
2528		4.000000
2529		1.000000
2530		3.000000
2531		2.000000
2532		1.000000
2533		1.000000
2534		2.000000
2535		5.000000
2536		2.000000
2537		4.000000
2538		0.000000
2539		3.000000
2540		1.000000
2541		2.000000
2542		0.000000
2543		1.000000
2544		1.000000
2545		2.000000
2546		0.000000
2547		1.000000
2548		3.000000
2549		1.000000
2550		1.000000
2551		1.000000
2552		1.000000
2553		1.000000
2554		1.000000
2555		1.000000
2556		3.000000
2557		1.000000
2558		4.000000
2559		1.000000
2560		2.000000
2561		1.000000
2562		2.000000
2563		1.000000
2564		4.000000
2565		2.000000
2566		3.000000
2567		1.000000
2568		0.000000
2569		3.000000
2570		1.000000
2571		4.000000
2572		1.000000
2573		5.000000
2574		8.000000
2575		17.000000
2576		25.000000
2577		27.000000
2578		23.000000
2579		22.000000
2580		15.000000
2581		5.000000
2582		6.000000
2583		4.000000
2584		4.000000
2585		8.000000
2586		5.000000
2587		14.000000
2588		18.000000
2589		16.000000
2590		6.000000
2591		4.000000
2592		3.000000
2593		0.000000
2594		0.000000
2595		0.000000
2596		1.000000
2597		1.000000
2598		0.000000
2599		0.000000
2600		1.000000
2601		0.000000
2602		0.000000
2603		0.000000
2604		1.000000
2605		1.000000
2606		2.000000
2607		0.000000
2608		0.000000
2609		1.000000
2610		0.000000
2611		0.000000
2612		0.000000
2613		0.000000
2614		0.000000
2615		1.000000
2616		1.000000
2617		2.000000
2618		1.000000
2619		0.000000
2620		1.000000
2621		0.000000
2622		0.000000
2623		1.000000
2624		1.000000
2625		0.000000
2626		0.000000
2627		1.000000
2628		2.000000
2629		1.000000
2630		0.000000
2631		0.000000
2632		1.000000
2633		0.000000
2634		1.000000
2635		2.000000
2636		0.000000
2637		0.000000
2638		0.000000
2639		1.000000
2640		1.000000
2641		0.000000
2642		1.000000
2643		0.000000
2644		1.000000
2645		0.000000
2646		0.000000
2647		1.000000
2648		1.000000
2649		0.000000
2650		0.000000
2651		0.000000
2652		0.000000
2653		0.000000
2654		0.000000
2655		1.000000
2656		0.000000
2657		0.000000
2658		1.000000
2659		1.000000
2660		0.000000
2661		1.000000
2662		0.000000
2663		0.000000
2664		0.000000
2665		1.000000
2666		0.000000
2667		0.000000
2668		2.000000
2669		1.000000
2670		0.000000
2671		0.000000
2672		0.000000
2673		0.000000
2674		0.000000
2675		1.000000
2676		0.000000
2677		0.000000
2678		0.000000
2679		1.000000
2680		0.000000
2681		2.000000
2682		0.000000
2683		0.000000
2684		2.000000
2685		2.000000
2686		0.000000
2687		1.000000
2688		1.000000
2689		1.000000
2690		0.000000
2691		1.000000
2692		0.000000
2693		1.000000
2694		0.000000
2695		0.000000
2696		1.000000
2697		1.000000
2698		0.000000
2699		0.000000
2700		0.000000
2701		1.000000
2702		0.000000
2703		2.000000
2704		0.000000
2705		1.000000
2706		0.000000
2707		0.000000
2708		0.000000
2709		2.000000
2710		1.000000
2711		0.000000
2712		1.000000
2713		0.000000
2714		0.000000
2715		1.000000
2716		0.000000
2717		0.000000
2718		1.000000
2719		0.000000
2720		0.000000
2721		0.000000
2722		0.000000
2723		0.000000
2724		0.000000
2725		0.000000
2726		0.000000
2727		0.000000
2728		0.000000
2729		0.000000
2730		1.000000
2731		1.000000
2732		1.000000
2733		0.000000
2734		0.000000
2735		0.000000
2736		1.000000
2737		1.000000
2738		0.000000
2739		0.000000
2740		1.000000
2741		0.000000
2742		0.000000
2743		0.000000
2744		1.000000
2745		0.000000
2746		1.000000
2747		0.000000
2748		1.000000
2749		1.000000
2750		0.000000
2751		1.000000
2752		0.000000
2753		0.000000
2754		3.000000
2755		0.000000
2756		0.000000
2757		1.000000
2758		0.000000
2759		0.000000
2760		0.000000
2761		3.000000
2762		1.000000
2763		0.000000
2764		3.000000
2765		0.000000
2766		1.000000
2767		0.000000
2768		1.000000
2769		0.000000
2770		1.000000
2771		0.000000
2772		1.000000
2773		1.000000
2774		0.000000
2775		0.000000
2776		0.000000
2777		0.000000
2778		0.000000
2779		1.000000
2780		2.000000
2781		1.000000
2782		0.000000
2783		0.000000
2784		0.000000
2785		1.000000
2786		0.000000
2787		0.000000
2788		1.000000
2789		1.000000
2790		4.000000
2791		1.000000
2792		0.000000
2793		0.000000
2794		1.000000
2795		0.000000
2796		1.000000
2797		0.000000
2798		0.000000
2799		0.000000
2800		1.000000
2801		0.000000
2802		0.000000
2803		0.000000
2804		1.000000
2805		1.000000
2806		1.000000
2807		0.000000
2808		1.000000
2809		0.000000
2810		0.000000
2811		0.000000
2812		0.000000
2813		0.000000
2814		0.000000
2815		0.000000
2816		0.000000
2817		0.000000
2818		1.000000
2819		0.000000
2820		1.000000
2821		0.000000
2822		1.000000
2823		0.000000
2824		0.000000
2825		0.000000
2826		1.000000
2827		1.000000
2828		1.000000
2829		1.000000
2830		0.000000
2831		0.000000
2832		1.000000
2833		0.000000
2834		0.000000
2835		2.000000
2836		0.000000
2837		0.000000
2838		0.000000
2839		2.000000
2840		0.000000
2841		1.000000
2842		0.000000
2843		0.000000
2844		1.000000
2845		0.000000
2846		2.000000
2847		0.000000
2848		0.000000
2849		2.000000
2850		0.000000
2851		2.000000
2852		0.000000
2853		0.000000
2854		1.000000
2855		0.000000
2856		0.000000
2857		1.000000
2858		0.000000
2859		0.000000
2860		0.000000
2861		0.000000
2862		2.000000
2863		1.000000
2864		0.000000
2865		0.000000
2866		0.000000
2867		1.000000
2868		1.000000
2869		0.000000
2870		1.000000
2871		0.000000
2872		1.000000
2873		2.000000
2874		0.000000
2875		0.000000
2876		1.000000
2877		0.000000
2878		0.000000
2879		0.000000
2880		0.000000
2881		0.000000
2882		0.000000
2883		1.000000
2884		1.000000
2885		1.000000
2886		0.000000
2887		0.000000
2888		1.000000
2889		3.000000
2890		0.000000
2891		0.000000
2892		1.000000
2893		3.000000
2894		0.000000
2895		1.000000
2896		0.000000
2897		0.000000
2898		0.000000
2899		0.000000
2900		0.000000
2901		2.000000
2902		1.000000
2903		1.000000
2904		1.000000
2905		0.000000
2906		1.000000
2907		0.000000
2908		0.000000
2909		1.000000
2910		0.000000
2911		0.000000
2912		0.000000
2913		0.000000
2914		1.000000
2915		0.000000
2916		0.000000
2917		0.000000
2918		3.000000
2919		2.000000
2920		0.000000
2921		0.000000
2922		0.000000
2923		1.000000
2924		1.000000
2925		0.000000
2926		0.000000
2927		0.000000
2928		0.000000
2929		0.000000
2930		1.000000
2931		0.000000
2932		1.000000
2933		0.000000
2934		2.000000
2935		0.000000
2936		0.000000
2937		0.000000
2938		0.000000
2939		0.000000
2940		1.000000
2941		1.000000
2942		0.000000
2943		1.000000
2944		1.000000
2945		1.000000
2946		1.000000
2947		1.000000
2948		2.000000
2949		1.000000
2950		1.000000
2951		2.000000
2952		2.000000
2953		2.000000
2954		1.000000
2955		0.000000
2956		4.000000
2957		3.000000
2958		0.000000
2959		1.000000
2960		1.000000
2961		2.000000
2962		0.000000
2963		0.000000
2964		2.000000
2965		0.000000
2966		0.000000
2967		1.000000
2968		2.000000
2969		0.000000
2970		0.000000
2971		0.000000
2972		0.000000
2973		0.000000
2974		1.000000
2975		1.000000
2976		0.000000
2977		0.000000
2978		1.000000
2979		0.000000
2980		0.000000
2981		0.000000
2982		0.000000
2983		1.000000
2984		0.000000
2985		1.000000
2986		0.000000
2987		0.000000
2988		3.000000
2989		0.000000
2990		0.000000
2991		0.000000
2992		0.000000
2993		0.000000
2994		1.000000
2995		0.000000
2996		0.000000
2997		1.000000
2998		1.000000
2999		0.000000
3000		0.000000
3001		0.000000
3002		0.000000
3003		1.000000
3004		1.000000
3005		1.000000
3006		0.000000
3007		2.000000
3008		2.000000
3009		0.000000
3010		0.000000
3011		1.000000
3012		0.000000
3013		0.000000
3014		1.000000
3015		1.000000
3016		0.000000
3017		1.000000
3018		1.000000
3019		1.000000
3020		1.000000
3021		0.000000
3022		0.000000
3023		2.000000
3024		3.000000
3025		0.000000
3026		3.000000
3027		1.000000
3028		1.000000
3029		2.000000
3030		2.000000
3031		0.000000
3032		0.000000
3033		2.000000
3034		0.000000
3035		2.000000
3036		0.000000
3037		1.000000
3038		0.000000
3039		2.000000
3040		0.000000
3041		0.000000
3042		4.000000
3043		0.000000
3044		0.000000
3045		1.000000
3046		0.000000
3047		0.000000
3048		1.000000
3049		0.000000
3050		2.000000
3051		1.000000
3052		0.000000
3053		0.000000
3054		2.000000
3055		0.000000
3056		2.000000
3057		1.000000
3058		0.000000
3059		1.000000
3060		1.000000
3061		2.000000
3062		0.000000
3063		0.000000
3064		1.000000
3065		0.000000
3066		3.000000
3067		1.000000
3068		1.000000
3069		1.000000
3070		1.000000
3071		1.000000
3072		0.000000
3073		2.000000
3074		0.000000
3075		0.000000
3076		2.000000
3077		1.000000
3078		1.000000
3079		0.000000
3080		1.000000
3081		0.000000
3082		1.000000
3083		2.000000
3084		0.000000
3085		0.000000
3086		0.000000
3087		2.000000
3088		0.000000
3089		0.000000
3090		0.000000
3091		1.000000
3092		0.000000
3093		1.000000
3094		0.000000
3095		0.000000
3096		2.000000
3097		0.000000
3098		0.000000
3099		1.000000
3100		0.000000
3101		2.000000
3102		0.000000
3103		0.000000
3104		0.000000
3105		1.000000
3106		1.000000
3107		0.000000
3108		0.000000
3109		0.000000
3110		0.000000
3111		1.000000
3112		0.000000
3113		1.000000
3114		0.000000
3115		1.000000
3116		1.000000
3117		0.000000
3118		0.000000
3119		1.000000
3120		1.000000
3121		1.000000
3122		1.000000
3123		0.000000
3124		0.000000
3125		1.000000
3126		3.000000
3127		1.000000
3128		1.000000
3129		0.000000
3130		0.000000
3131		1.000000
3132		0.000000
3133		4.000000
3134		1.000000
3135		1.000000
3136		0.000000
3137		1.000000
3138		1.000000
3139		2.000000
3140		1.000000
3141		1.000000
3142		1.000000
3143		1.000000
3144		2.000000
3145		3.000000
3146		0.000000
3147		1.000000
3148		1.000000
3149		0.000000
3150		2.000000
3151		2.000000
3152		2.000000
3153		0.000000
3154		2.000000
3155		1.000000
3156		1.000000
3157		4.000000
3158		2.000000
3159		6.000000
3160		4.000000
3161		7.000000
3162		4.000000
3163		3.000000
3164		1.000000
3165		1.000000
3166		0.000000
3167		1.000000
3168		3.000000
3169		1.000000
3170		1.000000
3171		2.000000
3172		1.000000
3173		1.000000
3174		1.000000
3175		1.000000
3176		0.000000
3177		1.000000
3178		2.000000
3179		1.000000
3180		0.000000
3181		2.000000
3182		1.000000
3183		1.000000
3184		0.000000
3185		0.000000
3186		1.000000
3187		2.000000
3188		1.000000
3189		1.000000
3190		1.000000
3191		0.000000
3192		1.000000
3193		1.000000
3194		1.000000
3195		1.000000
3196		0.000000
3197		1.000000
3198		0.000000
3199		1.000000
3200		1.000000
3201		0.000000
3202		0.000000
3203		1.000000
3204		2.000000
3205		1.000000
3206		2.000000
3207		0.000000
3208		0.000000
3209		1.000000
3210		0.000000
3211		1.000000
3212		0.000000
3213		0.000000
3214		0.000000
3215		1.000000
3216		0.000000
3217		1.000000
3218		2.000000
3219		0.000000
3220		0.000000
3221		0.000000
3222		0.000000
3223		0.000000
3224		0.000000
3225		0.000000
3226		1.000000
3227		0.000000
3228		0.000000
3229		0.000000
3230		1.000000
3231		1.000000
3232		1.000000
3233		0.000000
3234		1.000000
3235		0.000000
3236		0.000000
3237		2.000000
3238		0.000000
3239		1.000000
3240		1.000000
3241		0.000000
3242		0.000000
3243		1.000000
3244		0.000000
3245		0.000000
3246		0.000000
3247		2.000000
3248		1.000000
3249		1.000000
3250		0.000000
3251		2.000000
3252		1.000000
3253		0.000000
3254		0.000000
3255		1.000000
3256		0.000000
3257		3.000000
3258		1.000000
3259		1.000000
3260		0.000000
3261		0.000000
3262		2.000000
3263		0.000000
3264		1.000000
3265		0.000000
3266		2.000000
3267		1.000000
3268		1.000000
3269		0.000000
3270		0.000000
3271		1.000000
3272		2.000000
3273		1.000000
3274		0.000000
3275		0.000000
3276		2.000000
3277		0.000000
3278		1.000000
3279		0.000000
3280		2.000000
3281		0.000000
3282		1.000000
3283		0.000000
3284		1.000000
3285		1.000000
3286		2.000000
3287		0.000000
3288		0.000000
3289		0.000000
3290		0.000000
3291		0.000000
3292		1.000000
3293		0.000000
3294		1.000000
3295		0.000000
3296		0.000000
3297		0.000000
3298		0.000000
3299		0.000000
3300		2.000000
3301		0.000000
3302		0.000000
3303		1.000000
3304		1.000000
3305		2.000000
3306		1.000000
3307		1.000000
3308		0.000000
3309		0.000000
3310		0.000000
3311		0.000000
3312		0.000000
3313		1.000000
3314		0.000000
3315		0.000000
3316		2.000000
3317		0.000000
3318		0.000000
3319		0.000000
3320		0.000000
3321		0.000000
3322		0.000000
3323		1.000000
3324		1.000000
3325		2.000000
3326		0.000000
3327		0.000000
3328		0.000000
3329		0.000000
3330		0.000000
3331		0.000000
3332		0.000000
3333		0.000000
3334		0.000000
3335		0.000000
3336		0.000000
3337		0.000000
3338		0.000000
3339		0.000000
3340		1.000000
3341		0.000000
3342		0.000000
3343		0.000000
3344		0.000000
3345		1.000000
3346		0.000000
3347		0.000000
3348		1.000000
3349		0.000000
3350		0.000000
3351		1.000000
3352		0.000000
3353		0.000000
3354		1.000000
3355		0.000000
3356		1.000000
3357		1.000000
3358		1.000000
3359		1.000000
3360		0.000000
3361		0.000000
3362		0.000000
3363		0.000000
3364		1.000000
3365		3.000000
3366		1.000000
3367		4.000000
3368		10.000000
3369		2.000000
3370		1.000000
3371		1.000000
3372		0.000000
3373		1.000000
3374		0.000000
3375		0.000000
3376		0.000000
3377		0.000000
3378		1.000000
3379		0.000000
3380		0.000000
3381		0.000000
3382		0.000000
3383		0.000000
3384		1.000000
3385		0.000000
3386		0.000000
3387		0.000000
3388		0.000000
3389		0.000000
3390		0.000000
3391		1.000000
3392		1.000000
3393		0.000000
3394		0.000000
3395		0.000000
3396		0.000000
3397		0.000000
3398		0.000000
3399		0.000000
3400		0.000000
3401		0.000000
3402		0.000000
3403		0.000000
3404		0.000000
3405		0.000000
3406		0.000000
3407		0.000000
3408		0.000000
3409		0.000000
3410		0.000000
3411		0.000000
3412		0.000000
3413		0.000000
3414		1.000000
3415		0.000000
3416		1.000000
3417		0.000000
3418		0.000000
3419		0.000000
3420		0.000000
3421		0.000000
3422		0.000000
3423		0.000000
3424		0.000000
3425		1.000000
3426		0.000000
3427		1.000000
3428		0.000000
3429		0.000000
3430		0.000000
3431		0.000000
3432		1.000000
3433		0.000000
3434		0.000000
3435		0.000000
3436		1.000000
3437		0.000000
3438		0.000000
3439		0.000000
3440		1.000000
3441		0.000000
3442		1.000000
3443		0.000000
3444		0.000000
3445		0.000000
3446		0.000000
3447		0.000000
3448		0.000000
3449		0.000000
3450		0.000000
3451		0.000000
3452		0.000000
3453		0.000000
3454		1.000000
3455		1.000000
3456		0.000000
3457		1.000000
3458		1.000000
3459		0.000000
3460		0.000000
3461		0.000000
3462		0.000000
3463		0.000000
3464		1.000000
3465		0.000000
3466		0.000000
3467		0.000000
3468		1.000000
3469		0.000000
3470		0.000000
3471		0.000000
3472		0.000000
3473		0.000000
3474		0.000000
3475		0.000000
3476		0.000000
3477		0.000000
3478		0.000000
3479		0.000000
3480		0.000000
3481		0.000000
3482		0.000000
3483		0.000000
3484		0.000000
3485		0.000000
3486		0.000000
3487		0.000000
3488		0.000000
3489		0.000000
3490		0.000000
3491		0.000000
3492		0.000000
3493		0.000000
3494		0.000000
3495		1.000000
3496		1.000000
3497		0.000000
3498		0.000000
3499		0.000000
3500		0.000000
3501		0.000000
3502		0.000000
3503		1.000000
3504		0.000000
3505		1.000000
3506		0.000000
3507		0.000000
3508		0.000000
3509		0.000000
3510		0.000000
3511		1.000000
3512		0.000000
3513		0.000000
3514		0.000000
3515		0.000000
3516		0.000000
3517		0.000000
3518		0.000000
3519		0.000000
3520		0.000000
3521		0.000000
3522		0.000000
3523		0.000000
3524		1.000000
3525		0.000000
3526		0.000000
3527		0.000000
3528		1.000000
3529		0.000000
3530		0.000000
3531		0.000000
3532		0.000000
3533		0.000000
3534		0.000000
3535		0.000000
3536		0.000000
3537		0.000000
3538		0.000000
3539		0.000000
3540		0.000000
3541		0.000000
3542		0.000000
3543		0.000000
3544		0.000000
3545		0.000000
3546		0.000000
3547		0.000000
3548		0.000000
3549		0.000000
3550		0.000000
3551		0.000000
3552		1.000000
3553		0.000000
3554		0.000000
3555		0.000000
3556		0.000000
3557		0.000000
3558		0.000000
3559		0.000000
3560		0.000000
3561		0.000000
3562		0.000000
3563		0.000000
3564		0.000000
3565		0.000000
3566		0.000000
3567		0.000000
3568		0.000000
3569		0.000000
3570		0.000000
3571		1.000000
3572		0.000000
3573		0.000000
3574		0.000000
3575		0.000000
3576		0.000000
3577		1.000000
3578		0.000000
3579		0.000000
3580		0.000000
3581		0.000000
3582		0.000000
3583		0.000000
3584		0.000000
3585		0.000000
3586		0.000000
3587		0.000000
3588		0.000000
3589		0.000000
3590		0.000000
3591		0.000000
3592		0.000000
3593		1.000000
3594		0.000000
3595		0.000000
3596		0.000000
3597		0.000000
3598		0.000000
3599		0.000000
3600		0.000000
3601		0.000000
3602		0.000000
3603		0.000000
3604		0.000000
3605		0.000000
3606		0.000000
3607		0.000000
3608		0.000000
3609		0.000000
3610		0.000000
3611		0.000000
3612		0.000000
3613		0.000000
3614		0.000000
3615		0.000000
3616		1.000000
3617		0.000000
3618		0.000000
3619		0.000000
3620		0.000000
3621		0.000000
3622		0.000000
3623		0.000000
3624		0.000000
3625		0.000000
3626		0.000000
3627		0.000000
3628		1.000000
3629		0.000000
3630		0.000000
3631		0.000000
3632		0.000000
3633		1.000000
3634		0.000000
3635		0.000000
3636		0.000000
3637		0.000000
3638		0.000000
3639		0.000000
3640		0.000000
3641		0.000000
3642		0.000000
3643		0.000000
3644		0.000000
3645		0.000000
3646		0.000000
3647		0.000000
3648		0.000000
3649		0.000000
3650		0.000000
3651		1.000000
3652		0.000000
3653		0.000000
3654		0.000000
3655		0.000000
3656		0.000000
3657		0.000000
3658		0.000000
3659		0.000000
3660		0.000000
3661		0.000000
3662		0.000000
3663		0.000000
3664		0.000000
3665		0.000000
3666		0.000000
3667		0.000000
3668		0.000000
3669		0.000000
3670		0.000000
3671		0.000000
3672		0.000000
3673		0.000000
3674		0.000000
3675		0.000000
3676		0.000000
3677		0.000000
3678		0.000000
3679		0.000000
3680		0.000000
3681		1.000000
3682		0.000000
3683		0.000000
3684		1.000000
3685		0.000000
3686		0.000000
3687		0.000000
3688		0.000000
3689		0.000000
3690		0.000000
3691		1.000000
3692		0.000000
3693		0.000000
3694		0.000000
3695		0.000000
3696		1.000000
3697		0.000000
3698		0.000000
3699		0.000000
3700		0.000000
3701		0.000000
3702		0.000000
3703		2.000000
3704		0.000000
3705		0.000000
3706		0.000000
3707		0.000000
3708		0.000000
3709		0.000000
3710		0.000000
3711		0.000000
3712		0.000000
3713		0.000000
3714		0.000000
3715		0.000000
3716		0.000000
3717		0.000000
3718		0.000000
3719		0.000000
3720		0.000000
3721		0.000000
3722		0.000000
3723		0.000000
3724		0.000000
3725		0.000000
3726		0.000000
3727		0.000000
3728		0.000000
3729		0.000000
3730		0.000000
3731		0.000000
3732		0.000000
3733		0.000000
3734		0.000000
3735		0.000000
3736		1.000000
3737		0.000000
3738		0.000000
3739		0.000000
3740		0.000000
3741		0.000000
3742		0.000000
3743		0.000000
3744		0.000000
3745		0.000000
3746		0.000000
3747		0.000000
3748		0.000000
3749		0.000000
3750		0.000000
3751		0.000000
3752		0.000000
3753		0.000000
3754		0.000000
3755		0.000000
3756		0.000000
3757		0.000000
3758		0.000000
3759		0.000000
3760		0.000000
3761		1.000000
3762		0.000000
3763		0.000000
3764		0.000000
3765		1.000000
3766		0.000000
3767		0.000000
3768		0.000000
3769		0.000000
3770		0.000000
3771		0.000000
3772		0.000000
3773		0.000000
3774		0.000000
3775		0.000000
3776		1.000000
3777		0.000000
3778		0.000000
3779		0.000000
3780		1.000000
3781		19.000000
3782		207.000000
3783		114.000000
3784		2.000000
3785		0.000000
3786		0.000000
3787		0.000000
3788		1.000000
3789		0.000000
3790		0.000000
3791		0.000000
3792		0.000000
3793		0.000000
3794		0.000000
3795		0.000000
3796		1.000000
3797		0.000000
3798		0.000000
3799		0.000000
3800		0.000000
3801		0.000000
3802		0.000000
3803		1.000000
3804		0.000000
3805		0.000000
3806		0.000000
3807		0.000000
3808		0.000000
3809		0.000000
3810		0.000000
3811		0.000000
3812		0.000000
3813		0.000000
3814		0.000000
3815		0.000000
3816		0.000000
3817		1.000000
3818		0.000000
3819		0.000000
3820		0.000000
3821		0.000000
3822		0.000000
3823		0.000000
3824		0.000000
3825		0.000000
3826		0.000000
3827		0.000000
3828		0.000000
3829		1.000000
3830		0.000000
3831		0.000000
3832		0.000000
3833		0.000000
3834		0.000000
3835		0.000000
3836		1.000000
3837		0.000000
3838		0.000000
3839		0.000000
3840		0.000000
3841		0.000000
3842		2.000000
3843		0.000000
3844		0.000000
3845		0.000000
3846		0.000000
3847		0.000000
3848		0.000000
3849		0.000000
3850		0.000000
3851		0.000000
3852		1.000000
3853		0.000000
3854		0.000000
3855		0.000000
3856		0.000000
3857		0.000000
3858		0.000000
3859		0.000000
3860		0.000000
3861		0.000000
3862		0.000000
3863		0.000000
3864		0.000000
3865		0.000000
3866		1.000000
3867		1.000000
3868		0.000000
3869		0.000000
3870		0.000000
3871		0.000000
3872		0.000000
3873		1.000000
3874		0.000000
3875		0.000000
3876		0.000000
3877		0.000000
3878		0.000000
3879		0.000000
3880		0.000000
3881		0.000000
3882		1.000000
3883		0.000000
3884		0.000000
3885		0.000000
3886		0.000000
3887		0.000000
3888		0.000000
3889		0.000000
3890		0.000000
3891		0.000000
3892		0.000000
3893		0.000000
3894		0.000000
3895		0.000000
3896		0.000000
3897		0.000000
3898		0.000000
3899		1.000000
3900		0.000000
3901		0.000000
3902		0.000000
3903		0.000000
3904		0.000000
3905		1.000000
3906		0.000000
3907		0.000000
3908		0.000000
3909		0.000000
3910		0.000000
3911		0.000000
3912		0.000000
3913		0.000000
3914		0.000000
3915		0.000000
3916		0.000000
3917		0.000000
3918		0.000000
3919		0.000000
3920		0.000000
3921		0.000000
3922		0.000000
3923		0.000000
3924		0.000000
3925		0.000000
3926		0.000000
3927		0.000000
3928		0.000000
3929		0.000000
3930		0.000000
3931		0.000000
3932		1.000000
3933		1.000000
3934		0.000000
3935		1.000000
3936		0.000000
3937		0.000000
3938		0.000000
3939		0.000000
3940		0.000000
3941		0.000000
3942		0.000000
3943		0.000000
3944		0.000000
3945		0.000000
3946		0.000000
3947		0.000000
3948		0.000000
3949		0.000000
3950		0.000000
3951		0.000000
3952		0.000000
3953		0.000000
3954		0.000000
3955		0.000000
3956		0.000000
3957		0.000000
3958		0.000000
3959		1.000000
3960		0.000000
3961		0.000000
3962		0.000000
3963		0.000000
3964		0.000000
3965		0.000000
3966		0.000000
3967		0.000000
3968		0.000000
3969		0.000000
3970		0.000000
3971		0.000000
3972		1.000000
3973		0.000000
3974		0.000000
3975		0.000000
3976		0.000000
3977		0.000000
3978		0.000000
3979		1.000000
3980		0.000000
3981		0.000000
3982		0.000000
3983		0.000000
3984		0.000000
3985		0.000000
3986		0.000000
3987		0.000000
3988		0.000000
3989		0.000000
3990		0.000000
3991		0.000000
3992		0.000000
3993		0.000000
3994		0.000000
3995		0.000000
3996		0.000000
3997		0.000000
3998		0.000000
3999		0.000000
4000		0.000000
4001		0.000000
4002		0.000000
4003		0.000000
4004		0.000000
4005		0.000000
4006		0.000000
4007		0.000000
4008		0.000000
4009		0.000000
4010		0.000000
4011		0.000000
4012		0.000000
4013		0.000000
4014		0.000000
4015		0.000000
4016		0.000000
4017		0.000000
4018		0.000000
4019		0.000000
4020		0.000000
4021		0.000000
4022		0.000000
4023		0.000000
4024		0.000000
4025		1.000000
4026		0.000000
4027		0.000000
4028		0.000000
4029		0.000000
4030		0.000000
4031		0.000000
4032		0.000000
4033		0.000000
4034		0.000000
4035		0.000000
4036		0.000000
4037		0.000000
4038		0.000000
4039		0.000000
4040		0.000000
4041		0.000000
4042		0.000000
4043		0.000000
4044		0.000000
4045		0.000000
4046		0.000000
4047		0.000000
4048		0.000000
4049		0.000000
4050		0.000000
4051		0.000000
4052		0.000000
4053		0.000000
4054		0.000000
4055		0.000000
4056		0.000000
4057		0.000000
4058		0.000000
4059		0.000000
4060		0.000000
4061		0.000000
4062		0.000000
4063		0.000000
4064		0.000000
4065		0.000000
4066		0.000000
4067		0.000000
4068		0.000000
4069		0.000000
4070		0.000000
4071		0.000000
4072		0.000000
4073		0.000000
4074		0.000000
4075		0.000000
4076		0.000000
4077		0.000000
4078		0.000000
4079		1.000000
4080		0.000000
4081		0.000000
4082		0.000000
4083		0.000000
4084		0.000000
4085		0.000000
4086		0.000000
4087		0.000000
4088		0.000000
4089		0.000000
4090		0.000000
4091		0.000000
4092		0.000000
4093		0.000000
4094		0.000000
4095		0.000000
