0		0.000000
1		0.000000
2		0.000000
3		0.000000
4		0.000000
5		0.000000
6		0.000000
7		0.000000
8		0.000000
9		0.000000
10		0.000000
11		0.000000
12		0.000000
13		0.000000
14		0.000000
15		0.000000
16		0.000000
17		0.000000
18		0.000000
19		0.000000
20		0.000000
21		0.000000
22		0.000000
23		0.000000
24		0.000000
25		0.000000
26		0.000000
27		0.000000
28		0.000000
29		0.000000
30		0.000000
31		0.000000
32		0.000000
33		0.000000
34		0.000000
35		0.000000
36		0.000000
37		0.000000
38		0.000000
39		0.000000
40		0.000000
41		0.000000
42		0.000000
43		0.000000
44		0.000000
45		0.000000
46		0.000000
47		0.000000
48		0.000000
49		0.000000
50		0.000000
51		0.000000
52		0.000000
53		0.000000
54		0.000000
55		0.000000
56		0.000000
57		0.000000
58		0.000000
59		0.000000
60		0.000000
61		0.000000
62		0.000000
63		0.000000
64		0.000000
65		0.000000
66		0.000000
67		0.000000
68		0.000000
69		0.000000
70		0.000000
71		0.000000
72		0.000000
73		0.000000
74		0.000000
75		0.000000
76		0.000000
77		0.000000
78		0.000000
79		0.000000
80		0.000000
81		0.000000
82		0.000000
83		0.000000
84		0.000000
85		0.000000
86		0.000000
87		0.000000
88		0.000000
89		0.000000
90		0.000000
91		0.000000
92		0.000000
93		0.000000
94		0.000000
95		0.000000
96		0.000000
97		0.000000
98		0.000000
99		0.000000
100		0.000000
101		0.000000
102		0.000000
103		0.000000
104		0.000000
105		0.000000
106		0.000000
107		0.000000
108		0.000000
109		0.000000
110		0.000000
111		0.000000
112		0.000000
113		0.000000
114		0.000000
115		0.000000
116		0.000000
117		0.000000
118		0.000000
119		0.000000
120		0.000000
121		0.000000
122		0.000000
123		0.000000
124		0.000000
125		0.000000
126		0.000000
127		0.000000
128		0.000000
129		0.000000
130		0.000000
131		0.000000
132		0.000000
133		0.000000
134		0.000000
135		0.000000
136		0.000000
137		0.000000
138		0.000000
139		0.000000
140		0.000000
141		0.000000
142		0.000000
143		0.000000
144		0.000000
145		0.000000
146		0.000000
147		0.000000
148		0.000000
149		0.000000
150		0.000000
151		0.000000
152		0.000000
153		0.000000
154		0.000000
155		0.000000
156		0.000000
157		0.000000
158		0.000000
159		0.000000
160		0.000000
161		0.000000
162		0.000000
163		0.000000
164		0.000000
165		0.000000
166		0.000000
167		0.000000
168		0.000000
169		0.000000
170		0.000000
171		0.000000
172		0.000000
173		0.000000
174		0.000000
175		0.000000
176		0.000000
177		1773.630493
178		1814.154907
179		1744.989136
180		1711.777344
181		1731.887207
182		1728.535645
183		1800.138916
184		1893.985107
185		1987.526489
186		1768.755371
187		1718.176025
188		1724.269897
189		1753.520630
190		1840.968140
191		1805.623535
192		1815.678467
193		1842.491577
194		1835.178955
195		1849.804321
196		1825.733398
197		1811.412720
198		1825.428711
199		1834.264771
200		1834.569458
201		1781.552612
202		1791.302856
203		1851.327759
204		1753.520630
205		1865.953125
206		2050.903076
207		1828.780273
208		1787.341797
209		1771.192871
210		1739.809326
211		1754.434692
212		1780.333740
213		1693.800415
214		1741.637451
215		1710.253906
216		1727.316772
217		1712.691406
218		1731.277832
219		1689.534668
220		1640.478760
221		1689.534668
222		1660.893311
223		1693.190918
224		1624.634521
225		1627.681519
226		1610.313843
227		1617.321899
228		1671.252930
229		1644.744385
230		1639.564575
231		1605.743408
232		1590.203979
233		1545.413818
234		1527.132080
235		1554.859375
236		1556.687500
237		1534.749512
238		1499.404907
239		1528.046143
240		1510.069214
241		1470.458862
242		1511.287964
243		1500.623657
244		1486.607666
245		1473.810425
246		1475.638672
247		1475.943359
248		1461.317993
249		1436.028198
250		1409.824463
251		1463.146118
252		1530.788452
253		1429.629639
254		1371.128174
255		1389.409912
256		1337.002319
257		1374.784546
258		1358.940430
259		1345.533813
260		1327.861450
261		1321.158203
262		1295.259155
263		1296.173218
264		1319.329956
265		1312.322021
266		1313.540771
267		1283.985352
268		1266.617798
269		1276.672729
270		1251.992432
271		1286.118286
272		1249.859497
273		1273.625732
274		1265.094238
275		1234.015381
276		1214.819580
277		1221.522827
278		1205.069336
279		1190.139282
280		1220.913452
281		1208.725708
282		1176.123291
283		1190.748657
284		1217.561890
285		1184.045410
286		1182.217163
287		1178.865601
288		1175.209229
289		1201.717651
290		1137.731689
291		1144.130249
292		1122.192261
293		1142.302124
294		1137.122314
295		1112.137329
296		1145.958496
297		1159.669800
298		1104.519897
299		1109.395020
300		1112.442017
301		1098.730713
302		1081.972534
303		1117.012451
304		1091.113403
305		1059.425049
306		1083.800659
307		1055.768677
308		1047.846680
309		1069.175293
310		1050.284180
311		1053.026489
312		1043.580933
313		1056.987427
314		1046.018433
315		1204.764648
316		2450.358398
317		2315.987793
318		1196.842529
319		986.298218
320		952.172363
321		974.110413
322		974.719788
323		978.680847
324		940.289246
325		943.031494
326		948.515991
327		936.023499
328		914.999573
329		925.054504
330		916.523010
331		867.467102
332		911.343201
333		887.272278
334		911.647888
335		905.249329
336		915.304260
337		893.670898
338		907.686890
339		923.835693
340		903.421143
341		913.476074
342		891.538025
343		892.147400
344		869.295288
345		957.352173
346		1102.387085
347		859.849731
348		854.365234
349		850.708862
350		854.669922
351		864.115479
352		841.567993
353		814.145447
354		843.396179
355		856.802795
356		1096.597900
357		1009.150330
358		826.942627
359		804.395203
360		788.551086
361		808.051575
362		755.339294
363		824.200378
364		792.816772
365		751.987610
366		791.598022
367		776.058533
368		791.293335
369		801.043579
370		796.168457
371		745.893738
372		778.496094
373		754.120483
374		791.902710
375		760.519104
376		795.559021
377		808.660950
378		788.246338
379		760.519104
380		762.347290
381		734.315308
382		748.635986
383		738.885742
384		752.901733
385		737.971680
386		730.963684
387		747.721924
388		729.440186
389		694.095581
390		746.807800
391		718.775879
392		716.643005
393		718.166504
394		696.533142
395		728.830811
396		709.939697
397		691.048584
398		694.704956
399		695.314331
400		675.813843
401		688.306335
402		695.009644
403		697.142517
404		759.605042
405		725.783875
406		681.907776
407		675.204468
408		651.133545
409		675.204468
410		666.672974
411		664.844849
412		656.313354
413		634.984680
414		660.579102
415		690.134521
416		634.984680
417		600.858826
418		645.953735
419		651.742920
420		677.946716
421		668.501160
422		651.133545
423		605.124573
424		629.195496
425		632.851807
426		608.780945
427		607.866821
428		655.094604
429		602.077637
430		613.046631
431		659.055603
432		639.859802
433		581.967712
434		615.179504
435		575.264465
436		629.500183
437		613.960754
438		597.507202
439		586.842834
440		583.795898
441		595.679016
442		591.413269
443		581.358337
444		576.178528
445		563.990723
446		593.241455
447		586.538147
448		597.507202
449		561.248474
450		583.491211
451		562.467224
452		561.857849
453		553.935791
454		558.201538
455		571.912781
456		558.201538
457		571.912781
458		635.898804
459		582.272461
460		546.927795
461		540.529175
462		560.943787
463		556.678040
464		556.982727
465		517.677063
466		549.974731
467		554.545166
468		525.903809
469		512.497253
470		548.755981
471		542.052673
472		544.794922
473		548.451294
474		513.106628
475		543.271484
476		532.607117
477		544.490234
478		919.265259
479		808.356262
480		500.004761
481		517.372375
482		514.934814
483		480.504242
484		517.067688
485		491.777985
486		483.246521
487		524.380371
488		523.770996
489		469.535217
490		505.184570
491		491.168579
492		481.113647
493		510.364380
494		526.513245
495		490.559204
496		478.676086
497		478.371399
498		482.637115
499		510.973785
500		587.452271
501		659.055603
502		784.590027
503		477.457306
504		464.355408
505		460.394379
506		454.300476
507		448.511261
508		454.300476
509		456.128632
510		443.636139
511		439.979797
512		434.190582
513		439.370422
514		490.559204
515		484.465302
516		426.877899
517		415.604187
518		430.838959
519		439.675110
520		432.667114
521		438.761017
522		416.822968
523		435.714081
524		425.659119
525		443.940826
526		443.026764
527		419.260529
528		436.932861
529		416.213593
530		419.565216
531		437.542236
532		423.526276
533		427.182617
534		436.018768
535		443.940826
536		408.900909
537		414.994812
538		420.174622
539		415.299500
540		408.291504
541		396.713104
542		438.761017
543		445.159607
544		415.908875
545		415.299500
546		428.706085
547		423.221558
548		406.768036
549		418.041748
550		403.416382
551		408.596191
552		432.667114
553		434.190582
554		398.541260
555		419.260529
556		399.455353
557		401.588226
558		405.853943
559		384.220581
560		404.330475
561		389.705109
562		523.161560
563		689.829834
564		448.815948
565		404.635162
566		379.650146
567		404.939850
568		381.173645
569		394.884918
570		397.322479
571		375.689117
572		393.666138
573		382.697113
574		384.220581
575		365.329498
576		410.119690
577		432.971802
578		383.306488
579		377.212585
580		399.760040
581		384.220581
582		392.447357
583		383.001801
584		380.868927
585		383.306488
586		389.095703
587		390.619171
588		379.650146
589		373.860962
590		369.899902
591		374.775024
592		399.760040
593		379.040771
594		371.118683
595		391.228577
596		386.658142
597		375.689117
598		403.416382
599		378.431366
600		372.946869
601		374.775024
602		377.517303
603		381.783020
604		378.431366
605		358.321503
606		379.954865
607		394.884918
608		363.196625
609		399.455353
610		454.605164
611		429.620178
612		366.243561
613		356.188629
614		345.219604
615		338.516327
616		352.227600
617		324.195648
618		320.539307
619		299.820038
620		296.468384
621		326.023804
622		315.664185
623		317.492340
624		303.171692
625		312.921936
626		294.640228
627		316.882965
628		309.265594
629		283.975891
630		309.874969
631		288.241608
632		288.241608
633		290.069794
634		291.288574
635		276.663208
636		283.061798
637		294.944916
638		275.749115
639		281.538330
640		270.569305
641		274.835022
642		262.342529
643		272.397461
644		260.819061
645		257.162720
646		262.342529
647		251.678192
648		259.295563
649		262.342529
650		254.115753
651		248.935944
652		260.514343
653		257.772095
654		249.240631
655		253.506363
656		245.279602
657		240.099777
658		255.029846
659		249.850021
660		238.880997
661		218.466431
662		232.482407
663		243.756119
664		234.310577
665		229.435455
666		290.069794
667		319.929901
668		240.404480
669		229.740143
670		264.475403
671		219.380508
672		205.059845
673		225.779114
674		214.200699
675		226.997894
676		235.224655
677		248.935944
678		234.919968
679		280.319550
680		251.068802
681		220.294601
682		223.036850
683		216.333557
684		229.435455
685		234.310577
686		216.028870
687		211.763138
688		236.748138
689		211.458435
690		223.646240
691		233.091797
692		216.028870
693		229.435455
694		231.568314
695		242.842041
696		225.169724
697		226.997894
698		249.240631
699		940.289246
700		5279.148438
701		3851.651367
702		310.179657
703		132.847092
704		131.018921
705		119.440498
706		120.354584
707		114.565376
708		124.010925
709		124.925011
710		112.432510
711		119.440498
712		135.284653
713		123.706230
714		134.065872
715		150.519409
716		131.323608
717		150.824097
718		117.612328
719		142.597336
720		183.426483
721		148.081848
722		124.010925
723		113.651291
724		115.784157
725		109.690254
726		119.440498
727		122.792145
728		108.166779
729		118.221718
730		109.080864
731		121.878059
732		143.511414
733		127.057877
734		114.260681
735		128.581360
736		111.823120
737		107.557388
738		116.088852
739		117.307632
740		116.088852
741		106.338608
742		102.072876
743		114.870071
744		101.463486
745		120.354584
746		109.690254
747		105.119827
748		121.878059
749		148.995926
750		144.425507
751		195.004898
752		245.888992
753		190.434464
754		151.128799
755		121.878059
756		117.917023
757		117.002937
758		106.338608
759		100.854095
760		109.385559
761		101.768181
762		98.721230
763		95.674278
764		117.917023
765		173.371536
766		129.495438
767		104.205742
768		125.229706
769		178.246658
770		111.213730
771		97.807144
772		122.487450
773		109.385559
774		89.885071
775		92.627327
776		90.189766
777		97.807144
778		90.189766
779		100.549400
780		107.557388
781		126.448486
782		113.651291
783		109.385559
784		103.291656
785		98.416534
786		94.760193
787		92.932022
788		85.314644
789		95.978973
790		92.017937
791		99.940010
792		94.455498
793		94.760193
794		106.947998
795		99.330620
796		103.901047
797		90.799156
798		95.369583
799		88.056900
800		99.635315
801		85.619339
802		84.705254
803		92.017937
804		80.744217
805		93.541412
806		83.791168
807		90.494461
808		117.917023
809		182.817093
810		114.565376
811		82.267693
812		87.752205
813		88.666290
814		97.197754
815		97.197754
816		92.322632
817		79.525436
818		89.885071
819		84.400558
820		88.361595
821		99.330620
822		213.895996
823		608.476196
824		283.975891
825		81.353607
826		82.572388
827		79.525436
828		83.181778
829		74.040924
830		87.447510
831		71.908058
832		82.267693
833		78.916046
834		87.752205
835		77.697266
836		82.572388
837		67.947021
838		86.228729
839		80.744217
840		83.486473
841		78.001961
842		74.345619
843		79.525436
844		72.822144
845		73.736229
846		82.572388
847		88.970985
848		81.353607
849		80.439522
850		80.744217
851		84.400558
852		78.611351
853		84.095863
854		88.666290
855		86.838120
856		122.182755
857		131.932999
858		92.932022
859		71.908058
860		71.298668
861		72.517448
862		70.993973
863		72.212753
864		66.728241
865		80.134827
866		69.470497
867		85.009949
868		76.478485
869		68.556412
870		69.775192
871		77.697266
872		84.705254
873		77.392570
874		80.744217
875		79.220741
876		81.658302
877		76.173790
878		78.001961
879		74.650314
880		74.040924
881		79.525436
882		72.212753
883		67.337631
884		85.924034
885		82.877083
886		75.259705
887		77.697266
888		78.001961
889		79.830132
890		84.400558
891		64.290680
892		76.783180
893		80.439522
894		77.392570
895		79.220741
896		66.118851
897		73.126839
898		80.134827
899		76.783180
900		68.556412
901		75.564400
902		76.478485
903		72.212753
904		74.040924
905		68.556412
906		70.689278
907		78.916046
908		66.728241
909		67.337631
910		64.900070
911		61.548420
912		67.032936
913		62.767200
914		66.728241
915		71.298668
916		67.642326
917		73.736229
918		72.212753
919		69.165802
920		67.642326
921		70.993973
922		67.642326
923		71.603363
924		69.165802
925		68.251717
926		69.775192
927		65.204765
928		62.767200
929		60.024944
930		63.985981
931		67.032936
932		68.251717
933		67.032936
934		70.079887
935		63.681286
936		60.939030
937		66.728241
938		68.251717
939		68.251717
940		74.955009
941		72.212753
942		66.423546
943		72.822144
944		73.736229
945		64.595375
946		65.509460
947		73.126839
948		62.462505
949		67.337631
950		70.993973
951		63.071896
952		68.251717
953		60.024944
954		70.993973
955		64.290680
956		56.368603
957		67.642326
958		75.869095
959		166.668243
960		253.811066
961		155.089828
962		75.869095
963		70.993973
964		58.806164
965		85.009949
966		108.776169
967		78.916046
968		69.165802
969		60.329639
970		65.204765
971		61.548420
972		66.728241
973		67.947021
974		66.728241
975		56.368603
976		71.298668
977		70.993973
978		66.423546
979		56.063908
980		62.462505
981		67.947021
982		63.681286
983		59.415554
984		58.196774
985		60.024944
986		68.861107
987		60.024944
988		62.462505
989		59.720249
990		63.071896
991		63.985981
992		64.900070
993		57.892078
994		70.689278
995		66.728241
996		68.251717
997		71.908058
998		63.071896
999		71.603363
1000		163.316605
1001		222.732162
1002		87.752205
1003		59.720249
1004		61.243725
1005		67.947021
1006		59.720249
1007		61.548420
1008		67.032936
1009		74.040924
1010		62.767200
1011		64.595375
1012		55.759212
1013		53.016956
1014		58.501469
1015		64.290680
1016		65.204765
1017		61.853115
1018		64.900070
1019		63.071896
1020		67.947021
1021		70.384583
1022		62.157810
1023		64.900070
1024		61.243725
1025		70.993973
1026		64.900070
1027		64.900070
1028		60.024944
1029		66.728241
1030		67.032936
1031		68.251717
1032		67.947021
1033		70.993973
1034		60.634335
1035		66.118851
1036		75.259705
1037		79.830132
1038		66.423546
1039		62.462505
1040		57.282688
1041		63.985981
1042		63.985981
1043		59.720249
1044		63.376591
1045		65.509460
1046		69.165802
1047		70.384583
1048		69.165802
1049		70.079887
1050		65.814156
1051		65.509460
1052		63.681286
1053		65.204765
1054		64.290680
1055		63.376591
1056		67.947021
1057		70.993973
1058		64.595375
1059		66.423546
1060		67.947021
1061		68.861107
1062		67.947021
1063		74.040924
1064		63.681286
1065		74.345619
1066		71.603363
1067		65.509460
1068		67.642326
1069		67.642326
1070		65.509460
1071		62.767200
1072		59.415554
1073		61.548420
1074		59.720249
1075		59.415554
1076		61.243725
1077		53.931042
1078		50.884090
1079		49.055920
1080		60.024944
1081		50.884090
1082		55.149822
1083		56.368603
1084		49.665310
1085		47.837139
1086		53.321651
1087		50.579395
1088		45.399578
1089		51.798176
1090		49.665310
1091		50.579395
1092		41.743237
1093		47.532444
1094		48.446529
1095		45.704273
1096		47.227749
1097		48.141834
1098		63.681286
1099		107.557388
1100		69.470497
1101		45.704273
1102		37.477505
1103		41.438541
1104		37.477505
1105		39.305676
1106		38.086895
1107		35.649334
1108		41.743237
1109		39.305676
1110		35.649334
1111		35.039944
1112		35.954029
1113		29.250734
1114		36.563419
1115		32.907078
1116		35.954029
1117		33.516468
1118		34.735249
1119		27.727259
1120		30.774210
1121		28.946039
1122		29.860125
1123		28.641344
1124		30.469515
1125		24.985003
1126		26.203783
1127		33.516468
1128		26.203783
1129		27.727259
1130		27.117868
1131		25.289698
1132		23.766222
1133		24.070917
1134		25.899088
1135		28.641344
1136		30.469515
1137		27.422564
1138		19.500490
1139		23.461527
1140		24.070917
1141		25.899088
1142		26.203783
1143		25.289698
1144		24.375612
1145		31.078905
1146		24.680307
1147		24.375612
1148		23.156832
1149		26.813173
1150		22.547441
1151		28.641344
1152		24.985003
1153		28.336649
1154		34.125858
1155		24.070917
1156		31.688295
1157		31.078905
1158		27.422564
1159		25.289698
1160		25.899088
1161		29.555429
1162		29.555429
1163		38.391590
1164		76.173790
1165		320.843994
1166		1510.678589
1167		1986.307739
1168		398.845947
1169		15.844148
1170		7.617379
1171		3.961037
1172		6.398598
1173		3.656342
1174		5.484513
1175		4.570427
1176		5.789208
1177		5.484513
1178		3.656342
1179		5.789208
1180		5.484513
1181		2.742256
1182		5.789208
1183		2.742256
1184		7.617379
1185		4.875123
1186		5.484513
1187		4.570427
1188		4.875123
1189		5.484513
1190		4.265732
1191		5.789208
1192		7.312684
1193		3.961037
1194		6.093903
1195		4.875123
1196		5.179818
1197		6.703293
1198		6.093903
1199		7.312684
1200		4.875123
1201		4.265732
1202		3.961037
1203		4.265732
1204		1.828171
1205		3.961037
1206		4.265732
1207		5.789208
1208		2.437561
1209		4.570427
1210		5.789208
1211		6.398598
1212		5.484513
1213		6.703293
1214		4.875123
1215		5.179818
1216		4.875123
1217		7.617379
1218		7.007988
1219		5.789208
1220		4.875123
1221		5.179818
1222		5.484513
1223		7.007988
1224		4.265732
1225		6.093903
1226		5.179818
1227		5.484513
1228		2.132866
1229		6.093903
1230		4.570427
1231		4.265732
1232		3.656342
1233		5.484513
1234		5.484513
1235		7.007988
1236		5.179818
1237		3.656342
1238		4.570427
1239		4.265732
1240		7.312684
1241		5.789208
1242		6.398598
1243		5.484513
1244		4.570427
1245		5.789208
1246		5.179818
1247		3.961037
1248		4.570427
1249		2.742256
1250		4.875123
1251		6.093903
1252		9.445550
1253		6.703293
1254		4.875123
1255		4.875123
1256		6.703293
1257		2.437561
1258		3.961037
1259		4.265732
1260		3.656342
1261		5.789208
1262		7.007988
1263		5.179818
1264		7.312684
1265		4.570427
1266		4.875123
1267		1.828171
1268		5.484513
1269		6.398598
1270		4.875123
1271		5.179818
1272		4.570427
1273		5.484513
1274		2.742256
1275		7.007988
1276		6.093903
1277		6.703293
1278		3.961037
1279		6.398598
1280		3.961037
1281		5.484513
1282		5.484513
1283		5.484513
1284		4.875123
1285		3.961037
1286		5.789208
1287		3.656342
1288		7.007988
1289		5.484513
1290		4.265732
1291		5.179818
1292		5.789208
1293		4.265732
1294		3.351647
1295		2.437561
1296		3.046952
1297		3.046952
1298		6.093903
1299		5.179818
1300		1.523476
1301		3.961037
1302		5.789208
1303		5.179818
1304		1.218781
1305		5.484513
1306		3.961037
1307		3.961037
1308		3.961037
1309		2.742256
1310		1.828171
1311		5.179818
1312		4.265732
1313		4.265732
1314		4.875123
1315		3.656342
1316		2.742256
1317		3.961037
1318		6.093903
1319		2.742256
1320		3.961037
1321		4.265732
1322		4.570427
1323		5.179818
1324		4.570427
1325		3.656342
1326		4.570427
1327		3.046952
1328		2.437561
1329		4.265732
1330		4.875123
1331		5.484513
1332		6.093903
1333		8.226769
1334		3.961037
1335		3.351647
1336		3.046952
1337		4.875123
1338		4.570427
1339		4.265732
1340		5.179818
1341		2.437561
1342		3.656342
1343		3.656342
1344		3.961037
1345		5.484513
1346		3.046952
1347		4.875123
1348		5.484513
1349		4.265732
1350		4.265732
1351		4.570427
1352		6.398598
1353		5.484513
1354		4.265732
1355		4.875123
1356		4.570427
1357		4.570427
1358		4.265732
1359		3.961037
1360		5.179818
1361		4.265732
1362		1.828171
1363		3.351647
1364		3.656342
1365		4.875123
1366		4.875123
1367		6.398598
1368		3.961037
1369		5.484513
1370		4.265732
1371		3.046952
1372		4.875123
1373		5.789208
1374		3.351647
1375		3.046952
1376		3.656342
1377		5.789208
1378		2.742256
1379		4.265732
1380		3.961037
1381		3.961037
1382		5.179818
1383		5.484513
1384		4.570427
1385		3.351647
1386		4.570427
1387		1.828171
1388		3.656342
1389		2.132866
1390		3.656342
1391		4.570427
1392		6.703293
1393		1.218781
1394		2.742256
1395		5.484513
1396		3.046952
1397		4.875123
1398		3.656342
1399		3.046952
1400		2.437561
1401		5.484513
1402		3.046952
1403		5.789208
1404		3.351647
1405		4.875123
1406		6.398598
1407		3.046952
1408		4.570427
1409		4.875123
1410		2.742256
1411		4.265732
1412		6.398598
1413		3.046952
1414		3.656342
1415		4.265732
1416		4.265732
1417		4.570427
1418		3.961037
1419		3.351647
1420		1.828171
1421		4.570427
1422		3.351647
1423		2.742256
1424		4.265732
1425		3.656342
1426		5.179818
1427		4.875123
1428		3.351647
1429		3.046952
1430		4.875123
1431		3.046952
1432		2.742256
1433		2.742256
1434		4.570427
1435		3.961037
1436		4.875123
1437		3.961037
1438		3.961037
1439		3.046952
1440		3.351647
1441		3.351647
1442		3.656342
1443		3.961037
1444		5.179818
1445		3.656342
1446		2.132866
1447		2.437561
1448		3.351647
1449		3.961037
1450		3.351647
1451		4.265732
1452		3.351647
1453		3.046952
1454		3.046952
1455		3.046952
1456		5.179818
1457		3.961037
1458		3.046952
1459		4.570427
1460		2.437561
1461		4.265732
1462		5.484513
1463		3.351647
1464		3.351647
1465		3.656342
1466		4.265732
1467		3.961037
1468		3.656342
1469		5.179818
1470		3.656342
1471		3.961037
1472		3.656342
1473		2.742256
1474		3.351647
1475		2.742256
1476		1.523476
1477		4.570427
1478		4.265732
1479		5.179818
1480		4.875123
1481		3.351647
1482		4.570427
1483		2.742256
1484		2.742256
1485		3.351647
1486		3.046952
1487		3.961037
1488		4.265732
1489		3.961037
1490		3.351647
1491		5.789208
1492		3.351647
1493		4.265732
1494		1.523476
1495		3.351647
1496		3.656342
1497		4.265732
1498		4.265732
1499		2.742256
1500		3.046952
1501		3.046952
1502		4.875123
1503		6.093903
1504		3.656342
1505		5.179818
1506		2.742256
1507		3.656342
1508		3.656342
1509		3.351647
1510		6.093903
1511		4.265732
1512		3.656342
1513		2.742256
1514		3.351647
1515		3.351647
1516		2.742256
1517		2.742256
1518		3.351647
1519		5.179818
1520		3.656342
1521		2.742256
1522		2.742256
1523		3.961037
1524		2.132866
1525		3.656342
1526		4.265732
1527		3.046952
1528		5.179818
1529		3.961037
1530		3.351647
1531		3.351647
1532		3.351647
1533		3.351647
1534		5.179818
1535		4.875123
1536		2.742256
1537		3.961037
1538		3.046952
1539		3.046952
1540		3.351647
1541		3.656342
1542		4.875123
1543		3.351647
1544		3.961037
1545		1.523476
1546		4.265732
1547		2.132866
1548		3.656342
1549		3.656342
1550		3.046952
1551		5.179818
1552		3.351647
1553		2.437561
1554		3.046952
1555		3.656342
1556		4.570427
1557		3.046952
1558		3.046952
1559		1.523476
1560		1.828171
1561		3.351647
1562		3.351647
1563		6.093903
1564		3.961037
1565		3.961037
1566		2.742256
1567		2.437561
1568		5.179818
1569		3.351647
1570		3.656342
1571		4.265732
1572		0.914085
1573		1.828171
1574		3.046952
1575		6.093903
1576		1.218781
1577		4.265732
1578		4.265732
1579		3.656342
1580		5.484513
1581		3.046952
1582		3.351647
1583		3.961037
1584		2.742256
1585		3.046952
1586		3.961037
1587		2.742256
1588		2.742256
1589		2.437561
1590		3.351647
1591		3.961037
1592		3.351647
1593		5.179818
1594		3.656342
1595		2.132866
1596		2.132866
1597		1.828171
1598		3.656342
1599		2.132866
1600		3.656342
1601		2.132866
1602		3.351647
1603		3.046952
1604		3.046952
1605		4.265732
1606		3.351647
1607		4.265732
1608		3.046952
1609		4.265732
1610		2.437561
1611		3.961037
1612		3.351647
1613		2.742256
1614		3.351647
1615		4.265732
1616		4.265732
1617		3.656342
1618		2.437561
1619		3.656342
1620		1.218781
1621		3.656342
1622		2.742256
1623		3.046952
1624		3.961037
1625		4.875123
1626		1.828171
1627		4.570427
1628		1.828171
1629		2.437561
1630		1.828171
1631		1.828171
1632		1.218781
1633		3.656342
1634		3.351647
1635		2.742256
1636		1.218781
1637		3.351647
1638		4.265732
1639		5.179818
1640		2.742256
1641		2.742256
1642		2.437561
1643		3.656342
1644		4.570427
1645		2.437561
1646		3.961037
1647		1.828171
1648		4.265732
1649		1.828171
1650		3.046952
1651		3.046952
1652		2.437561
1653		4.875123
1654		3.351647
1655		3.046952
1656		3.656342
1657		2.437561
1658		3.656342
1659		3.351647
1660		2.742256
1661		3.351647
1662		3.351647
1663		3.046952
1664		4.875123
1665		2.132866
1666		2.437561
1667		2.742256
1668		3.046952
1669		3.656342
1670		2.132866
1671		2.132866
1672		2.437561
1673		1.523476
1674		3.046952
1675		4.265732
1676		3.656342
1677		3.046952
1678		2.742256
1679		2.437561
1680		3.961037
1681		3.351647
1682		1.828171
1683		3.656342
1684		1.828171
1685		0.914085
1686		4.265732
1687		3.046952
1688		4.875123
1689		3.046952
1690		2.437561
1691		2.437561
1692		3.656342
1693		3.656342
1694		2.742256
1695		4.265732
1696		2.132866
1697		5.484513
1698		1.523476
1699		3.351647
1700		0.914085
1701		4.875123
1702		3.656342
1703		3.656342
1704		3.046952
1705		3.351647
1706		3.046952
1707		2.742256
1708		2.437561
1709		3.656342
1710		2.132866
1711		3.046952
1712		3.656342
1713		3.351647
1714		3.046952
1715		2.132866
1716		3.046952
1717		1.828171
1718		3.656342
1719		2.742256
1720		2.742256
1721		2.437561
1722		3.656342
1723		4.570427
1724		1.218781
1725		3.656342
1726		3.351647
1727		3.046952
1728		3.046952
1729		2.437561
1730		1.523476
1731		1.523476
1732		1.523476
1733		2.437561
1734		3.046952
1735		3.656342
1736		1.523476
1737		3.656342
1738		1.828171
1739		1.523476
1740		1.218781
1741		2.132866
1742		2.132866
1743		3.351647
1744		3.351647
1745		2.437561
1746		3.656342
1747		2.437561
1748		1.828171
1749		2.132866
1750		3.351647
1751		3.046952
1752		2.437561
1753		2.437561
1754		2.132866
1755		3.046952
1756		1.828171
1757		2.132866
1758		0.609390
1759		2.437561
1760		2.742256
1761		2.742256
1762		2.437561
1763		2.742256
1764		2.742256
1765		1.523476
1766		3.046952
1767		3.046952
1768		3.656342
1769		2.437561
1770		3.046952
1771		2.742256
1772		3.351647
1773		1.523476
1774		3.351647
1775		4.570427
1776		1.523476
1777		1.523476
1778		3.046952
1779		3.046952
1780		3.656342
1781		3.351647
1782		3.351647
1783		1.828171
1784		4.570427
1785		2.132866
1786		0.914085
1787		2.742256
1788		3.351647
1789		3.046952
1790		2.437561
1791		2.437561
1792		2.132866
1793		2.132866
1794		4.265732
1795		3.046952
1796		2.132866
1797		1.828171
1798		1.218781
1799		2.437561
1800		3.046952
1801		2.437561
1802		3.351647
1803		2.132866
1804		2.437561
1805		2.742256
1806		2.132866
1807		1.523476
1808		2.742256
1809		2.742256
1810		3.046952
1811		2.437561
1812		3.046952
1813		1.523476
1814		3.351647
1815		1.218781
1816		4.265732
1817		2.742256
1818		2.437561
1819		4.265732
1820		2.132866
1821		0.914085
1822		4.265732
1823		2.132866
1824		1.828171
1825		2.437561
1826		3.656342
1827		2.742256
1828		2.742256
1829		2.437561
1830		3.961037
1831		3.351647
1832		3.046952
1833		3.351647
1834		2.742256
1835		1.828171
1836		3.656342
1837		4.875123
1838		2.132866
1839		1.828171
1840		2.437561
1841		4.875123
1842		1.828171
1843		2.742256
1844		1.828171
1845		1.828171
1846		0.914085
1847		1.828171
1848		3.656342
1849		1.828171
1850		3.961037
1851		3.351647
1852		2.742256
1853		2.742256
1854		2.132866
1855		2.437561
1856		3.656342
1857		3.046952
1858		1.828171
1859		0.914085
1860		3.351647
1861		1.218781
1862		2.132866
1863		2.437561
1864		3.351647
1865		2.437561
1866		3.046952
1867		2.132866
1868		3.961037
1869		4.570427
1870		3.046952
1871		3.961037
1872		3.656342
1873		2.742256
1874		2.437561
1875		2.132866
1876		2.132866
1877		1.523476
1878		2.437561
1879		2.132866
1880		0.914085
1881		1.828171
1882		3.351647
1883		2.132866
1884		4.265732
1885		3.656342
1886		1.828171
1887		3.656342
1888		2.132866
1889		2.132866
1890		2.437561
1891		3.656342
1892		2.132866
1893		3.656342
1894		1.523476
1895		4.265732
1896		2.742256
1897		0.914085
1898		1.523476
1899		2.132866
1900		3.351647
1901		3.961037
1902		1.828171
1903		1.523476
1904		3.351647
1905		3.351647
1906		3.351647
1907		3.656342
1908		1.218781
1909		1.523476
1910		3.656342
1911		1.828171
1912		2.132866
1913		2.437561
1914		1.218781
1915		2.437561
1916		1.828171
1917		1.828171
1918		3.351647
1919		2.742256
1920		1.828171
1921		1.828171
1922		1.828171
1923		1.828171
1924		0.609390
1925		2.742256
1926		2.132866
1927		1.828171
1928		1.828171
1929		2.742256
1930		1.218781
1931		2.132866
1932		2.437561
1933		2.437561
1934		2.132866
1935		1.218781
1936		2.437561
1937		2.132866
1938		2.132866
1939		0.914085
1940		3.351647
1941		2.132866
1942		1.218781
1943		1.218781
1944		2.437561
1945		1.523476
1946		0.609390
1947		0.914085
1948		3.351647
1949		2.132866
1950		1.828171
1951		2.437561
1952		3.961037
1953		3.046952
1954		2.132866
1955		2.437561
1956		0.914085
1957		2.437561
1958		2.742256
1959		3.656342
1960		3.046952
1961		2.742256
1962		3.046952
1963		3.656342
1964		2.437561
1965		3.656342
1966		2.437561
1967		2.132866
1968		1.828171
1969		3.351647
1970		3.656342
1971		1.218781
1972		2.742256
1973		1.523476
1974		3.046952
1975		3.046952
1976		2.437561
1977		1.828171
1978		2.132866
1979		2.742256
1980		2.132866
1981		3.656342
1982		1.218781
1983		2.132866
1984		2.437561
1985		2.132866
1986		0.914085
1987		2.132866
1988		2.437561
1989		3.046952
1990		2.437561
1991		1.218781
1992		3.351647
1993		3.961037
1994		2.132866
1995		2.742256
1996		1.218781
1997		3.656342
1998		1.523476
1999		1.828171
2000		1.828171
2001		3.046952
2002		1.828171
2003		0.914085
2004		1.523476
2005		2.437561
2006		1.828171
2007		2.132866
2008		1.523476
2009		1.218781
2010		3.046952
2011		1.828171
2012		2.437561
2013		2.132866
2014		3.351647
2015		2.437561
2016		1.218781
2017		3.656342
2018		2.437561
2019		2.437561
2020		2.132866
2021		2.437561
2022		0.609390
2023		2.742256
2024		2.437561
2025		2.437561
2026		3.351647
2027		0.914085
2028		2.437561
2029		2.437561
2030		2.437561
2031		3.046952
2032		3.046952
2033		2.742256
2034		2.742256
2035		1.828171
2036		0.914085
2037		1.523476
2038		2.742256
2039		1.828171
2040		3.961037
2041		2.742256
2042		2.742256
2043		2.132866
2044		0.914085
2045		2.437561
2046		1.828171
2047		3.046952
2048		3.656342
2049		3.046952
2050		2.132866
2051		1.523476
2052		3.656342
2053		1.523476
2054		0.914085
2055		1.218781
2056		2.742256
2057		1.523476
2058		2.132866
2059		2.437561
2060		0.914085
2061		3.351647
2062		1.523476
2063		2.132866
2064		3.351647
2065		2.742256
2066		2.132866
2067		1.828171
2068		1.523476
2069		1.828171
2070		2.437561
2071		1.828171
2072		1.828171
2073		2.132866
2074		2.437561
2075		1.828171
2076		1.828171
2077		1.828171
2078		2.437561
2079		0.914085
2080		3.656342
2081		1.523476
2082		2.132866
2083		2.132866
2084		2.132866
2085		1.828171
2086		3.351647
2087		1.828171
2088		2.132866
2089		2.437561
2090		2.132866
2091		2.742256
2092		1.218781
2093		3.656342
2094		1.828171
2095		1.828171
2096		3.961037
2097		1.828171
2098		2.437561
2099		1.218781
2100		3.046952
2101		0.914085
2102		0.609390
2103		1.218781
2104		2.132866
2105		1.523476
2106		2.742256
2107		1.523476
2108		3.351647
2109		0.914085
2110		2.132866
2111		1.523476
2112		2.132866
2113		2.132866
2114		2.437561
2115		2.132866
2116		2.742256
2117		3.046952
2118		3.351647
2119		1.523476
2120		3.046952
2121		1.523476
2122		1.828171
2123		3.046952
2124		1.523476
2125		1.218781
2126		1.828171
2127		1.523476
2128		1.523476
2129		2.437561
2130		1.828171
2131		2.437561
2132		3.351647
2133		3.656342
2134		1.218781
2135		2.742256
2136		3.961037
2137		1.218781
2138		2.132866
2139		3.351647
2140		2.132866
2141		2.132866
2142		0.914085
2143		0.914085
2144		2.132866
2145		1.828171
2146		1.828171
2147		3.656342
2148		1.523476
2149		1.828171
2150		0.609390
2151		1.218781
2152		2.742256
2153		2.132866
2154		1.523476
2155		0.609390
2156		2.742256
2157		3.046952
2158		2.132866
2159		2.132866
2160		2.437561
2161		1.523476
2162		3.046952
2163		3.046952
2164		1.218781
2165		2.132866
2166		1.218781
2167		2.742256
2168		1.218781
2169		2.132866
2170		3.351647
2171		0.914085
2172		1.523476
2173		1.218781
2174		1.828171
2175		1.523476
2176		2.437561
2177		2.437561
2178		3.351647
2179		3.046952
2180		3.046952
2181		2.437561
2182		1.828171
2183		1.828171
2184		2.132866
2185		1.828171
2186		0.914085
2187		2.132866
2188		1.828171
2189		2.437561
2190		1.828171
2191		2.132866
2192		1.523476
2193		1.828171
2194		1.218781
2195		1.523476
2196		0.914085
2197		3.351647
2198		3.046952
2199		1.828171
2200		1.828171
2201		2.132866
2202		1.828171
2203		1.218781
2204		0.914085
2205		3.351647
2206		2.742256
2207		0.914085
2208		1.523476
2209		1.523476
2210		3.046952
2211		3.656342
2212		2.437561
2213		1.828171
2214		1.828171
2215		1.218781
2216		2.437561
2217		2.132866
2218		1.523476
2219		1.523476
2220		3.656342
2221		2.742256
2222		1.218781
2223		0.304695
2224		3.351647
2225		1.218781
2226		1.523476
2227		2.132866
2228		1.523476
2229		3.351647
2230		1.828171
2231		2.437561
2232		1.218781
2233		2.742256
2234		1.218781
2235		2.437561
2236		2.437561
2237		2.132866
2238		1.828171
2239		1.523476
2240		2.132866
2241		1.828171
2242		2.437561
2243		1.218781
2244		2.132866
2245		3.351647
2246		3.961037
2247		1.828171
2248		2.132866
2249		1.828171
2250		1.523476
2251		2.742256
2252		1.828171
2253		0.914085
2254		1.523476
2255		1.218781
2256		0.914085
2257		2.132866
2258		1.218781
2259		1.523476
2260		1.828171
2261		1.828171
2262		1.218781
2263		2.132866
2264		2.437561
2265		1.828171
2266		1.218781
2267		1.523476
2268		1.828171
2269		2.132866
2270		1.828171
2271		2.132866
2272		2.742256
2273		1.523476
2274		3.656342
2275		1.523476
2276		2.437561
2277		2.132866
2278		1.523476
2279		2.437561
2280		0.609390
2281		1.218781
2282		2.437561
2283		1.828171
2284		2.742256
2285		0.914085
2286		1.828171
2287		0.914085
2288		1.218781
2289		3.046952
2290		1.828171
2291		2.437561
2292		1.218781
2293		1.218781
2294		2.132866
2295		0.914085
2296		2.132866
2297		1.523476
2298		1.828171
2299		1.523476
2300		1.828171
2301		1.218781
2302		1.218781
2303		1.523476
2304		1.828171
2305		1.218781
2306		0.609390
2307		2.132866
2308		2.742256
2309		0.609390
2310		2.132866
2311		0.609390
2312		1.218781
2313		1.828171
2314		0.914085
2315		1.828171
2316		2.132866
2317		1.828171
2318		1.218781
2319		1.523476
2320		2.132866
2321		3.046952
2322		0.304695
2323		1.828171
2324		1.523476
2325		3.351647
2326		0.304695
2327		0.914085
2328		2.437561
2329		0.609390
2330		1.218781
2331		1.218781
2332		2.742256
2333		1.218781
2334		3.046952
2335		3.656342
2336		1.218781
2337		1.523476
2338		2.132866
2339		2.132866
2340		0.609390
2341		0.914085
2342		3.351647
2343		1.828171
2344		3.351647
2345		1.828171
2346		1.523476
2347		2.132866
2348		1.218781
2349		3.046952
2350		1.828171
2351		1.218781
2352		2.132866
2353		1.218781
2354		1.523476
2355		3.046952
2356		1.828171
2357		2.437561
2358		1.828171
2359		3.351647
2360		0.914085
2361		0.609390
2362		1.218781
2363		1.218781
2364		3.351647
2365		1.523476
2366		2.437561
2367		0.609390
2368		1.828171
2369		0.609390
2370		2.437561
2371		3.656342
2372		2.742256
2373		2.132866
2374		1.828171
2375		2.132866
2376		1.828171
2377		1.523476
2378		2.437561
2379		1.523476
2380		1.828171
2381		1.828171
2382		2.742256
2383		0.914085
2384		1.828171
2385		1.523476
2386		2.132866
2387		0.914085
2388		1.523476
2389		2.742256
2390		0.609390
2391		1.828171
2392		3.351647
2393		2.132866
2394		1.218781
2395		1.828171
2396		2.132866
2397		1.828171
2398		0.609390
2399		1.828171
2400		1.218781
2401		1.523476
2402		1.828171
2403		1.828171
2404		3.351647
2405		2.437561
2406		1.218781
2407		0.914085
2408		0.304695
2409		2.132866
2410		0.914085
2411		0.609390
2412		1.828171
2413		2.132866
2414		2.437561
2415		2.132866
2416		1.218781
2417		3.046952
2418		2.132866
2419		1.523476
2420		3.351647
2421		2.437561
2422		1.218781
2423		1.523476
2424		1.218781
2425		2.132866
2426		1.828171
2427		2.132866
2428		1.828171
2429		0.914085
2430		0.609390
2431		2.437561
2432		2.132866
2433		1.218781
2434		2.437561
2435		2.132866
2436		1.828171
2437		2.437561
2438		0.914085
2439		0.914085
2440		0.609390
2441		1.828171
2442		1.828171
2443		0.609390
2444		2.742256
2445		1.218781
2446		1.218781
2447		2.437561
2448		2.742256
2449		2.742256
2450		1.523476
2451		1.218781
2452		1.828171
2453		2.132866
2454		2.132866
2455		2.132866
2456		2.132866
2457		0.914085
2458		0.609390
2459		1.523476
2460		1.523476
2461		2.437561
2462		2.437561
2463		3.656342
2464		1.218781
2465		1.218781
2466		0.609390
2467		2.437561
2468		1.828171
2469		2.742256
2470		1.523476
2471		1.218781
2472		1.523476
2473		1.523476
2474		1.828171
2475		2.132866
2476		1.828171
2477		2.437561
2478		1.218781
2479		1.523476
2480		2.742256
2481		1.523476
2482		1.218781
2483		1.523476
2484		0.609390
2485		1.828171
2486		0.914085
2487		1.218781
2488		2.742256
2489		0.609390
2490		3.656342
2491		2.132866
2492		1.523476
2493		1.523476
2494		1.523476
2495		1.218781
2496		1.218781
2497		1.523476
2498		1.828171
2499		3.046952
2500		2.742256
2501		2.132866
2502		2.437561
2503		1.218781
2504		1.828171
2505		0.914085
2506		2.437561
2507		3.046952
2508		1.523476
2509		1.218781
2510		2.437561
2511		1.523476
2512		1.523476
2513		2.132866
2514		0.914085
2515		1.828171
2516		0.914085
2517		3.046952
2518		2.742256
2519		1.523476
2520		1.523476
2521		1.523476
2522		1.828171
2523		1.523476
2524		1.523476
2525		2.437561
2526		0.914085
2527		1.523476
2528		1.828171
2529		1.218781
2530		1.523476
2531		2.437561
2532		1.218781
2533		0.914085
2534		3.656342
2535		1.523476
2536		1.523476
2537		0.914085
2538		2.132866
2539		1.218781
2540		1.218781
2541		2.132866
2542		1.523476
2543		0.914085
2544		1.523476
2545		2.132866
2546		1.218781
2547		2.742256
2548		2.132866
2549		1.218781
2550		1.218781
2551		2.132866
2552		2.132866
2553		2.132866
2554		0.914085
2555		0.609390
2556		2.132866
2557		1.828171
2558		1.218781
2559		1.523476
2560		1.828171
2561		0.609390
2562		2.132866
2563		0.609390
2564		1.523476
2565		1.523476
2566		2.132866
2567		0.609390
2568		1.523476
2569		0.914085
2570		0.914085
2571		2.132866
2572		0.609390
2573		1.218781
2574		1.828171
2575		1.218781
2576		2.132866
2577		1.523476
2578		0.914085
2579		1.218781
2580		1.828171
2581		1.828171
2582		0.914085
2583		1.828171
2584		1.523476
2585		2.132866
2586		1.218781
2587		1.218781
2588		1.218781
2589		1.523476
2590		1.523476
2591		0.609390
2592		0.914085
2593		3.656342
2594		0.914085
2595		2.437561
2596		1.828171
2597		2.132866
2598		2.742256
2599		2.437561
2600		0.914085
2601		0.914085
2602		2.437561
2603		1.218781
2604		2.132866
2605		2.437561
2606		1.523476
2607		1.523476
2608		2.742256
2609		1.523476
2610		1.218781
2611		1.828171
2612		2.132866
2613		3.046952
2614		0.914085
2615		2.132866
2616		1.828171
2617		2.437561
2618		1.828171
2619		1.218781
2620		0.914085
2621		1.218781
2622		2.437561
2623		1.828171
2624		1.523476
2625		0.914085
2626		1.523476
2627		1.218781
2628		0.609390
2629		2.132866
2630		2.132866
2631		1.828171
2632		1.523476
2633		3.046952
2634		0.609390
2635		1.828171
2636		1.523476
2637		0.914085
2638		2.132866
2639		2.437561
2640		1.828171
2641		3.046952
2642		1.828171
2643		3.046952
2644		0.914085
2645		0.914085
2646		1.523476
2647		0.914085
2648		1.523476
2649		1.523476
2650		1.523476
2651		1.828171
2652		1.523476
2653		1.523476
2654		0.609390
2655		0.914085
2656		0.914085
2657		2.742256
2658		0.914085
2659		1.828171
2660		2.742256
2661		0.914085
2662		0.609390
2663		0.914085
2664		1.218781
2665		2.132866
2666		1.218781
2667		1.523476
2668		1.828171
2669		0.914085
2670		1.828171
2671		1.523476
2672		1.523476
2673		1.828171
2674		1.828171
2675		1.523476
2676		2.132866
2677		0.914085
2678		1.218781
2679		0.914085
2680		1.828171
2681		2.742256
2682		0.914085
2683		2.132866
2684		1.828171
2685		1.218781
2686		2.132866
2687		1.523476
2688		0.914085
2689		1.523476
2690		0.914085
2691		1.523476
2692		1.218781
2693		0.609390
2694		1.828171
2695		2.132866
2696		2.742256
2697		1.523476
2698		0.914085
2699		2.132866
2700		1.523476
2701		1.828171
2702		1.523476
2703		2.132866
2704		2.132866
2705		2.132866
2706		1.828171
2707		1.218781
2708		1.218781
2709		0.609390
2710		0.914085
2711		2.437561
2712		1.523476
2713		1.218781
2714		1.523476
2715		1.828171
2716		1.828171
2717		2.437561
2718		1.828171
2719		0.914085
2720		1.828171
2721		2.742256
2722		0.914085
2723		1.828171
2724		1.828171
2725		0.914085
2726		0.914085
2727		2.132866
2728		1.218781
2729		1.523476
2730		0.914085
2731		2.437561
2732		0.304695
2733		1.828171
2734		1.523476
2735		1.828171
2736		0.914085
2737		1.523476
2738		0.304695
2739		1.523476
2740		1.828171
2741		1.218781
2742		2.742256
2743		0.609390
2744		1.523476
2745		1.523476
2746		2.437561
2747		0.914085
2748		1.828171
2749		0.914085
2750		1.523476
2751		1.523476
2752		2.132866
2753		1.828171
2754		0.609390
2755		0.914085
2756		0.914085
2757		1.828171
2758		1.828171
2759		0.914085
2760		0.914085
2761		2.132866
2762		1.218781
2763		1.218781
2764		1.828171
2765		2.132866
2766		2.742256
2767		2.132866
2768		0.609390
2769		1.218781
2770		1.828171
2771		0.609390
2772		1.218781
2773		2.437561
2774		1.218781
2775		0.914085
2776		1.828171
2777		1.218781
2778		2.132866
2779		1.828171
2780		1.828171
2781		0.914085
2782		0.609390
2783		1.218781
2784		0.304695
2785		0.914085
2786		2.132866
2787		1.523476
2788		0.914085
2789		1.218781
2790		2.742256
2791		0.609390
2792		1.218781
2793		0.914085
2794		2.437561
2795		1.523476
2796		1.523476
2797		0.914085
2798		0.914085
2799		3.046952
2800		0.914085
2801		0.609390
2802		1.828171
2803		1.828171
2804		0.609390
2805		1.218781
2806		1.523476
2807		0.914085
2808		3.046952
2809		1.828171
2810		2.437561
2811		1.523476
2812		1.218781
2813		1.828171
2814		2.437561
2815		0.914085
2816		1.523476
2817		1.218781
2818		0.914085
2819		1.218781
2820		3.046952
2821		1.523476
2822		0.914085
2823		1.218781
2824		0.914085
2825		0.914085
2826		1.218781
2827		1.523476
2828		2.132866
2829		2.437561
2830		1.523476
2831		0.914085
2832		1.523476
2833		1.523476
2834		1.523476
2835		0.914085
2836		1.828171
2837		1.828171
2838		1.218781
2839		1.523476
2840		1.828171
2841		1.218781
2842		0.304695
2843		2.742256
2844		1.828171
2845		2.132866
2846		1.218781
2847		0.609390
2848		1.523476
2849		1.523476
2850		1.828171
2851		0.914085
2852		1.828171
2853		0.914085
2854		0.304695
2855		2.437561
2856		1.523476
2857		2.132866
2858		2.742256
2859		0.304695
2860		2.742256
2861		1.523476
2862		0.609390
2863		1.218781
2864		1.218781
2865		1.218781
2866		1.218781
2867		1.828171
2868		0.914085
2869		1.218781
2870		1.523476
2871		2.437561
2872		1.828171
2873		1.218781
2874		2.742256
2875		2.132866
2876		2.132866
2877		1.523476
2878		0.609390
2879		0.609390
2880		1.218781
2881		1.523476
2882		1.218781
2883		0.914085
2884		1.218781
2885		1.218781
2886		2.437561
2887		0.609390
2888		2.132866
2889		1.523476
2890		2.437561
2891		0.914085
2892		1.218781
2893		1.218781
2894		0.304695
2895		1.218781
2896		1.523476
2897		0.609390
2898		1.218781
2899		2.437561
2900		1.523476
2901		1.218781
2902		1.828171
2903		0.304695
2904		2.742256
2905		1.523476
2906		1.218781
2907		0.609390
2908		2.437561
2909		1.218781
2910		1.218781
2911		1.523476
2912		1.218781
2913		2.132866
2914		0.000000
2915		0.304695
2916		1.523476
2917		1.218781
2918		1.523476
2919		0.304695
2920		0.914085
2921		0.000000
2922		1.828171
2923		0.914085
2924		1.523476
2925		0.914085
2926		2.132866
2927		1.218781
2928		0.914085
2929		0.609390
2930		1.828171
2931		1.828171
2932		2.437561
2933		1.218781
2934		1.828171
2935		1.218781
2936		2.437561
2937		1.828171
2938		1.218781
2939		1.828171
2940		1.828171
2941		1.523476
2942		1.218781
2943		2.132866
2944		0.914085
2945		0.914085
2946		1.523476
2947		0.304695
2948		1.218781
2949		1.523476
2950		3.351647
2951		2.132866
2952		1.218781
2953		1.218781
2954		1.218781
2955		0.914085
2956		1.523476
2957		2.742256
2958		2.132866
2959		0.914085
2960		1.523476
2961		1.523476
2962		1.523476
2963		2.132866
2964		0.609390
2965		1.828171
2966		1.218781
2967		1.828171
2968		2.132866
2969		2.132866
2970		1.218781
2971		0.914085
2972		1.828171
2973		1.828171
2974		0.609390
2975		0.609390
2976		1.218781
2977		1.218781
2978		2.742256
2979		1.828171
2980		1.828171
2981		1.218781
2982		0.914085
2983		2.132866
2984		0.914085
2985		1.218781
2986		0.304695
2987		1.218781
2988		2.132866
2989		0.914085
2990		1.523476
2991		1.523476
2992		1.218781
2993		1.828171
2994		0.914085
2995		2.132866
2996		1.218781
2997		0.914085
2998		1.523476
2999		1.523476
3000		1.523476
3001		1.523476
3002		1.218781
3003		1.828171
3004		0.914085
3005		0.304695
3006		2.437561
3007		2.132866
3008		1.523476
3009		0.609390
3010		1.218781
3011		0.914085
3012		1.218781
3013		0.304695
3014		1.523476
3015		0.609390
3016		2.742256
3017		1.218781
3018		1.523476
3019		1.828171
3020		0.609390
3021		1.218781
3022		0.304695
3023		2.132866
3024		1.218781
3025		1.218781
3026		1.828171
3027		1.218781
3028		1.523476
3029		0.304695
3030		2.742256
3031		0.914085
3032		1.218781
3033		0.914085
3034		0.304695
3035		1.523476
3036		0.914085
3037		1.523476
3038		2.437561
3039		0.914085
3040		1.218781
3041		1.523476
3042		2.132866
3043		0.609390
3044		0.000000
3045		1.828171
3046		0.914085
3047		2.437561
3048		1.828171
3049		1.218781
3050		2.132866
3051		0.914085
3052		0.914085
3053		2.132866
3054		1.523476
3055		1.218781
3056		1.218781
3057		1.523476
3058		0.304695
3059		0.914085
3060		1.828171
3061		2.437561
3062		0.609390
3063		0.304695
3064		1.218781
3065		2.132866
3066		0.914085
3067		0.000000
3068		2.437561
3069		0.304695
3070		0.609390
3071		2.132866
3072		1.523476
3073		2.437561
3074		0.914085
3075		1.523476
3076		0.609390
3077		0.609390
3078		1.523476
3079		1.828171
3080		1.218781
3081		1.828171
3082		0.914085
3083		0.304695
3084		1.523476
3085		1.828171
3086		1.218781
3087		0.914085
3088		1.828171
3089		0.609390
3090		1.523476
3091		1.218781
3092		0.609390
3093		1.218781
3094		0.000000
3095		1.828171
3096		1.523476
3097		0.304695
3098		1.828171
3099		2.742256
3100		0.609390
3101		0.304695
3102		1.523476
3103		0.914085
3104		0.914085
3105		1.523476
3106		0.914085
3107		1.828171
3108		0.609390
3109		1.218781
3110		0.914085
3111		1.218781
3112		0.609390
3113		1.523476
3114		1.218781
3115		0.609390
3116		1.828171
3117		1.218781
3118		0.304695
3119		1.523476
3120		0.914085
3121		0.609390
3122		0.914085
3123		1.218781
3124		1.218781
3125		1.218781
3126		1.218781
3127		1.218781
3128		0.914085
3129		1.828171
3130		1.218781
3131		1.828171
3132		1.523476
3133		0.609390
3134		1.218781
3135		1.828171
3136		1.218781
3137		2.132866
3138		1.828171
3139		0.609390
3140		0.609390
3141		1.218781
3142		0.914085
3143		0.914085
3144		1.523476
3145		1.218781
3146		0.914085
3147		0.914085
3148		1.218781
3149		1.218781
3150		0.914085
3151		2.132866
3152		0.914085
3153		1.218781
3154		0.609390
3155		1.218781
3156		1.218781
3157		1.218781
3158		0.914085
3159		1.523476
3160		0.914085
3161		0.914085
3162		0.609390
3163		0.914085
3164		0.609390
3165		1.828171
3166		0.304695
3167		1.523476
3168		1.218781
3169		0.914085
3170		1.523476
3171		0.609390
3172		0.609390
3173		0.609390
3174		0.914085
3175		1.218781
3176		0.304695
3177		1.523476
3178		0.914085
3179		1.218781
3180		1.523476
3181		0.914085
3182		0.609390
3183		0.914085
3184		1.218781
3185		1.828171
3186		2.132866
3187		1.218781
3188		2.132866
3189		0.914085
3190		2.437561
3191		0.000000
3192		1.523476
3193		1.523476
3194		1.828171
3195		1.523476
3196		0.914085
3197		0.914085
3198		1.218781
3199		0.609390
3200		0.914085
3201		0.304695
3202		1.828171
3203		2.437561
3204		1.218781
3205		0.304695
3206		1.523476
3207		1.523476
3208		1.828171
3209		1.218781
3210		0.914085
3211		2.742256
3212		1.523476
3213		2.132866
3214		0.304695
3215		2.132866
3216		1.828171
3217		0.914085
3218		2.132866
3219		0.914085
3220		2.437561
3221		1.828171
3222		1.828171
3223		1.523476
3224		0.914085
3225		0.609390
3226		1.523476
3227		0.609390
3228		2.132866
3229		1.828171
3230		1.218781
3231		1.523476
3232		2.132866
3233		0.304695
3234		1.828171
3235		1.828171
3236		0.914085
3237		0.609390
3238		1.218781
3239		2.132866
3240		1.523476
3241		0.914085
3242		0.914085
3243		1.218781
3244		0.609390
3245		1.523476
3246		0.914085
3247		1.828171
3248		1.523476
3249		0.914085
3250		0.914085
3251		2.132866
3252		0.914085
3253		0.304695
3254		3.351647
3255		1.523476
3256		1.218781
3257		1.828171
3258		1.523476
3259		0.609390
3260		1.218781
3261		0.914085
3262		1.218781
3263		1.218781
3264		0.609390
3265		1.218781
3266		1.828171
3267		0.609390
3268		1.218781
3269		1.218781
3270		1.218781
3271		1.523476
3272		0.609390
3273		0.914085
3274		1.523476
3275		1.523476
3276		0.609390
3277		0.914085
3278		1.523476
3279		0.304695
3280		0.609390
3281		1.218781
3282		0.914085
3283		1.523476
3284		0.609390
3285		0.609390
3286		1.523476
3287		1.218781
3288		0.914085
3289		1.523476
3290		1.218781
3291		0.914085
3292		1.523476
3293		0.914085
3294		0.304695
3295		0.304695
3296		1.523476
3297		0.914085
3298		0.304695
3299		1.523476
3300		1.523476
3301		0.914085
3302		1.523476
3303		2.132866
3304		0.914085
3305		0.609390
3306		0.914085
3307		0.000000
3308		1.828171
3309		0.609390
3310		1.523476
3311		1.828171
3312		0.304695
3313		2.132866
3314		1.523476
3315		0.609390
3316		0.914085
3317		1.523476
3318		0.914085
3319		1.218781
3320		0.914085
3321		0.914085
3322		1.218781
3323		0.304695
3324		1.218781
3325		2.132866
3326		1.828171
3327		0.609390
3328		1.523476
3329		1.523476
3330		1.828171
3331		0.914085
3332		1.828171
3333		1.523476
3334		0.609390
3335		1.523476
3336		0.609390
3337		1.218781
3338		1.218781
3339		1.218781
3340		1.523476
3341		0.609390
3342		1.523476
3343		0.609390
3344		1.218781
3345		0.609390
3346		1.828171
3347		1.218781
3348		1.523476
3349		0.914085
3350		0.609390
3351		1.523476
3352		0.609390
3353		0.609390
3354		0.914085
3355		1.218781
3356		1.523476
3357		0.609390
3358		0.914085
3359		1.218781
3360		2.132866
3361		1.523476
3362		1.828171
3363		0.914085
3364		1.218781
3365		0.609390
3366		0.609390
3367		0.304695
3368		1.218781
3369		0.914085
3370		0.609390
3371		0.609390
3372		1.218781
3373		1.523476
3374		0.000000
3375		2.132866
3376		1.523476
3377		1.218781
3378		1.523476
3379		0.609390
3380		1.218781
3381		0.000000
3382		0.914085
3383		0.609390
3384		1.523476
3385		0.609390
3386		0.914085
3387		1.218781
3388		1.218781
3389		0.609390
3390		0.914085
3391		0.304695
3392		0.609390
3393		2.437561
3394		1.218781
3395		0.914085
3396		0.609390
3397		2.132866
3398		1.523476
3399		0.609390
3400		0.914085
3401		1.218781
3402		0.914085
3403		1.218781
3404		0.304695
3405		0.609390
3406		0.914085
3407		0.609390
3408		1.523476
3409		1.218781
3410		1.828171
3411		0.914085
3412		1.218781
3413		1.523476
3414		1.523476
3415		0.000000
3416		0.914085
3417		0.914085
3418		0.609390
3419		1.828171
3420		0.914085
3421		1.218781
3422		1.523476
3423		1.218781
3424		1.218781
3425		1.828171
3426		0.609390
3427		0.609390
3428		0.914085
3429		1.828171
3430		1.523476
3431		0.914085
3432		0.609390
3433		0.000000
3434		2.132866
3435		0.609390
3436		1.218781
3437		1.523476
3438		1.218781
3439		0.000000
3440		1.828171
3441		0.914085
3442		1.218781
3443		0.914085
3444		1.523476
3445		2.742256
3446		1.218781
3447		0.304695
3448		0.914085
3449		1.218781
3450		1.218781
3451		0.609390
3452		0.914085
3453		1.218781
3454		0.609390
3455		0.914085
3456		0.914085
3457		1.828171
3458		0.914085
3459		0.914085
3460		1.218781
3461		0.609390
3462		0.609390
3463		1.828171
3464		0.304695
3465		2.742256
3466		0.914085
3467		1.523476
3468		1.218781
3469		1.218781
3470		2.437561
3471		0.304695
3472		1.523476
3473		1.828171
3474		1.523476
3475		0.609390
3476		1.218781
3477		1.828171
3478		2.437561
3479		0.914085
3480		0.914085
3481		1.828171
3482		1.218781
3483		0.914085
3484		0.304695
3485		0.609390
3486		0.914085
3487		1.523476
3488		1.523476
3489		1.218781
3490		1.218781
3491		0.914085
3492		1.828171
3493		0.000000
3494		1.218781
3495		1.218781
3496		1.523476
3497		1.218781
3498		1.218781
3499		1.523476
3500		1.828171
3501		0.914085
3502		1.828171
3503		0.914085
3504		0.609390
3505		1.218781
3506		1.218781
3507		0.914085
3508		1.218781
3509		0.914085
3510		0.609390
3511		0.304695
3512		1.218781
3513		0.914085
3514		0.914085
3515		1.218781
3516		0.914085
3517		0.609390
3518		1.523476
3519		0.304695
3520		0.609390
3521		1.523476
3522		0.914085
3523		0.000000
3524		1.218781
3525		2.437561
3526		0.304695
3527		0.609390
3528		0.914085
3529		1.828171
3530		1.828171
3531		1.828171
3532		0.609390
3533		0.304695
3534		0.609390
3535		2.132866
3536		1.218781
3537		0.914085
3538		0.000000
3539		2.437561
3540		1.523476
3541		1.523476
3542		0.609390
3543		1.218781
3544		1.218781
3545		0.914085
3546		1.218781
3547		0.000000
3548		0.609390
3549		1.218781
3550		1.218781
3551		0.914085
3552		0.304695
3553		1.218781
3554		0.609390
3555		1.523476
3556		1.218781
3557		2.132866
3558		2.742256
3559		0.304695
3560		0.609390
3561		0.304695
3562		1.828171
3563		1.828171
3564		0.000000
3565		0.609390
3566		0.914085
3567		0.304695
3568		0.609390
3569		1.218781
3570		1.218781
3571		0.609390
3572		0.304695
3573		1.828171
3574		3.046952
3575		1.523476
3576		1.523476
3577		0.609390
3578		1.218781
3579		1.828171
3580		0.609390
3581		1.523476
3582		1.828171
3583		0.914085
3584		0.609390
3585		1.218781
3586		0.914085
3587		1.523476
3588		2.437561
3589		2.437561
3590		0.914085
3591		1.828171
3592		0.609390
3593		0.609390
3594		1.218781
3595		1.523476
3596		0.304695
3597		1.218781
3598		0.914085
3599		1.828171
3600		0.914085
3601		0.914085
3602		1.828171
3603		1.828171
3604		1.218781
3605		1.523476
3606		1.523476
3607		0.609390
3608		0.914085
3609		1.523476
3610		0.609390
3611		1.218781
3612		1.828171
3613		1.523476
3614		2.132866
3615		0.914085
3616		0.609390
3617		1.218781
3618		1.218781
3619		0.914085
3620		0.914085
3621		0.914085
3622		1.523476
3623		2.132866
3624		1.218781
3625		0.914085
3626		0.609390
3627		1.218781
3628		0.000000
3629		0.914085
3630		1.523476
3631		0.609390
3632		0.914085
3633		0.914085
3634		0.609390
3635		1.523476
3636		0.914085
3637		0.914085
3638		2.132866
3639		1.523476
3640		1.523476
3641		0.914085
3642		1.828171
3643		0.609390
3644		0.304695
3645		0.914085
3646		0.304695
3647		1.523476
3648		0.609390
3649		1.218781
3650		1.828171
3651		1.218781
3652		1.218781
3653		0.914085
3654		0.914085
3655		1.828171
3656		0.304695
3657		1.218781
3658		0.304695
3659		1.218781
3660		0.304695
3661		2.132866
3662		1.523476
3663		2.132866
3664		2.132866
3665		1.218781
3666		0.000000
3667		0.609390
3668		0.609390
3669		0.914085
3670		1.523476
3671		1.218781
3672		0.914085
3673		0.000000
3674		0.304695
3675		1.218781
3676		1.523476
3677		1.218781
3678		0.609390
3679		1.218781
3680		0.609390
3681		0.609390
3682		2.437561
3683		0.609390
3684		0.914085
3685		1.523476
3686		1.218781
3687		0.304695
3688		0.609390
3689		1.523476
3690		0.609390
3691		0.000000
3692		1.523476
3693		2.742256
3694		0.914085
3695		0.000000
3696		1.523476
3697		0.914085
3698		1.218781
3699		0.609390
3700		1.218781
3701		0.000000
3702		1.218781
3703		0.609390
3704		1.218781
3705		0.304695
3706		1.218781
3707		1.218781
3708		0.914085
3709		0.914085
3710		0.304695
3711		0.304695
3712		1.218781
3713		0.914085
3714		1.218781
3715		0.609390
3716		1.218781
3717		1.218781
3718		1.218781
3719		1.218781
3720		0.609390
3721		1.218781
3722		0.609390
3723		0.914085
3724		0.914085
3725		0.609390
3726		0.304695
3727		0.000000
3728		1.218781
3729		0.609390
3730		1.218781
3731		1.218781
3732		0.914085
3733		1.828171
3734		1.218781
3735		0.609390
3736		0.609390
3737		0.304695
3738		0.000000
3739		1.523476
3740		0.304695
3741		0.914085
3742		0.609390
3743		0.609390
3744		0.304695
3745		0.914085
3746		1.218781
3747		1.523476
3748		1.523476
3749		1.218781
3750		2.132866
3751		1.523476
3752		0.304695
3753		1.218781
3754		1.218781
3755		0.609390
3756		0.609390
3757		1.218781
3758		0.914085
3759		1.218781
3760		0.304695
3761		2.132866
3762		0.914085
3763		0.304695
3764		0.609390
3765		0.609390
3766		0.609390
3767		1.218781
3768		0.914085
3769		2.132866
3770		1.828171
3771		0.914085
3772		1.523476
3773		1.523476
3774		1.523476
3775		1.523476
3776		1.218781
3777		2.437561
3778		0.914085
3779		0.609390
3780		2.132866
3781		64.595375
3782		5268.788574
3783		10620.149414
3784		1179.170288
3785		11.273721
3786		1.828171
3787		3.046952
3788		1.523476
3789		3.961037
3790		2.742256
3791		1.828171
3792		1.828171
3793		0.609390
3794		1.523476
3795		2.437561
3796		0.609390
3797		1.218781
3798		1.218781
3799		0.304695
3800		0.609390
3801		1.218781
3802		0.000000
3803		1.828171
3804		2.437561
3805		0.914085
3806		1.523476
3807		0.609390
3808		2.132866
3809		1.523476
3810		1.218781
3811		1.828171
3812		1.218781
3813		0.000000
3814		1.523476
3815		0.914085
3816		0.914085
3817		1.218781
3818		0.914085
3819		0.609390
3820		0.914085
3821		1.523476
3822		0.914085
3823		0.609390
3824		0.609390
3825		0.609390
3826		1.218781
3827		1.523476
3828		1.523476
3829		0.914085
3830		1.523476
3831		0.914085
3832		0.914085
3833		0.609390
3834		0.914085
3835		1.828171
3836		0.000000
3837		1.523476
3838		1.523476
3839		0.304695
3840		0.609390
3841		0.914085
3842		1.828171
3843		0.609390
3844		0.304695
3845		0.304695
3846		0.914085
3847		1.523476
3848		0.914085
3849		1.218781
3850		1.828171
3851		0.609390
3852		1.218781
3853		0.609390
3854		1.523476
3855		0.304695
3856		1.218781
3857		2.132866
3858		1.523476
3859		0.914085
3860		1.218781
3861		0.304695
3862		0.304695
3863		1.523476
3864		1.828171
3865		1.218781
3866		0.609390
3867		0.914085
3868		0.609390
3869		1.218781
3870		0.914085
3871		1.218781
3872		1.523476
3873		0.914085
3874		0.304695
3875		0.914085
3876		1.828171
3877		0.609390
3878		0.914085
3879		0.304695
3880		1.218781
3881		0.609390
3882		1.523476
3883		0.914085
3884		0.914085
3885		0.914085
3886		0.609390
3887		0.914085
3888		0.304695
3889		1.828171
3890		0.304695
3891		0.914085
3892		0.914085
3893		1.218781
3894		0.609390
3895		1.828171
3896		0.914085
3897		1.218781
3898		0.304695
3899		0.304695
3900		1.828171
3901		1.523476
3902		0.914085
3903		1.218781
3904		0.304695
3905		0.304695
3906		0.914085
3907		0.914085
3908		0.304695
3909		0.609390
3910		0.304695
3911		1.218781
3912		1.218781
3913		0.609390
3914		1.218781
3915		0.914085
3916		0.304695
3917		0.609390
3918		1.218781
3919		0.000000
3920		0.609390
3921		1.523476
3922		0.304695
3923		0.914085
3924		0.609390
3925		0.609390
3926		0.609390
3927		0.914085
3928		0.914085
3929		1.218781
3930		0.609390
3931		1.218781
3932		0.609390
3933		1.218781
3934		0.609390
3935		1.218781
3936		0.609390
3937		0.914085
3938		0.914085
3939		0.609390
3940		0.609390
3941		0.609390
3942		0.609390
3943		0.609390
3944		0.914085
3945		1.218781
3946		0.609390
3947		0.914085
3948		0.304695
3949		0.304695
3950		0.304695
3951		1.218781
3952		0.914085
3953		0.609390
3954		0.000000
3955		0.914085
3956		0.609390
3957		0.304695
3958		0.304695
3959		0.609390
3960		0.000000
3961		1.218781
3962		1.523476
3963		0.304695
3964		0.609390
3965		0.304695
3966		1.218781
3967		0.609390
3968		0.609390
3969		0.609390
3970		1.218781
3971		1.218781
3972		0.914085
3973		0.304695
3974		0.304695
3975		0.609390
3976		0.609390
3977		1.523476
3978		0.914085
3979		0.609390
3980		0.914085
3981		0.609390
3982		0.914085
3983		0.304695
3984		0.609390
3985		0.609390
3986		0.304695
3987		0.304695
3988		0.609390
3989		1.218781
3990		0.609390
3991		1.218781
3992		0.914085
3993		1.218781
3994		0.609390
3995		0.914085
3996		0.304695
3997		0.609390
3998		0.000000
3999		0.914085
4000		0.000000
4001		0.304695
4002		0.609390
4003		0.609390
4004		0.914085
4005		0.304695
4006		0.914085
4007		0.304695
4008		1.523476
4009		0.914085
4010		0.000000
4011		0.609390
4012		0.304695
4013		0.000000
4014		0.609390
4015		0.609390
4016		0.609390
4017		0.609390
4018		0.304695
4019		0.000000
4020		0.000000
4021		0.609390
4022		0.000000
4023		0.000000
4024		1.523476
4025		0.609390
4026		0.914085
4027		0.609390
4028		1.218781
4029		0.914085
4030		0.914085
4031		0.609390
4032		0.304695
4033		0.000000
4034		0.000000
4035		0.304695
4036		0.000000
4037		0.304695
4038		1.218781
4039		0.000000
4040		0.304695
4041		0.304695
4042		0.000000
4043		0.609390
4044		0.609390
4045		0.609390
4046		0.000000
4047		0.304695
4048		0.304695
4049		0.000000
4050		0.304695
4051		0.000000
4052		0.304695
4053		0.000000
4054		0.304695
4055		0.000000
4056		0.304695
4057		0.304695
4058		0.000000
4059		0.000000
4060		0.609390
4061		0.000000
4062		0.304695
4063		0.304695
4064		0.304695
4065		0.000000
4066		0.000000
4067		0.304695
4068		0.000000
4069		0.000000
4070		0.000000
4071		0.304695
4072		0.000000
4073		0.609390
4074		0.000000
4075		0.304695
4076		0.304695
4077		0.304695
4078		0.000000
4079		0.000000
4080		0.000000
4081		0.609390
4082		0.000000
4083		0.000000
4084		0.000000
4085		0.000000
4086		0.000000
4087		0.000000
4088		0.000000
4089		0.304695
4090		5.179818
4091		0.304695
4092		0.000000
4093		0.000000
4094		0.000000
4095		0.000000
