0		0.000000
1		0.000000
2		0.000000
3		0.000000
4		0.000000
5		0.000000
6		0.000000
7		0.000000
8		0.000000
9		0.000000
10		0.000000
11		0.000000
12		0.000000
13		0.000000
14		0.000000
15		0.000000
16		0.000000
17		0.000000
18		0.000000
19		0.000000
20		0.000000
21		0.000000
22		0.000000
23		0.000000
24		0.000000
25		0.000000
26		0.000000
27		0.000000
28		0.000000
29		0.000000
30		0.000000
31		0.000000
32		0.000000
33		0.000000
34		0.000000
35		0.000000
36		0.000000
37		0.000000
38		0.000000
39		0.000000
40		0.000000
41		0.000000
42		0.000000
43		0.000000
44		0.000000
45		0.000000
46		0.000000
47		0.000000
48		0.000000
49		0.000000
50		0.000000
51		0.000000
52		0.000000
53		0.000000
54		0.000000
55		0.000000
56		0.000000
57		0.000000
58		0.000000
59		0.000000
60		0.000000
61		0.000000
62		0.000000
63		0.000000
64		0.000000
65		0.000000
66		0.000000
67		0.000000
68		0.000000
69		0.000000
70		0.000000
71		0.000000
72		0.000000
73		0.000000
74		0.000000
75		0.000000
76		0.000000
77		0.000000
78		0.000000
79		0.000000
80		0.000000
81		0.000000
82		0.000000
83		0.000000
84		0.000000
85		0.000000
86		0.000000
87		0.000000
88		0.000000
89		0.000000
90		0.000000
91		0.000000
92		0.000000
93		0.000000
94		0.000000
95		0.000000
96		0.000000
97		0.000000
98		0.000000
99		0.000000
100		0.000000
101		0.000000
102		0.000000
103		0.000000
104		0.000000
105		0.000000
106		0.000000
107		0.000000
108		0.000000
109		292799.343750
110		34087.707031
111		442.874451
112		444.477631
113		452.493439
114		440.870514
115		447.283173
116		444.076843
117		416.823029
118		433.656250
119		444.477631
120		464.116394
121		449.687897
122		434.457825
123		458.104523
124		450.088715
125		474.937775
126		462.914032
127		428.445953
128		466.120361
129		462.914032
130		462.513245
131		472.132233
132		471.330658
133		480.949646
134		458.104523
135		471.731445
136		485.358337
137		485.759125
138		488.564667
139		481.350433
140		499.386047
141		478.945679
142		488.564667
143		515.417664
144		502.592377
145		488.965454
146		518.624023
147		526.239075
148		558.302368
149		549.885742
150		577.540344
151		564.314209
152		570.726929
153		586.357788
154		587.560120
155		617.218689
156		620.825806
157		634.452698
158		687.757996
159		675.734253
160		670.123169
161		651.686768
162		678.940552
163		713.007812
164		714.210205
165		714.210205
166		729.039490
167		733.448181
168		717.015747
169		723.027649
170		712.206238
171		737.055298
172		717.416565
173		737.856873
174		740.662415
175		734.650574
176		713.007812
177		763.507568
178		753.487793
179		764.309143
180		807.995361
181		773.527344
182		807.193787
183		779.539185
184		794.769287
185		784.348694
186		777.535217
187		764.709900
188		802.384338
189		771.924194
190		859.697449
191		937.450989
192		896.570251
193		920.216980
194		906.590088
195		900.177429
196		868.514893
197		877.733093
198		849.276917
199		870.919617
200		830.840515
201		840.058716
202		797.174011
203		785.551086
204		810.400146
205		800.380371
206		805.590637
207		780.340759
208		792.364502
209		812.003296
210		768.717834
211		783.547119
212		781.943970
213		752.285400
214		768.317017
215		735.852966
216		743.467957
217		761.503601
218		752.686157
219		720.222107
220		721.825256
221		688.960327
222		700.583313
223		724.229980
224		674.531860
225		694.571411
226		719.019714
227		675.734253
228		698.579346
229		686.154785
230		671.325562
231		664.512085
232		677.738220
233		679.742126
234		619.222656
235		637.659058
236		646.075684
237		615.214722
238		628.841675
239		656.897034
240		648.881226
241		641.266174
242		636.055908
243		630.444824
244		625.635315
245		626.837708
246		640.063782
247		618.421082
248		551.088135
249		595.175171
250		587.560120
251		551.889709
252		546.278625
253		542.671509
254		497.382080
255		544.675476
256		520.627991
257		521.028748
258		544.675476
259		543.473083
260		507.001068
261		502.592377
262		515.016907
263		513.814514
264		483.755188
265		495.778931
266		474.136169
267		500.187622
268		500.187622
269		510.207397
270		511.009003
271		463.715607
272		482.552795
273		459.306915
274		488.564667
275		482.152008
276		500.187622
277		459.306915
278		447.683960
279		453.295044
280		452.092651
281		460.509277
282		460.509277
283		456.501373
284		452.894226
285		444.878418
286		440.469696
287		455.298981
288		442.072876
289		449.687897
290		472.132233
291		456.501373
292		437.664154
293		436.461792
294		442.473663
295		444.076843
296		445.279205
297		430.850708
298		440.068909
299		422.834900
300		434.057037
301		433.255463
302		432.053101
303		430.449921
304		417.624603
305		434.457825
306		436.862579
307		420.029358
308		420.830933
309		444.477631
310		415.219849
311		441.271301
312		422.434082
313		434.858643
314		633.250366
315		3779.462646
316		4432.752441
317		792.364502
318		384.358917
319		407.204010
320		413.616699
321		399.188202
322		377.545471
323		383.557343
324		399.188202
325		375.541504
326		381.954163
327		394.779480
328		378.347046
329		392.374756
330		389.970001
331		387.966034
332		385.160492
333		399.588989
334		419.227753
335		379.950226
336		403.196106
337		391.573151
338		395.981873
339		377.144684
340		406.402435
341		404.398499
342		405.200073
343		400.390564
344		393.176331
345		414.819061
346		395.981873
347		393.977905
348		386.763672
349		394.378693
350		399.588989
351		414.819061
352		412.414307
353		412.013519
354		408.005615
355		420.029358
356		396.783447
357		420.029358
358		393.977905
359		415.219849
360		421.231720
361		416.021423
362		425.239624
363		418.826965
364		410.410370
365		423.235687
366		424.438049
367		428.045166
368		424.438049
369		415.620636
370		441.672089
371		450.489502
372		418.826965
373		422.434082
374		439.668121
375		452.493439
376		473.735382
377		435.660217
378		448.084747
379		430.049133
380		444.076843
381		464.517181
382		466.921936
383		466.120361
384		482.552795
385		453.695831
386		486.961517
387		474.937775
388		491.370209
389		508.604248
390		504.596313
391		512.211365
392		500.588409
393		554.294434
394		519.024841
395		529.044617
396		537.461243
397		557.901550
398		590.365662
399		561.107910
400		588.762512
401		562.310303
402		595.175171
403		598.782288
404		605.996521
405		651.686768
406		642.468567
407		513.814514
408		401.592957
409		365.521729
410		385.962097
411		377.545471
412		361.513824
413		358.708282
414		358.708282
415		365.922516
416		342.676605
417		338.668701
418		343.478210
419		336.263947
420		312.216461
421		330.652863
422		296.184814
423		305.403015
424		287.367401
425		296.986389
426		281.756317
427		302.196686
428		294.180847
429		284.561859
430		272.938904
431		255.704895
432		242.077988
433		250.895386
434		235.665329
435		233.260574
436		219.232880
437		237.268494
438		221.637619
439		223.641586
440		209.213089
441		206.407547
442		216.026550
443		202.800430
444		201.598053
445		199.994888
446		196.788559
447		196.788559
448		189.574310
449		172.340286
450		178.352158
451		184.764816
452		163.923660
453		169.534744
454		165.126038
455		167.530792
456		160.717331
457		172.340286
458		152.300720
459		165.126038
460		156.308624
461		137.471436
462		161.919708
463		154.705460
464		151.098343
465		158.713379
466		161.919708
467		136.269058
468		141.479355
469		138.273026
470		148.693588
471		137.070648
472		144.685684
473		138.673813
474		142.280930
475		124.646111
476		142.280930
477		134.665894
478		132.661942
479		122.241364
480		134.265106
481		147.892014
482		120.237411
483		137.471436
484		120.237411
485		115.828705
486		286.165039
487		5323.311035
488		21013.892578
489		12747.168945
490		1125.822998
491		86.170143
492		71.741653
493		72.142448
494		66.932159
495		66.130577
496		74.947983
497		75.348778
498		69.737694
499		70.940071
500		64.527412
501		73.745613
502		69.737694
503		64.527412
504		65.328995
505		69.336906
506		71.741653
507		65.328995
508		61.321079
509		66.130577
510		62.122662
511		67.733742
512		61.721870
513		74.547195
514		58.114746
515		68.134529
516		68.936111
517		64.126617
518		68.535324
519		70.539276
520		66.932159
521		66.531364
522		74.947983
523		78.955902
524		63.725826
525		76.150360
526		60.519497
527		75.749565
528		60.920288
529		57.713955
530		66.531364
531		70.539276
532		69.737694
533		63.725826
534		69.737694
535		71.741653
536		68.936111
537		62.924244
538		61.721870
539		66.932159
540		75.749565
541		66.932159
542		66.531364
543		71.741653
544		64.126617
545		62.122662
546		63.325035
547		64.527412
548		75.749565
549		57.713955
550		72.142448
551		65.729782
552		71.340866
553		69.737694
554		60.118706
555		70.940071
556		64.928200
557		64.928200
558		65.328995
559		70.940071
560		64.126617
561		73.745613
562		72.142448
563		60.519497
564		74.547195
565		66.932159
566		63.725826
567		72.944031
568		64.126617
569		62.523453
570		77.753525
571		66.932159
572		66.932159
573		66.531364
574		65.328995
575		59.317123
576		66.932159
577		61.721870
578		60.920288
579		62.924244
580		64.126617
581		65.328995
582		68.134529
583		64.126617
584		58.515537
585		56.912373
586		67.332947
587		62.924244
588		63.325035
589		67.332947
590		65.729782
591		67.332947
592		67.733742
593		66.130577
594		58.916332
595		60.519497
596		59.317123
597		64.126617
598		58.515537
599		62.523453
600		76.150360
601		58.916332
602		59.317123
603		68.134529
604		58.114746
605		57.713955
606		58.114746
607		57.313164
608		56.912373
609		53.305252
610		61.321079
611		61.721870
612		60.118706
613		61.321079
614		58.916332
615		42.083092
616		57.313164
617		53.706043
618		55.709999
619		52.904461
620		59.717915
621		48.495754
622		56.912373
623		60.519497
624		60.519497
625		54.106834
626		57.313164
627		44.487843
628		52.503670
629		53.706043
630		50.098919
631		45.690216
632		46.892590
633		44.487843
634		48.495754
635		48.094963
636		44.087051
637		47.694172
638		49.698128
639		49.698128
640		52.503670
641		45.690216
642		36.872807
643		42.884674
644		45.289425
645		38.475971
646		37.273598
647		34.067265
648		45.690216
649		41.682301
650		46.892590
651		45.690216
652		43.285469
653		44.087051
654		44.087051
655		45.289425
656		38.876762
657		41.281509
658		40.079136
659		44.888634
660		33.666473
661		46.091007
662		42.483883
663		41.682301
664		43.686260
665		39.277554
666		36.071224
667		40.079136
668		42.884674
669		48.495754
670		35.269638
671		34.868847
672		42.884674
673		37.273598
674		39.277554
675		42.483883
676		45.289425
677		41.281509
678		42.483883
679		38.475971
680		34.868847
681		39.678345
682		40.479927
683		43.285469
684		36.472015
685		45.289425
686		37.674389
687		44.487843
688		40.079136
689		36.071224
690		39.678345
691		42.083092
692		36.872807
693		54.106834
694		135.868271
695		270.534180
696		147.491226
697		44.487843
698		39.678345
699		32.864891
700		36.872807
701		31.662518
702		35.269638
703		36.071224
704		36.472015
705		41.682301
706		33.265682
707		36.472015
708		30.860935
709		32.464100
710		35.670433
711		30.059353
712		35.269638
713		31.261726
714		36.071224
715		36.872807
716		36.872807
717		33.265682
718		27.253813
719		33.265682
720		33.265682
721		35.269638
722		30.460144
723		34.067265
724		37.674389
725		24.849064
726		30.059353
727		37.674389
728		34.468056
729		28.456186
730		32.864891
731		36.472015
732		38.876762
733		34.067265
734		33.666473
735		34.067265
736		40.079136
737		29.257769
738		37.674389
739		36.472015
740		32.864891
741		33.265682
742		37.674389
743		27.654604
744		33.265682
745		26.051439
746		36.071224
747		32.464100
748		28.856977
749		36.071224
750		33.666473
751		34.868847
752		27.654604
753		34.067265
754		32.864891
755		28.456186
756		28.055395
757		34.868847
758		31.662518
759		33.666473
760		30.460144
761		34.468056
762		33.265682
763		31.662518
764		29.658562
765		34.468056
766		35.269638
767		33.265682
768		34.468056
769		29.658562
770		32.063309
771		29.658562
772		34.868847
773		39.277554
774		30.059353
775		33.666473
776		30.059353
777		32.864891
778		35.269638
779		34.868847
780		28.055395
781		34.067265
782		32.464100
783		30.460144
784		33.265682
785		30.059353
786		28.856977
787		32.464100
788		26.853022
789		28.856977
790		34.067265
791		32.063309
792		28.055395
793		38.475971
794		35.269638
795		33.666473
796		37.674389
797		26.452230
798		32.864891
799		34.067265
800		35.670433
801		34.868847
802		26.853022
803		32.864891
804		30.460144
805		32.063309
806		29.257769
807		28.456186
808		30.460144
809		33.265682
810		34.868847
811		30.460144
812		27.253813
813		30.860935
814		30.460144
815		30.860935
816		27.654604
817		34.067265
818		33.265682
819		30.860935
820		29.257769
821		28.456186
822		34.468056
823		28.856977
824		33.666473
825		34.868847
826		35.670433
827		36.472015
828		34.868847
829		32.464100
830		32.464100
831		27.654604
832		34.067265
833		33.666473
834		32.464100
835		31.662518
836		33.265682
837		27.654604
838		29.658562
839		29.257769
840		33.265682
841		34.868847
842		29.257769
843		30.059353
844		28.055395
845		34.868847
846		34.868847
847		25.249855
848		22.845108
849		30.460144
850		26.452230
851		34.067265
852		25.249855
853		38.876762
854		32.063309
855		28.055395
856		28.856977
857		32.063309
858		43.686260
859		34.067265
860		28.055395
861		34.468056
862		26.051439
863		33.265682
864		26.853022
865		27.253813
866		28.856977
867		34.468056
868		30.860935
869		33.265682
870		34.868847
871		30.460144
872		29.658562
873		32.063309
874		28.456186
875		28.456186
876		32.063309
877		30.059353
878		30.059353
879		32.864891
880		22.444317
881		31.261726
882		28.055395
883		29.257769
884		27.654604
885		36.071224
886		36.071224
887		26.452230
888		30.059353
889		29.257769
890		30.460144
891		34.067265
892		26.452230
893		31.662518
894		32.464100
895		26.051439
896		34.067265
897		26.853022
898		27.253813
899		32.464100
900		26.452230
901		26.452230
902		35.269638
903		33.666473
904		28.856977
905		34.067265
906		29.658562
907		31.662518
908		30.059353
909		32.464100
910		26.452230
911		27.654604
912		28.856977
913		26.452230
914		28.456186
915		29.658562
916		31.261726
917		28.055395
918		28.856977
919		24.849064
920		20.841150
921		32.063309
922		26.452230
923		28.055395
924		31.662518
925		22.444317
926		33.265682
927		26.853022
928		30.460144
929		31.662518
930		29.658562
931		31.662518
932		31.261726
933		32.864891
934		30.460144
935		27.654604
936		35.670433
937		26.452230
938		29.257769
939		29.257769
940		31.662518
941		36.472015
942		30.860935
943		29.658562
944		25.650648
945		27.253813
946		36.071224
947		30.860935
948		30.460144
949		29.257769
950		27.654604
951		34.868847
952		24.047482
953		26.853022
954		28.856977
955		25.650648
956		30.860935
957		31.662518
958		34.868847
959		29.257769
960		30.460144
961		30.860935
962		32.063309
963		30.860935
964		31.662518
965		28.456186
966		31.261726
967		30.860935
968		26.853022
969		34.468056
970		26.452230
971		30.059353
972		30.860935
973		24.448273
974		30.059353
975		25.650648
976		32.063309
977		28.055395
978		27.253813
979		28.456186
980		26.452230
981		26.452230
982		29.658562
983		26.051439
984		34.067265
985		26.452230
986		28.456186
987		31.662518
988		30.860935
989		34.868847
990		30.860935
991		29.658562
992		25.249855
993		30.059353
994		24.047482
995		33.265682
996		29.257769
997		30.460144
998		28.856977
999		23.245899
1000		34.067265
1001		24.047482
1002		30.059353
1003		26.452230
1004		30.059353
1005		26.853022
1006		25.249855
1007		28.055395
1008		28.055395
1009		29.257769
1010		29.257769
1011		23.245899
1012		29.658562
1013		25.249855
1014		26.853022
1015		25.650648
1016		31.261726
1017		25.650648
1018		26.853022
1019		31.662518
1020		28.055395
1021		28.456186
1022		26.853022
1023		25.249855
1024		31.662518
1025		30.460144
1026		32.063309
1027		27.253813
1028		28.856977
1029		29.658562
1030		28.856977
1031		35.269638
1032		22.043526
1033		25.650648
1034		26.853022
1035		32.464100
1036		30.860935
1037		32.464100
1038		30.460144
1039		30.059353
1040		30.460144
1041		28.055395
1042		33.666473
1043		29.257769
1044		29.658562
1045		28.456186
1046		31.261726
1047		28.456186
1048		30.460144
1049		29.257769
1050		31.261726
1051		28.055395
1052		22.845108
1053		31.261726
1054		27.253813
1055		25.650648
1056		33.666473
1057		28.055395
1058		25.249855
1059		28.856977
1060		30.059353
1061		32.063309
1062		32.864891
1063		26.051439
1064		32.063309
1065		32.464100
1066		30.460144
1067		30.059353
1068		26.452230
1069		28.055395
1070		28.055395
1071		28.856977
1072		28.055395
1073		28.856977
1074		30.460144
1075		26.853022
1076		26.452230
1077		30.059353
1078		27.654604
1079		28.856977
1080		24.047482
1081		26.051439
1082		28.456186
1083		24.448273
1084		27.253813
1085		34.468056
1086		30.059353
1087		26.051439
1088		29.658562
1089		30.860935
1090		24.448273
1091		28.456186
1092		24.849064
1093		27.654604
1094		28.055395
1095		32.063309
1096		32.464100
1097		22.845108
1098		26.853022
1099		24.448273
1100		29.658562
1101		26.051439
1102		28.055395
1103		26.452230
1104		32.063309
1105		28.856977
1106		34.868847
1107		30.460144
1108		32.464100
1109		30.460144
1110		33.265682
1111		29.257769
1112		32.864891
1113		28.456186
1114		26.452230
1115		24.849064
1116		36.472015
1117		24.849064
1118		29.257769
1119		29.658562
1120		33.666473
1121		24.448273
1122		26.051439
1123		34.067265
1124		30.860935
1125		30.860935
1126		32.063309
1127		27.253813
1128		34.468056
1129		25.249855
1130		26.051439
1131		25.249855
1132		22.444317
1133		30.460144
1134		31.261726
1135		30.059353
1136		28.856977
1137		32.464100
1138		24.849064
1139		24.448273
1140		25.650648
1141		34.067265
1142		29.257769
1143		25.650648
1144		31.261726
1145		28.456186
1146		31.261726
1147		22.845108
1148		28.456186
1149		32.464100
1150		27.654604
1151		27.654604
1152		34.468056
1153		28.456186
1154		32.464100
1155		25.650648
1156		26.452230
1157		30.460144
1158		26.452230
1159		27.253813
1160		33.265682
1161		27.654604
1162		29.658562
1163		34.868847
1164		28.856977
1165		28.856977
1166		32.864891
1167		26.452230
1168		33.265682
1169		25.249855
1170		30.860935
1171		30.059353
1172		25.650648
1173		31.662518
1174		30.860935
1175		25.249855
1176		26.452230
1177		35.269638
1178		33.265682
1179		31.662518
1180		30.460144
1181		33.666473
1182		25.249855
1183		26.853022
1184		23.245899
1185		30.460144
1186		32.063309
1187		28.055395
1188		26.853022
1189		25.249855
1190		25.650648
1191		33.666473
1192		30.860935
1193		21.241941
1194		31.662518
1195		31.662518
1196		28.856977
1197		42.083092
1198		31.662518
1199		30.860935
1200		26.051439
1201		31.261726
1202		30.860935
1203		25.650648
1204		31.662518
1205		29.658562
1206		30.059353
1207		30.460144
1208		30.059353
1209		30.460144
1210		26.853022
1211		24.849064
1212		32.864891
1213		27.654604
1214		29.257769
1215		30.059353
1216		21.642735
1217		34.067265
1218		35.269638
1219		28.456186
1220		30.059353
1221		30.059353
1222		31.261726
1223		32.063309
1224		31.261726
1225		29.658562
1226		32.464100
1227		31.662518
1228		33.666473
1229		27.654604
1230		30.860935
1231		33.666473
1232		27.253813
1233		30.860935
1234		29.257769
1235		30.860935
1236		32.864891
1237		32.063309
1238		26.452230
1239		32.063309
1240		24.448273
1241		28.055395
1242		30.460144
1243		28.055395
1244		32.864891
1245		28.856977
1246		32.464100
1247		28.055395
1248		32.464100
1249		24.448273
1250		38.075180
1251		36.872807
1252		31.662518
1253		30.860935
1254		27.253813
1255		31.261726
1256		32.864891
1257		28.456186
1258		30.460144
1259		32.464100
1260		32.063309
1261		26.853022
1262		34.468056
1263		33.666473
1264		32.464100
1265		30.860935
1266		34.067265
1267		22.043526
1268		28.055395
1269		36.472015
1270		34.067265
1271		27.253813
1272		25.650648
1273		34.067265
1274		31.261726
1275		26.051439
1276		29.257769
1277		25.650648
1278		27.253813
1279		31.261726
1280		36.872807
1281		32.063309
1282		34.868847
1283		27.654604
1284		33.666473
1285		34.067265
1286		23.245899
1287		28.856977
1288		25.249855
1289		28.456186
1290		34.868847
1291		36.472015
1292		36.071224
1293		32.864891
1294		33.265682
1295		34.868847
1296		29.257769
1297		33.265682
1298		32.864891
1299		27.654604
1300		24.448273
1301		30.860935
1302		29.658562
1303		25.650648
1304		30.460144
1305		22.845108
1306		30.460144
1307		32.864891
1308		35.670433
1309		36.472015
1310		30.059353
1311		25.650648
1312		27.654604
1313		32.464100
1314		30.059353
1315		30.860935
1316		29.257769
1317		30.059353
1318		26.452230
1319		36.071224
1320		28.055395
1321		32.063309
1322		30.460144
1323		22.845108
1324		30.460144
1325		27.253813
1326		30.059353
1327		34.468056
1328		25.650648
1329		30.460144
1330		22.845108
1331		26.051439
1332		34.067265
1333		24.448273
1334		28.856977
1335		34.067265
1336		32.864891
1337		32.864891
1338		26.853022
1339		32.464100
1340		29.257769
1341		29.658562
1342		30.860935
1343		26.452230
1344		31.662518
1345		29.257769
1346		33.265682
1347		31.261726
1348		32.864891
1349		31.662518
1350		28.456186
1351		27.253813
1352		34.067265
1353		31.662518
1354		34.067265
1355		34.868847
1356		25.650648
1357		34.868847
1358		26.051439
1359		31.662518
1360		32.464100
1361		31.662518
1362		32.063309
1363		31.662518
1364		30.460144
1365		24.047482
1366		33.265682
1367		30.860935
1368		35.670433
1369		31.261726
1370		30.860935
1371		29.257769
1372		38.876762
1373		32.464100
1374		27.654604
1375		30.860935
1376		33.666473
1377		33.265682
1378		30.460144
1379		26.853022
1380		32.864891
1381		32.864891
1382		29.658562
1383		34.868847
1384		35.670433
1385		35.670433
1386		30.059353
1387		34.868847
1388		27.253813
1389		39.678345
1390		29.257769
1391		31.662518
1392		32.063309
1393		29.658562
1394		32.063309
1395		35.269638
1396		25.650648
1397		34.067265
1398		37.273598
1399		30.860935
1400		32.464100
1401		34.468056
1402		33.666473
1403		24.849064
1404		31.662518
1405		33.666473
1406		32.864891
1407		35.269638
1408		29.257769
1409		36.071224
1410		30.860935
1411		26.051439
1412		36.071224
1413		28.055395
1414		36.472015
1415		24.047482
1416		32.864891
1417		22.444317
1418		30.860935
1419		28.856977
1420		32.063309
1421		28.055395
1422		36.071224
1423		26.051439
1424		32.063309
1425		36.472015
1426		32.464100
1427		32.063309
1428		34.468056
1429		31.662518
1430		38.075180
1431		31.261726
1432		35.670433
1433		30.059353
1434		28.055395
1435		31.662518
1436		34.067265
1437		30.059353
1438		34.468056
1439		29.257769
1440		31.662518
1441		36.071224
1442		32.063309
1443		33.265682
1444		38.475971
1445		31.261726
1446		27.654604
1447		32.864891
1448		39.678345
1449		31.662518
1450		30.059353
1451		35.269638
1452		37.273598
1453		36.071224
1454		37.273598
1455		35.670433
1456		31.662518
1457		26.452230
1458		38.475971
1459		32.464100
1460		33.265682
1461		36.872807
1462		36.071224
1463		32.063309
1464		35.670433
1465		32.864891
1466		39.678345
1467		26.452230
1468		36.872807
1469		30.460144
1470		39.678345
1471		38.075180
1472		38.475971
1473		33.265682
1474		35.269638
1475		31.261726
1476		37.273598
1477		29.658562
1478		34.868847
1479		30.059353
1480		31.261726
1481		36.872807
1482		32.864891
1483		24.849064
1484		32.864891
1485		34.468056
1486		35.269638
1487		38.075180
1488		36.472015
1489		41.281509
1490		36.472015
1491		38.475971
1492		34.868847
1493		33.666473
1494		25.650648
1495		39.277554
1496		34.468056
1497		31.662518
1498		38.475971
1499		37.273598
1500		36.071224
1501		28.055395
1502		34.067265
1503		31.662518
1504		34.067265
1505		28.055395
1506		33.265682
1507		32.464100
1508		37.674389
1509		35.670433
1510		31.662518
1511		36.472015
1512		32.464100
1513		41.281509
1514		35.269638
1515		36.872807
1516		36.071224
1517		30.460144
1518		32.063309
1519		31.261726
1520		35.670433
1521		34.067265
1522		35.269638
1523		38.075180
1524		32.063309
1525		32.063309
1526		31.662518
1527		32.464100
1528		35.269638
1529		34.868847
1530		30.460144
1531		38.475971
1532		34.868847
1533		40.479927
1534		38.075180
1535		34.868847
1536		32.864891
1537		34.067265
1538		34.868847
1539		29.658562
1540		36.872807
1541		35.670433
1542		34.067265
1543		44.888634
1544		38.876762
1545		34.067265
1546		37.273598
1547		32.864891
1548		35.269638
1549		26.853022
1550		42.884674
1551		28.856977
1552		36.872807
1553		39.678345
1554		30.860935
1555		36.872807
1556		32.464100
1557		32.464100
1558		38.475971
1559		41.682301
1560		41.682301
1561		39.678345
1562		31.261726
1563		38.075180
1564		37.273598
1565		34.868847
1566		33.265682
1567		42.884674
1568		35.670433
1569		42.483883
1570		39.678345
1571		35.670433
1572		37.273598
1573		37.273598
1574		35.670433
1575		37.273598
1576		36.472015
1577		41.682301
1578		33.265682
1579		37.674389
1580		44.087051
1581		38.876762
1582		26.452230
1583		32.464100
1584		34.868847
1585		43.285469
1586		41.281509
1587		36.472015
1588		40.880718
1589		41.682301
1590		34.468056
1591		34.868847
1592		39.678345
1593		40.880718
1594		46.091007
1595		40.079136
1596		39.678345
1597		44.487843
1598		42.083092
1599		43.686260
1600		34.468056
1601		37.674389
1602		32.464100
1603		36.472015
1604		36.872807
1605		45.289425
1606		48.495754
1607		40.479927
1608		36.472015
1609		41.682301
1610		37.273598
1611		37.674389
1612		36.872807
1613		40.880718
1614		43.285469
1615		38.075180
1616		42.483883
1617		42.884674
1618		37.674389
1619		38.876762
1620		37.674389
1621		41.281509
1622		38.475971
1623		39.277554
1624		32.864891
1625		38.475971
1626		41.281509
1627		43.686260
1628		41.281509
1629		40.479927
1630		38.075180
1631		33.666473
1632		40.479927
1633		38.075180
1634		47.293381
1635		42.884674
1636		39.277554
1637		45.289425
1638		45.289425
1639		42.483883
1640		40.479927
1641		42.884674
1642		42.083092
1643		37.674389
1644		40.479927
1645		43.285469
1646		40.479927
1647		38.475971
1648		43.686260
1649		39.678345
1650		40.880718
1651		41.682301
1652		35.269638
1653		38.876762
1654		31.662518
1655		40.479927
1656		43.285469
1657		47.293381
1658		44.888634
1659		42.884674
1660		37.273598
1661		40.079136
1662		40.079136
1663		44.888634
1664		39.277554
1665		48.094963
1666		38.475971
1667		44.087051
1668		35.269638
1669		42.083092
1670		42.483883
1671		36.872807
1672		46.491798
1673		46.892590
1674		49.297337
1675		42.483883
1676		44.087051
1677		43.285469
1678		36.472015
1679		37.674389
1680		46.892590
1681		43.285469
1682		47.694172
1683		49.698128
1684		43.686260
1685		49.698128
1686		57.313164
1687		40.079136
1688		36.472015
1689		40.479927
1690		44.888634
1691		41.682301
1692		50.098919
1693		48.896545
1694		48.896545
1695		45.289425
1696		50.098919
1697		47.694172
1698		51.702087
1699		47.694172
1700		48.495754
1701		47.694172
1702		50.900501
1703		44.087051
1704		44.087051
1705		46.892590
1706		38.876762
1707		44.888634
1708		47.293381
1709		42.083092
1710		40.479927
1711		44.487843
1712		43.686260
1713		42.083092
1714		45.289425
1715		51.702087
1716		44.087051
1717		47.293381
1718		48.896545
1719		48.495754
1720		42.483883
1721		47.694172
1722		40.479927
1723		48.495754
1724		51.702087
1725		48.896545
1726		51.702087
1727		45.289425
1728		51.301296
1729		43.686260
1730		49.297337
1731		50.900501
1732		50.499710
1733		44.487843
1734		56.912373
1735		54.106834
1736		56.110790
1737		44.888634
1738		48.896545
1739		50.098919
1740		51.301296
1741		52.503670
1742		47.694172
1743		44.087051
1744		43.686260
1745		44.487843
1746		50.098919
1747		50.098919
1748		46.491798
1749		51.301296
1750		58.916332
1751		45.289425
1752		44.888634
1753		49.297337
1754		48.094963
1755		52.503670
1756		53.305252
1757		55.709999
1758		51.301296
1759		55.709999
1760		58.515537
1761		46.491798
1762		45.289425
1763		52.503670
1764		46.491798
1765		53.305252
1766		44.087051
1767		41.281509
1768		52.904461
1769		62.122662
1770		50.098919
1771		54.908417
1772		56.511581
1773		53.706043
1774		43.285469
1775		48.094963
1776		48.495754
1777		54.106834
1778		53.305252
1779		51.702087
1780		62.924244
1781		108.213669
1782		197.990936
1783		311.414886
1784		359.910645
1785		336.664734
1786		230.455032
1787		135.868271
1788		89.376472
1789		74.947983
1790		82.162231
1791		81.360649
1792		77.753525
1793		71.741653
1794		82.563019
1795		77.753525
1796		76.551147
1797		73.745613
1798		78.154312
1799		83.364601
1800		80.959854
1801		80.559067
1802		67.733742
1803		74.547195
1804		80.559067
1805		72.142448
1806		79.757484
1807		70.940071
1808		80.559067
1809		78.955902
1810		82.563019
1811		76.951942
1812		87.372520
1813		84.166183
1814		80.959854
1815		88.174103
1816		92.582802
1817		72.944031
1818		86.570938
1819		79.356689
1820		84.166183
1821		77.352730
1822		89.777267
1823		82.162231
1824		78.154312
1825		89.376472
1826		89.376472
1827		76.951942
1828		85.368561
1829		84.967766
1830		83.765396
1831		91.380432
1832		91.781219
1833		91.781219
1834		78.555107
1835		84.566978
1836		93.384384
1837		74.947983
1838		82.563019
1839		80.959854
1840		90.979637
1841		84.166183
1842		86.971725
1843		87.773308
1844		84.166183
1845		93.785179
1846		84.967766
1847		80.959854
1848		82.162231
1849		91.380432
1850		96.189926
1851		78.955902
1852		92.182014
1853		98.594673
1854		100.598633
1855		101.801003
1856		98.193886
1857		107.011292
1858		94.586761
1859		103.804962
1860		103.804962
1861		94.987556
1862		95.789139
1863		92.582802
1864		89.777267
1865		91.781219
1866		107.412086
1867		117.832664
1868		102.602592
1869		103.404175
1870		97.793091
1871		91.380432
1872		97.793091
1873		101.801003
1874		104.606544
1875		97.392303
1876		112.221581
1877		80.158272
1878		99.396255
1879		96.991508
1880		96.590721
1881		103.804962
1882		108.213669
1883		105.808922
1884		97.793091
1885		103.404175
1886		100.999420
1887		105.007339
1888		102.201797
1889		94.586761
1890		94.586761
1891		103.404175
1892		100.999420
1893		98.193886
1894		100.197838
1895		107.011292
1896		114.225540
1897		103.404175
1898		105.007339
1899		105.808922
1900		108.213669
1901		100.197838
1902		105.808922
1903		113.824745
1904		116.229492
1905		118.233452
1906		130.657990
1907		109.416039
1908		112.221581
1909		104.606544
1910		101.801003
1911		126.650070
1912		117.832664
1913		125.447693
1914		111.820793
1915		120.638199
1916		123.042946
1917		109.015251
1918		127.451653
1919		114.626328
1920		124.245323
1921		114.626328
1922		107.412086
1923		113.023163
1924		109.816833
1925		101.801003
1926		99.396255
1927		98.193886
1928		106.209709
1929		100.598633
1930		109.416039
1931		86.570938
1932		94.185974
1933		100.999420
1934		102.602592
1935		98.193886
1936		105.007339
1937		89.376472
1938		89.777267
1939		85.368561
1940		88.174103
1941		89.376472
1942		75.749565
1943		87.773308
1944		85.368561
1945		94.586761
1946		90.178055
1947		81.761436
1948		84.967766
1949		93.785179
1950		82.963814
1951		82.563019
1952		90.178055
1953		87.372520
1954		89.777267
1955		79.356689
1956		79.757484
1957		96.590721
1958		78.955902
1959		92.182014
1960		90.979637
1961		94.586761
1962		83.765396
1963		85.769348
1964		92.182014
1965		80.158272
1966		81.360649
1967		82.563019
1968		80.559067
1969		74.947983
1970		81.761436
1971		95.388344
1972		87.773308
1973		83.364601
1974		88.574890
1975		80.559067
1976		81.761436
1977		94.185974
1978		89.376472
1979		86.570938
1980		86.170143
1981		78.154312
1982		84.166183
1983		80.158272
1984		82.963814
1985		92.983597
1986		106.209709
1987		183.161652
1988		413.616699
1989		783.947876
1990		1179.528931
1991		1243.254761
1992		1082.938232
1993		668.520020
1994		347.886902
1995		185.566406
1996		135.066696
1997		113.023163
1998		123.042946
1999		116.630287
2000		111.820793
2001		108.213669
2002		108.213669
2003		112.221581
2004		116.630287
2005		105.808922
2006		109.816833
2007		109.416039
2008		129.455612
2009		112.622375
2010		117.031075
2011		124.245323
2012		117.431870
2013		114.626328
2014		117.031075
2015		122.241364
2016		118.634247
2017		103.804962
2018		116.630287
2019		111.019211
2020		123.042946
2021		110.217628
2022		106.610504
2023		125.046906
2024		118.233452
2025		111.820793
2026		116.229492
2027		116.229492
2028		105.408127
2029		117.431870
2030		111.820793
2031		126.249283
2032		118.233452
2033		121.840576
2034		115.427910
2035		125.848488
2036		120.237411
2037		117.431870
2038		110.618416
2039		119.435829
2040		128.654022
2041		117.431870
2042		109.816833
2043		129.856400
2044		131.058777
2045		125.046906
2046		124.646111
2047		125.447693
2048		117.431870
2049		123.443741
2050		125.447693
2051		134.265106
2052		128.253235
2053		123.844528
2054		125.447693
2055		122.642159
2056		125.848488
2057		130.657990
2058		122.642159
2059		130.257187
2060		131.058777
2061		138.673813
2062		137.070648
2063		149.094391
2064		143.884094
2065		129.455612
2066		140.677765
2067		133.864319
2068		128.654022
2069		139.876190
2070		128.253235
2071		123.443741
2072		138.273026
2073		137.070648
2074		148.292801
2075		121.439781
2076		121.439781
2077		141.479355
2078		133.463531
2079		140.276978
2080		123.844528
2081		139.475388
2082		141.479355
2083		124.646111
2084		142.280930
2085		147.491226
2086		133.463531
2087		145.888062
2088		135.467484
2089		150.296768
2090		157.911804
2091		152.701508
2092		146.288849
2093		147.090424
2094		163.923660
2095		161.118134
2096		159.114166
2097		141.880142
2098		144.284897
2099		133.463531
2100		115.027122
2101		121.439781
2102		124.646111
2103		122.642159
2104		116.630287
2105		127.050865
2106		116.229492
2107		109.416039
2108		126.650070
2109		101.801003
2110		121.439781
2111		112.221581
2112		103.003380
2113		116.630287
2114		121.840576
2115		117.832664
2116		109.015251
2117		110.217628
2118		104.606544
2119		106.209709
2120		109.015251
2121		117.031075
2122		95.789139
2123		112.221581
2124		93.384384
2125		99.396255
2126		107.812874
2127		102.201797
2128		92.182014
2129		95.388344
2130		93.384384
2131		100.598633
2132		79.757484
2133		90.578850
2134		86.570938
2135		84.566978
2136		82.963814
2137		87.372520
2138		68.535324
2139		88.975685
2140		67.733742
2141		75.749565
2142		82.162231
2143		74.947983
2144		66.130577
2145		67.332947
2146		55.309208
2147		63.325035
2148		56.110790
2149		57.713955
2150		58.114746
2151		58.114746
2152		58.114746
2153		56.110790
2154		58.114746
2155		48.495754
2156		48.094963
2157		49.698128
2158		44.888634
2159		47.293381
2160		41.682301
2161		42.083092
2162		52.904461
2163		63.725826
2164		57.313164
2165		47.694172
2166		41.682301
2167		42.884674
2168		35.269638
2169		37.273598
2170		35.670433
2171		34.468056
2172		35.670433
2173		35.670433
2174		39.277554
2175		37.273598
2176		37.674389
2177		33.666473
2178		36.872807
2179		36.071224
2180		31.662518
2181		34.868847
2182		21.642735
2183		30.860935
2184		32.464100
2185		31.261726
2186		27.253813
2187		32.464100
2188		37.674389
2189		32.864891
2190		29.658562
2191		27.253813
2192		52.904461
2193		128.253235
2194		365.120941
2195		872.122009
2196		1652.062012
2197		2285.713135
2198		2373.085693
2199		1815.184082
2200		1050.875000
2201		438.465759
2202		151.899933
2203		61.721870
2204		32.063309
2205		20.440359
2206		24.849064
2207		30.460144
2208		25.650648
2209		27.253813
2210		21.241941
2211		19.237986
2212		23.245899
2213		28.055395
2214		23.245899
2215		24.047482
2216		22.845108
2217		29.257769
2218		24.448273
2219		19.638777
2220		23.245899
2221		27.253813
2222		24.448273
2223		26.452230
2224		34.468056
2225		28.456186
2226		28.456186
2227		27.253813
2228		22.845108
2229		26.051439
2230		21.241941
2231		26.452230
2232		28.055395
2233		28.055395
2234		27.654604
2235		27.253813
2236		24.448273
2237		30.860935
2238		24.047482
2239		32.063309
2240		24.849064
2241		23.245899
2242		24.047482
2243		26.051439
2244		29.257769
2245		23.245899
2246		25.249855
2247		29.257769
2248		31.261726
2249		24.849064
2250		20.039568
2251		25.650648
2252		28.456186
2253		29.257769
2254		34.067265
2255		30.460144
2256		32.063309
2257		26.051439
2258		24.448273
2259		28.055395
2260		24.448273
2261		30.460144
2262		30.059353
2263		32.063309
2264		21.642735
2265		22.043526
2266		27.253813
2267		30.059353
2268		26.051439
2269		31.662518
2270		28.856977
2271		30.460144
2272		26.452230
2273		21.642735
2274		22.444317
2275		28.856977
2276		28.856977
2277		28.456186
2278		34.067265
2279		32.063309
2280		29.257769
2281		26.051439
2282		34.868847
2283		28.856977
2284		30.059353
2285		25.650648
2286		28.055395
2287		29.257769
2288		26.051439
2289		26.051439
2290		30.860935
2291		25.650648
2292		24.849064
2293		20.841150
2294		30.059353
2295		25.249855
2296		28.055395
2297		25.249855
2298		21.642735
2299		18.837194
2300		27.253813
2301		24.448273
2302		23.646690
2303		19.237986
2304		22.444317
2305		28.856977
2306		21.642735
2307		23.245899
2308		27.654604
2309		26.452230
2310		29.257769
2311		21.241941
2312		21.642735
2313		18.837194
2314		18.837194
2315		20.039568
2316		17.234028
2317		23.646690
2318		19.638777
2319		24.849064
2320		21.642735
2321		18.837194
2322		18.436403
2323		19.638777
2324		14.027698
2325		16.432446
2326		19.237986
2327		18.035612
2328		18.035612
2329		17.634819
2330		17.634819
2331		12.825324
2332		20.039568
2333		20.039568
2334		21.642735
2335		17.234028
2336		16.833237
2337		19.237986
2338		20.440359
2339		17.234028
2340		16.833237
2341		12.424532
2342		16.833237
2343		21.241941
2344		12.424532
2345		16.432446
2346		18.837194
2347		20.039568
2348		14.428489
2349		15.630863
2350		20.039568
2351		13.626906
2352		17.634819
2353		16.031654
2354		20.039568
2355		16.833237
2356		13.626906
2357		13.226115
2358		17.234028
2359		16.833237
2360		17.634819
2361		16.833237
2362		19.237986
2363		19.237986
2364		16.833237
2365		18.837194
2366		20.039568
2367		35.269638
2368		47.694172
2369		68.936111
2370		89.376472
2371		88.574890
2372		62.523453
2373		41.682301
2374		31.662518
2375		20.841150
2376		18.436403
2377		15.230072
2378		13.226115
2379		20.841150
2380		17.234028
2381		18.837194
2382		11.622950
2383		21.642735
2384		17.634819
2385		16.031654
2386		17.634819
2387		16.432446
2388		11.222158
2389		18.837194
2390		12.825324
2391		19.237986
2392		11.222158
2393		16.031654
2394		15.630863
2395		19.237986
2396		17.634819
2397		16.432446
2398		13.626906
2399		14.829281
2400		20.039568
2401		12.825324
2402		19.638777
2403		17.234028
2404		14.027698
2405		16.031654
2406		13.626906
2407		16.031654
2408		18.436403
2409		16.432446
2410		13.226115
2411		12.023741
2412		14.829281
2413		14.027698
2414		16.031654
2415		15.230072
2416		12.825324
2417		10.420575
2418		16.432446
2419		20.039568
2420		14.428489
2421		12.023741
2422		16.432446
2423		13.626906
2424		9.618993
2425		16.833237
2426		12.424532
2427		13.626906
2428		13.626906
2429		13.626906
2430		9.618993
2431		12.424532
2432		19.638777
2433		14.027698
2434		15.630863
2435		14.027698
2436		16.031654
2437		14.428489
2438		13.226115
2439		16.833237
2440		14.027698
2441		14.428489
2442		12.424532
2443		14.428489
2444		11.622950
2445		11.222158
2446		12.023741
2447		14.428489
2448		15.230072
2449		11.222158
2450		14.027698
2451		16.833237
2452		14.027698
2453		19.638777
2454		12.424532
2455		13.226115
2456		12.424532
2457		13.226115
2458		9.618993
2459		15.230072
2460		14.027698
2461		20.039568
2462		14.428489
2463		16.432446
2464		15.630863
2465		11.222158
2466		14.428489
2467		12.825324
2468		16.031654
2469		12.023741
2470		12.825324
2471		15.230072
2472		13.626906
2473		14.027698
2474		18.837194
2475		15.630863
2476		14.027698
2477		11.622950
2478		12.023741
2479		13.626906
2480		12.424532
2481		12.023741
2482		14.027698
2483		13.626906
2484		12.825324
2485		12.424532
2486		15.230072
2487		11.222158
2488		16.031654
2489		15.230072
2490		14.027698
2491		13.226115
2492		11.622950
2493		10.821367
2494		13.626906
2495		14.027698
2496		16.833237
2497		17.234028
2498		12.424532
2499		12.023741
2500		8.817410
2501		11.222158
2502		11.622950
2503		9.618993
2504		12.424532
2505		9.618993
2506		11.222158
2507		11.622950
2508		7.615036
2509		7.615036
2510		8.817410
2511		9.218202
2512		7.214244
2513		5.611079
2514		6.011870
2515		10.821367
2516		8.817410
2517		6.011870
2518		9.218202
2519		3.607122
2520		6.011870
2521		8.817410
2522		4.809496
2523		7.615036
2524		5.611079
2525		5.611079
2526		4.809496
2527		4.809496
2528		5.611079
2529		5.611079
2530		4.809496
2531		4.007914
2532		2.805540
2533		4.408705
2534		2.404748
2535		4.007914
2536		2.805540
2537		3.206331
2538		2.404748
2539		4.809496
2540		2.404748
2541		3.607122
2542		5.611079
2543		3.607122
2544		3.206331
2545		2.404748
2546		2.404748
2547		2.805540
2548		2.003957
2549		2.805540
2550		2.003957
2551		1.603166
2552		1.202374
2553		1.603166
2554		2.404748
2555		2.404748
2556		2.003957
2557		2.805540
2558		1.202374
2559		2.003957
2560		2.404748
2561		2.003957
2562		2.003957
2563		3.206331
2564		0.400791
2565		2.805540
2566		2.003957
2567		2.404748
2568		0.801583
2569		0.400791
2570		1.603166
2571		3.607122
2572		7.214244
2573		20.039568
2574		40.479927
2575		74.547195
2576		119.435829
2577		133.062729
2578		115.828705
2579		87.372520
2580		38.075180
2581		16.031654
2582		6.412662
2583		1.603166
2584		0.400791
2585		0.000000
2586		0.000000
2587		0.000000
2588		0.000000
2589		0.000000
2590		0.000000
2591		0.000000
2592		0.000000
2593		0.000000
2594		0.000000
2595		0.000000
2596		0.000000
2597		0.000000
2598		0.000000
2599		0.000000
2600		0.000000
2601		0.000000
2602		0.000000
2603		0.000000
2604		0.000000
2605		0.000000
2606		0.000000
2607		0.000000
2608		0.000000
2609		0.000000
2610		0.000000
2611		0.000000
2612		0.000000
2613		0.000000
2614		0.000000
2615		0.000000
2616		0.000000
2617		0.000000
2618		0.000000
2619		0.000000
2620		0.000000
2621		0.000000
2622		0.000000
2623		0.000000
2624		0.000000
2625		0.000000
2626		0.000000
2627		0.000000
2628		0.000000
2629		0.000000
2630		0.000000
2631		0.000000
2632		0.000000
2633		0.000000
2634		0.000000
2635		0.000000
2636		0.000000
2637		0.000000
2638		0.000000
2639		0.000000
2640		0.000000
2641		0.000000
2642		0.000000
2643		0.000000
2644		0.000000
2645		0.000000
2646		0.000000
2647		0.000000
2648		0.000000
2649		0.000000
2650		0.000000
2651		0.000000
2652		0.000000
2653		0.000000
2654		0.000000
2655		0.000000
2656		0.000000
2657		0.000000
2658		0.000000
2659		0.000000
2660		0.000000
2661		0.000000
2662		0.000000
2663		0.000000
2664		0.000000
2665		0.000000
2666		0.000000
2667		0.000000
2668		0.000000
2669		0.000000
2670		0.000000
2671		0.000000
2672		0.000000
2673		0.000000
2674		0.000000
2675		0.000000
2676		0.000000
2677		0.000000
2678		0.000000
2679		0.000000
2680		0.000000
2681		0.000000
2682		0.000000
2683		0.000000
2684		0.000000
2685		0.000000
2686		0.000000
2687		0.000000
2688		0.000000
2689		0.000000
2690		0.000000
2691		0.000000
2692		0.000000
2693		0.000000
2694		0.000000
2695		0.000000
2696		0.000000
2697		0.000000
2698		0.000000
2699		0.000000
2700		0.000000
2701		0.000000
2702		0.000000
2703		0.000000
2704		0.000000
2705		0.000000
2706		0.000000
2707		0.000000
2708		0.000000
2709		0.000000
2710		0.000000
2711		0.000000
2712		0.000000
2713		0.000000
2714		0.000000
2715		0.000000
2716		0.000000
2717		0.000000
2718		0.000000
2719		0.000000
2720		0.000000
2721		0.000000
2722		0.000000
2723		0.000000
2724		0.000000
2725		0.000000
2726		0.000000
2727		0.000000
2728		0.000000
2729		0.000000
2730		0.000000
2731		0.000000
2732		0.000000
2733		0.000000
2734		0.000000
2735		0.000000
2736		0.000000
2737		0.000000
2738		0.000000
2739		0.000000
2740		0.000000
2741		0.000000
2742		0.000000
2743		0.000000
2744		0.000000
2745		0.000000
2746		0.000000
2747		0.000000
2748		0.000000
2749		0.000000
2750		0.000000
2751		0.000000
2752		0.000000
2753		0.000000
2754		0.000000
2755		0.000000
2756		0.000000
2757		0.000000
2758		0.000000
2759		0.000000
2760		0.000000
2761		0.000000
2762		0.000000
2763		0.000000
2764		0.000000
2765		0.000000
2766		0.000000
2767		0.000000
2768		0.000000
2769		0.000000
2770		0.000000
2771		0.000000
2772		0.000000
2773		0.000000
2774		0.000000
2775		0.000000
2776		0.000000
2777		0.000000
2778		0.000000
2779		0.000000
2780		0.000000
2781		0.000000
2782		0.000000
2783		0.000000
2784		0.000000
2785		0.000000
2786		0.000000
2787		0.000000
2788		0.000000
2789		0.000000
2790		0.000000
2791		0.000000
2792		0.000000
2793		0.000000
2794		0.000000
2795		0.000000
2796		0.000000
2797		0.000000
2798		0.000000
2799		0.000000
2800		0.000000
2801		0.000000
2802		0.000000
2803		0.000000
2804		0.000000
2805		0.000000
2806		0.000000
2807		0.000000
2808		0.000000
2809		0.000000
2810		0.000000
2811		0.000000
2812		0.000000
2813		0.000000
2814		0.000000
2815		0.000000
2816		0.000000
2817		0.000000
2818		0.000000
2819		0.000000
2820		0.000000
2821		0.000000
2822		0.000000
2823		0.000000
2824		0.000000
2825		0.000000
2826		0.000000
2827		0.000000
2828		0.000000
2829		0.000000
2830		0.000000
2831		0.000000
2832		0.000000
2833		0.000000
2834		0.000000
2835		0.000000
2836		0.000000
2837		0.000000
2838		0.000000
2839		0.000000
2840		0.000000
2841		0.000000
2842		0.000000
2843		0.000000
2844		0.000000
2845		0.000000
2846		0.000000
2847		0.000000
2848		0.000000
2849		0.000000
2850		0.000000
2851		0.000000
2852		0.000000
2853		0.000000
2854		0.000000
2855		0.000000
2856		0.000000
2857		0.000000
2858		0.000000
2859		0.000000
2860		0.000000
2861		0.000000
2862		0.000000
2863		0.000000
2864		0.000000
2865		0.000000
2866		0.000000
2867		0.000000
2868		0.000000
2869		0.000000
2870		0.000000
2871		0.000000
2872		0.000000
2873		0.000000
2874		0.000000
2875		0.000000
2876		0.000000
2877		0.000000
2878		0.000000
2879		0.000000
2880		0.000000
2881		0.000000
2882		0.000000
2883		0.000000
2884		0.000000
2885		0.000000
2886		0.000000
2887		0.000000
2888		0.000000
2889		0.000000
2890		0.000000
2891		0.000000
2892		0.000000
2893		0.000000
2894		0.000000
2895		0.000000
2896		0.000000
2897		0.000000
2898		0.000000
2899		0.000000
2900		0.000000
2901		0.000000
2902		0.000000
2903		0.000000
2904		0.000000
2905		0.000000
2906		0.000000
2907		0.000000
2908		0.000000
2909		0.000000
2910		0.000000
2911		0.000000
2912		0.000000
2913		0.000000
2914		0.000000
2915		0.000000
2916		0.000000
2917		0.000000
2918		0.000000
2919		0.000000
2920		0.000000
2921		0.000000
2922		0.000000
2923		0.000000
2924		0.000000
2925		0.000000
2926		0.000000
2927		0.000000
2928		0.000000
2929		0.000000
2930		0.000000
2931		0.000000
2932		0.000000
2933		0.000000
2934		0.000000
2935		0.000000
2936		0.000000
2937		0.000000
2938		0.000000
2939		0.000000
2940		0.000000
2941		0.000000
2942		0.000000
2943		0.000000
2944		0.000000
2945		0.000000
2946		0.000000
2947		0.000000
2948		0.000000
2949		0.000000
2950		0.000000
2951		0.000000
2952		0.000000
2953		0.000000
2954		0.000000
2955		0.000000
2956		0.000000
2957		0.000000
2958		0.000000
2959		0.000000
2960		0.000000
2961		0.000000
2962		0.000000
2963		0.000000
2964		0.000000
2965		0.000000
2966		0.000000
2967		0.000000
2968		0.000000
2969		0.000000
2970		0.000000
2971		0.000000
2972		0.000000
2973		0.000000
2974		0.000000
2975		0.000000
2976		0.000000
2977		0.000000
2978		0.000000
2979		0.000000
2980		0.000000
2981		0.000000
2982		0.000000
2983		0.000000
2984		0.000000
2985		0.000000
2986		0.000000
2987		0.000000
2988		0.000000
2989		0.000000
2990		0.000000
2991		0.000000
2992		0.000000
2993		0.000000
2994		0.000000
2995		0.000000
2996		0.000000
2997		0.000000
2998		0.000000
2999		0.000000
3000		0.000000
3001		0.000000
3002		0.000000
3003		0.000000
3004		0.000000
3005		0.000000
3006		0.000000
3007		0.000000
3008		0.000000
3009		0.000000
3010		0.000000
3011		0.000000
3012		0.000000
3013		0.000000
3014		0.000000
3015		0.000000
3016		0.000000
3017		0.000000
3018		0.000000
3019		0.000000
3020		0.000000
3021		0.000000
3022		0.000000
3023		0.000000
3024		0.000000
3025		0.000000
3026		0.000000
3027		0.000000
3028		0.000000
3029		0.000000
3030		0.000000
3031		0.000000
3032		0.000000
3033		0.000000
3034		0.000000
3035		0.000000
3036		0.000000
3037		0.000000
3038		0.000000
3039		0.000000
3040		0.000000
3041		0.000000
3042		0.000000
3043		0.000000
3044		0.000000
3045		0.000000
3046		0.000000
3047		0.000000
3048		0.000000
3049		0.000000
3050		0.000000
3051		0.000000
3052		0.000000
3053		0.000000
3054		0.000000
3055		0.000000
3056		0.000000
3057		0.000000
3058		0.000000
3059		0.000000
3060		0.000000
3061		0.000000
3062		0.000000
3063		0.000000
3064		0.000000
3065		0.000000
3066		0.000000
3067		0.000000
3068		0.000000
3069		0.000000
3070		0.000000
3071		0.000000
3072		0.000000
3073		0.000000
3074		0.000000
3075		0.000000
3076		0.000000
3077		0.000000
3078		0.000000
3079		0.000000
3080		0.000000
3081		0.000000
3082		0.000000
3083		0.000000
3084		0.000000
3085		0.000000
3086		0.000000
3087		0.000000
3088		0.000000
3089		0.000000
3090		0.000000
3091		0.000000
3092		0.000000
3093		0.000000
3094		0.000000
3095		0.000000
3096		0.000000
3097		0.000000
3098		0.000000
3099		0.000000
3100		0.000000
3101		0.000000
3102		0.000000
3103		0.000000
3104		0.000000
3105		0.000000
3106		0.000000
3107		0.000000
3108		0.000000
3109		0.000000
3110		0.000000
3111		0.000000
3112		0.000000
3113		0.000000
3114		0.000000
3115		0.000000
3116		0.000000
3117		0.000000
3118		0.000000
3119		0.000000
3120		0.000000
3121		0.000000
3122		0.000000
3123		0.000000
3124		0.000000
3125		0.000000
3126		0.000000
3127		0.000000
3128		0.000000
3129		0.000000
3130		0.000000
3131		0.000000
3132		0.000000
3133		0.000000
3134		0.000000
3135		0.000000
3136		0.000000
3137		0.000000
3138		0.000000
3139		0.000000
3140		0.000000
3141		0.000000
3142		0.000000
3143		0.000000
3144		0.000000
3145		0.000000
3146		0.000000
3147		0.000000
3148		0.000000
3149		0.000000
3150		0.000000
3151		0.000000
3152		0.000000
3153		0.000000
3154		0.000000
3155		0.000000
3156		0.000000
3157		0.000000
3158		0.000000
3159		0.000000
3160		0.000000
3161		0.000000
3162		0.000000
3163		0.000000
3164		0.000000
3165		0.000000
3166		0.000000
3167		0.000000
3168		0.000000
3169		0.000000
3170		0.000000
3171		0.000000
3172		0.000000
3173		0.000000
3174		0.000000
3175		0.000000
3176		0.000000
3177		0.000000
3178		0.000000
3179		0.000000
3180		0.000000
3181		0.000000
3182		0.000000
3183		0.000000
3184		0.000000
3185		0.000000
3186		0.000000
3187		0.000000
3188		0.000000
3189		0.000000
3190		0.000000
3191		0.000000
3192		0.000000
3193		0.000000
3194		0.000000
3195		0.000000
3196		0.000000
3197		0.000000
3198		0.000000
3199		0.000000
3200		0.000000
3201		0.000000
3202		0.000000
3203		0.000000
3204		0.000000
3205		0.000000
3206		0.000000
3207		0.000000
3208		0.000000
3209		0.000000
3210		0.000000
3211		0.000000
3212		0.000000
3213		0.000000
3214		0.000000
3215		0.000000
3216		0.000000
3217		0.000000
3218		0.000000
3219		0.000000
3220		0.000000
3221		0.000000
3222		0.000000
3223		0.000000
3224		0.000000
3225		0.000000
3226		0.000000
3227		0.000000
3228		0.000000
3229		0.000000
3230		0.000000
3231		0.000000
3232		0.000000
3233		0.000000
3234		0.000000
3235		0.000000
3236		0.000000
3237		0.000000
3238		0.000000
3239		0.000000
3240		0.000000
3241		0.000000
3242		0.000000
3243		0.000000
3244		0.000000
3245		0.000000
3246		0.000000
3247		0.000000
3248		0.000000
3249		0.000000
3250		0.000000
3251		0.000000
3252		0.000000
3253		0.000000
3254		0.000000
3255		0.000000
3256		0.000000
3257		0.000000
3258		0.000000
3259		0.000000
3260		0.000000
3261		0.000000
3262		0.000000
3263		0.000000
3264		0.000000
3265		0.000000
3266		0.000000
3267		0.000000
3268		0.000000
3269		0.000000
3270		0.000000
3271		0.000000
3272		0.000000
3273		0.000000
3274		0.000000
3275		0.000000
3276		0.000000
3277		0.000000
3278		0.000000
3279		0.000000
3280		0.000000
3281		0.000000
3282		0.000000
3283		0.000000
3284		0.000000
3285		0.000000
3286		0.000000
3287		0.000000
3288		0.000000
3289		0.000000
3290		0.000000
3291		0.000000
3292		0.000000
3293		0.000000
3294		0.000000
3295		0.000000
3296		0.000000
3297		0.000000
3298		0.000000
3299		0.000000
3300		0.000000
3301		0.000000
3302		0.000000
3303		0.000000
3304		0.000000
3305		0.000000
3306		0.000000
3307		0.000000
3308		0.000000
3309		0.000000
3310		0.000000
3311		0.000000
3312		0.000000
3313		0.000000
3314		0.000000
3315		0.000000
3316		0.000000
3317		0.000000
3318		0.000000
3319		0.000000
3320		0.000000
3321		0.000000
3322		0.000000
3323		0.000000
3324		0.000000
3325		0.000000
3326		0.000000
3327		0.000000
3328		0.000000
3329		0.000000
3330		0.000000
3331		0.000000
3332		0.000000
3333		0.000000
3334		0.000000
3335		0.000000
3336		0.000000
3337		0.000000
3338		0.000000
3339		0.000000
3340		0.000000
3341		0.000000
3342		0.000000
3343		0.000000
3344		0.000000
3345		0.000000
3346		0.000000
3347		0.000000
3348		0.000000
3349		0.000000
3350		0.000000
3351		0.000000
3352		0.000000
3353		0.000000
3354		0.000000
3355		0.000000
3356		0.000000
3357		0.000000
3358		0.000000
3359		0.000000
3360		0.000000
3361		0.000000
3362		0.000000
3363		0.000000
3364		0.000000
3365		0.000000
3366		0.000000
3367		0.000000
3368		0.000000
3369		0.000000
3370		0.000000
3371		0.000000
3372		0.000000
3373		0.000000
3374		0.000000
3375		0.000000
3376		0.000000
3377		0.000000
3378		0.000000
3379		0.000000
3380		0.000000
3381		0.000000
3382		0.000000
3383		0.000000
3384		0.000000
3385		0.000000
3386		0.000000
3387		0.000000
3388		0.000000
3389		0.000000
3390		0.000000
3391		0.000000
3392		0.000000
3393		0.000000
3394		0.000000
3395		0.000000
3396		0.000000
3397		0.000000
3398		0.000000
3399		0.000000
3400		0.000000
3401		0.000000
3402		0.000000
3403		0.000000
3404		0.000000
3405		0.000000
3406		0.000000
3407		0.000000
3408		0.000000
3409		0.000000
3410		0.000000
3411		0.000000
3412		0.000000
3413		0.000000
3414		0.000000
3415		0.000000
3416		0.000000
3417		0.000000
3418		0.000000
3419		0.000000
3420		0.000000
3421		0.000000
3422		0.000000
3423		0.000000
3424		0.000000
3425		0.000000
3426		0.000000
3427		0.000000
3428		0.000000
3429		0.000000
3430		0.000000
3431		0.000000
3432		0.000000
3433		0.000000
3434		0.000000
3435		0.000000
3436		0.000000
3437		0.000000
3438		0.000000
3439		0.000000
3440		0.000000
3441		0.000000
3442		0.000000
3443		0.000000
3444		0.000000
3445		0.000000
3446		0.000000
3447		0.000000
3448		0.000000
3449		0.000000
3450		0.000000
3451		0.000000
3452		0.000000
3453		0.000000
3454		0.000000
3455		0.000000
3456		0.000000
3457		0.000000
3458		0.000000
3459		0.000000
3460		0.000000
3461		0.000000
3462		0.000000
3463		0.000000
3464		0.000000
3465		0.000000
3466		0.000000
3467		0.000000
3468		0.000000
3469		0.000000
3470		0.000000
3471		0.000000
3472		0.000000
3473		0.000000
3474		0.000000
3475		0.000000
3476		0.000000
3477		0.000000
3478		0.000000
3479		0.000000
3480		0.000000
3481		0.000000
3482		0.000000
3483		0.000000
3484		0.000000
3485		0.000000
3486		0.000000
3487		0.000000
3488		0.000000
3489		0.000000
3490		0.000000
3491		0.000000
3492		0.000000
3493		0.000000
3494		0.000000
3495		0.000000
3496		0.000000
3497		0.000000
3498		0.000000
3499		0.000000
3500		0.000000
3501		0.000000
3502		0.000000
3503		0.000000
3504		0.000000
3505		0.000000
3506		0.000000
3507		0.000000
3508		0.000000
3509		0.000000
3510		0.000000
3511		0.000000
3512		0.000000
3513		0.000000
3514		0.000000
3515		0.000000
3516		0.000000
3517		0.000000
3518		0.000000
3519		0.000000
3520		0.000000
3521		0.000000
3522		0.000000
3523		0.000000
3524		0.000000
3525		0.000000
3526		0.000000
3527		0.000000
3528		0.000000
3529		0.000000
3530		0.000000
3531		0.000000
3532		0.000000
3533		0.000000
3534		0.000000
3535		0.000000
3536		0.000000
3537		0.000000
3538		0.000000
3539		0.000000
3540		0.000000
3541		0.000000
3542		0.000000
3543		0.000000
3544		0.000000
3545		0.000000
3546		0.000000
3547		0.000000
3548		0.000000
3549		0.000000
3550		0.000000
3551		0.000000
3552		0.000000
3553		0.000000
3554		0.000000
3555		0.000000
3556		0.000000
3557		0.000000
3558		0.000000
3559		0.000000
3560		0.000000
3561		0.000000
3562		0.000000
3563		0.000000
3564		0.000000
3565		0.000000
3566		0.000000
3567		0.000000
3568		0.000000
3569		0.000000
3570		0.000000
3571		0.000000
3572		0.000000
3573		0.000000
3574		0.000000
3575		0.000000
3576		0.000000
3577		0.000000
3578		0.000000
3579		0.000000
3580		0.000000
3581		0.000000
3582		0.000000
3583		0.000000
3584		0.000000
3585		0.000000
3586		0.000000
3587		0.000000
3588		0.000000
3589		0.000000
3590		0.000000
3591		0.000000
3592		0.000000
3593		0.000000
3594		0.000000
3595		0.000000
3596		0.000000
3597		0.000000
3598		0.000000
3599		0.000000
3600		0.000000
3601		0.000000
3602		0.000000
3603		0.000000
3604		0.000000
3605		0.000000
3606		0.000000
3607		0.000000
3608		0.000000
3609		0.000000
3610		0.000000
3611		0.000000
3612		0.000000
3613		0.000000
3614		0.000000
3615		0.000000
3616		0.000000
3617		0.000000
3618		0.000000
3619		0.000000
3620		0.000000
3621		0.000000
3622		0.000000
3623		0.000000
3624		0.000000
3625		0.000000
3626		0.000000
3627		0.000000
3628		0.000000
3629		0.000000
3630		0.000000
3631		0.000000
3632		0.000000
3633		0.000000
3634		0.000000
3635		0.000000
3636		0.000000
3637		0.000000
3638		0.000000
3639		0.000000
3640		0.000000
3641		0.000000
3642		0.000000
3643		0.000000
3644		0.000000
3645		0.000000
3646		0.000000
3647		0.000000
3648		0.000000
3649		0.000000
3650		0.000000
3651		0.000000
3652		0.000000
3653		0.000000
3654		0.000000
3655		0.000000
3656		0.000000
3657		0.000000
3658		0.000000
3659		0.000000
3660		0.000000
3661		0.000000
3662		0.000000
3663		0.000000
3664		0.000000
3665		0.000000
3666		0.000000
3667		0.000000
3668		0.000000
3669		0.000000
3670		0.000000
3671		0.000000
3672		0.000000
3673		0.000000
3674		0.000000
3675		0.000000
3676		0.000000
3677		0.000000
3678		0.000000
3679		0.000000
3680		0.000000
3681		0.000000
3682		0.000000
3683		0.000000
3684		0.000000
3685		0.000000
3686		0.000000
3687		0.000000
3688		0.000000
3689		0.000000
3690		0.000000
3691		0.000000
3692		0.000000
3693		0.000000
3694		0.000000
3695		0.000000
3696		0.000000
3697		0.000000
3698		0.000000
3699		0.000000
3700		0.000000
3701		0.000000
3702		0.000000
3703		0.000000
3704		0.000000
3705		0.000000
3706		0.000000
3707		0.000000
3708		0.000000
3709		0.000000
3710		0.000000
3711		0.000000
3712		0.000000
3713		0.000000
3714		0.000000
3715		0.000000
3716		0.000000
3717		0.000000
3718		0.000000
3719		0.000000
3720		0.000000
3721		0.000000
3722		0.000000
3723		0.000000
3724		0.000000
3725		0.000000
3726		0.000000
3727		0.000000
3728		0.000000
3729		0.000000
3730		0.000000
3731		0.000000
3732		0.000000
3733		0.000000
3734		0.000000
3735		0.000000
3736		0.000000
3737		0.000000
3738		0.000000
3739		0.000000
3740		0.000000
3741		0.000000
3742		0.000000
3743		0.000000
3744		0.000000
3745		0.000000
3746		0.000000
3747		0.000000
3748		0.000000
3749		0.000000
3750		0.000000
3751		0.000000
3752		0.000000
3753		0.000000
3754		0.000000
3755		0.000000
3756		0.000000
3757		0.000000
3758		0.000000
3759		0.000000
3760		0.000000
3761		0.000000
3762		0.000000
3763		0.000000
3764		0.000000
3765		0.000000
3766		0.000000
3767		0.000000
3768		0.000000
3769		0.000000
3770		0.000000
3771		0.000000
3772		0.000000
3773		0.000000
3774		0.000000
3775		0.000000
3776		0.000000
3777		0.000000
3778		0.000000
3779		0.000000
3780		0.000000
3781		0.000000
3782		0.000000
3783		0.000000
3784		0.000000
3785		0.000000
3786		0.000000
3787		0.000000
3788		0.000000
3789		0.000000
3790		0.000000
3791		0.000000
3792		0.000000
3793		0.000000
3794		0.000000
3795		0.000000
3796		0.000000
3797		0.000000
3798		0.000000
3799		0.000000
3800		0.000000
3801		0.000000
3802		0.000000
3803		0.000000
3804		0.000000
3805		0.000000
3806		0.000000
3807		0.000000
3808		0.000000
3809		0.000000
3810		0.000000
3811		0.000000
3812		0.000000
3813		0.000000
3814		0.000000
3815		0.000000
3816		0.000000
3817		0.000000
3818		0.000000
3819		0.000000
3820		0.000000
3821		0.000000
3822		0.000000
3823		0.000000
3824		0.000000
3825		0.000000
3826		0.000000
3827		0.000000
3828		0.000000
3829		0.000000
3830		0.000000
3831		0.000000
3832		0.000000
3833		0.000000
3834		0.000000
3835		0.000000
3836		0.000000
3837		0.000000
3838		0.000000
3839		0.000000
3840		0.000000
3841		0.000000
3842		0.000000
3843		0.000000
3844		0.000000
3845		0.000000
3846		0.000000
3847		0.000000
3848		0.000000
3849		0.000000
3850		0.000000
3851		0.000000
3852		0.000000
3853		0.000000
3854		0.000000
3855		0.000000
3856		0.000000
3857		0.000000
3858		0.000000
3859		0.000000
3860		0.000000
3861		0.000000
3862		0.000000
3863		0.000000
3864		0.000000
3865		0.000000
3866		0.000000
3867		0.000000
3868		0.000000
3869		0.000000
3870		0.000000
3871		0.000000
3872		0.000000
3873		0.000000
3874		0.000000
3875		0.000000
3876		0.000000
3877		0.000000
3878		0.000000
3879		0.000000
3880		0.000000
3881		0.000000
3882		0.000000
3883		0.000000
3884		0.000000
3885		0.000000
3886		0.000000
3887		0.000000
3888		0.000000
3889		0.000000
3890		0.000000
3891		0.000000
3892		0.000000
3893		0.000000
3894		0.000000
3895		0.000000
3896		0.000000
3897		0.000000
3898		0.000000
3899		0.000000
3900		0.000000
3901		0.000000
3902		0.000000
3903		0.000000
3904		0.000000
3905		0.000000
3906		0.000000
3907		0.000000
3908		0.000000
3909		0.000000
3910		0.000000
3911		0.000000
3912		0.000000
3913		0.000000
3914		0.000000
3915		0.000000
3916		0.000000
3917		0.000000
3918		0.000000
3919		0.000000
3920		0.000000
3921		0.000000
3922		0.000000
3923		0.000000
3924		0.000000
3925		0.000000
3926		0.000000
3927		0.000000
3928		0.000000
3929		0.000000
3930		0.000000
3931		0.000000
3932		0.000000
3933		0.000000
3934		0.000000
3935		0.000000
3936		0.000000
3937		0.000000
3938		0.000000
3939		0.000000
3940		0.000000
3941		0.000000
3942		0.000000
3943		0.000000
3944		0.000000
3945		0.000000
3946		0.000000
3947		0.000000
3948		0.000000
3949		0.000000
3950		0.000000
3951		0.000000
3952		0.000000
3953		0.000000
3954		0.000000
3955		0.000000
3956		0.000000
3957		0.000000
3958		0.000000
3959		0.000000
3960		0.000000
3961		0.000000
3962		0.000000
3963		0.000000
3964		0.000000
3965		0.000000
3966		0.000000
3967		0.000000
3968		0.000000
3969		0.000000
3970		0.000000
3971		0.000000
3972		0.000000
3973		0.000000
3974		0.000000
3975		0.000000
3976		0.000000
3977		0.000000
3978		0.000000
3979		0.000000
3980		0.000000
3981		0.000000
3982		0.000000
3983		0.000000
3984		0.000000
3985		0.000000
3986		0.000000
3987		0.000000
3988		0.000000
3989		0.000000
3990		0.000000
3991		0.000000
3992		0.000000
3993		0.000000
3994		0.000000
3995		0.000000
3996		0.000000
3997		0.000000
3998		0.000000
3999		0.000000
4000		0.000000
4001		0.000000
4002		0.000000
4003		0.000000
4004		0.000000
4005		0.000000
4006		0.000000
4007		0.000000
4008		0.000000
4009		0.000000
4010		0.000000
4011		0.000000
4012		0.000000
4013		0.000000
4014		0.000000
4015		0.000000
4016		0.000000
4017		0.000000
4018		0.000000
4019		0.000000
4020		0.000000
4021		0.000000
4022		0.000000
4023		0.000000
4024		0.000000
4025		0.000000
4026		0.000000
4027		0.000000
4028		0.000000
4029		0.000000
4030		0.000000
4031		0.000000
4032		0.000000
4033		0.000000
4034		0.000000
4035		0.000000
4036		0.000000
4037		0.000000
4038		0.000000
4039		0.000000
4040		0.000000
4041		0.000000
4042		0.000000
4043		0.000000
4044		0.000000
4045		0.000000
4046		0.000000
4047		0.000000
4048		0.000000
4049		0.000000
4050		0.000000
4051		0.000000
4052		0.000000
4053		0.000000
4054		0.000000
4055		0.000000
4056		0.000000
4057		0.000000
4058		0.000000
4059		0.000000
4060		0.000000
4061		0.000000
4062		0.000000
4063		0.000000
4064		0.000000
4065		0.000000
4066		0.000000
4067		0.000000
4068		0.000000
4069		0.000000
4070		0.000000
4071		0.000000
4072		0.000000
4073		0.000000
4074		0.000000
4075		0.000000
4076		0.000000
4077		0.000000
4078		0.000000
4079		0.000000
4080		0.000000
4081		0.000000
4082		0.000000
4083		0.000000
4084		0.000000
4085		0.000000
4086		0.000000
4087		0.000000
4088		0.000000
4089		0.000000
4090		0.000000
4091		0.000000
4092		0.000000
4093		0.000000
4094		0.000000
4095		0.000000
