0		0.000000
1		0.000000
2		0.000000
3		0.000000
4		0.000000
5		0.000000
6		0.000000
7		0.000000
8		0.000000
9		0.000000
10		0.000000
11		0.000000
12		0.000000
13		0.000000
14		0.000000
15		0.000000
16		0.000000
17		0.000000
18		0.000000
19		0.000000
20		0.000000
21		0.000000
22		0.000000
23		0.000000
24		0.000000
25		0.000000
26		0.000000
27		0.000000
28		0.000000
29		0.000000
30		0.000000
31		0.000000
32		0.000000
33		0.000000
34		0.000000
35		0.000000
36		0.000000
37		0.000000
38		0.000000
39		0.000000
40		0.000000
41		0.000000
42		0.000000
43		0.000000
44		0.000000
45		0.000000
46		0.000000
47		0.000000
48		0.000000
49		0.000000
50		0.000000
51		0.000000
52		0.000000
53		0.000000
54		0.000000
55		0.000000
56		0.000000
57		0.000000
58		0.000000
59		0.000000
60		0.000000
61		0.000000
62		0.000000
63		0.000000
64		0.000000
65		0.000000
66		0.000000
67		0.000000
68		0.000000
69		0.000000
70		0.000000
71		0.000000
72		0.000000
73		0.000000
74		0.000000
75		0.000000
76		0.000000
77		0.000000
78		0.000000
79		0.000000
80		0.000000
81		0.000000
82		0.000000
83		0.000000
84		0.000000
85		0.000000
86		0.000000
87		0.000000
88		0.000000
89		0.000000
90		0.000000
91		0.000000
92		0.000000
93		0.000000
94		0.000000
95		0.000000
96		0.000000
97		0.000000
98		0.000000
99		0.000000
100		0.000000
101		0.000000
102		0.000000
103		0.000000
104		0.000000
105		0.000000
106		0.000000
107		0.000000
108		0.000000
109		264298.218750
110		30784.216797
111		534.913208
112		515.173279
113		502.787476
114		518.269775
115		503.174530
116		478.789917
117		484.208710
118		507.045105
119		466.791138
120		485.369873
121		514.012146
122		512.463867
123		501.626282
124		525.236816
125		506.658051
126		533.364990
127		552.330811
128		539.170837
129		534.913208
130		560.846069
131		588.714172
132		577.876587
133		588.714172
134		583.682434
135		587.553040
136		642.515137
137		638.644592
138		667.673889
139		694.767883
140		618.130554
141		524.849731
142		499.691010
143		523.301514
144		553.491943
145		533.364990
146		549.234314
147		566.264893
148		601.100037
149		572.457764
150		584.843628
151		630.129333
152		651.030396
153		730.764221
154		727.280701
155		713.733704
156		731.925415
157		778.372253
158		808.175720
159		782.629883
160		797.338074
161		846.494385
162		856.944885
163		869.330750
164		865.460144
165		951.773987
166		938.226929
167		973.062134
168		976.545654
169		966.482117
170		992.802063
171		1004.800781
172		1052.795898
173		1069.439331
174		1122.079224
175		1128.659180
176		1220.778809
177		1231.616455
178		1257.162231
179		1303.996094
180		1339.992432
181		1333.799561
182		3761.035889
183		18480.052734
184		6101.571777
185		770.631104
186		727.280701
187		736.570068
188		752.826477
189		723.797180
190		771.792297
191		841.462646
192		863.911926
193		832.560303
194		844.171997
195		822.883850
196		823.657959
197		839.140259
198		764.825256
199		770.631104
200		756.697083
201		754.761780
202		737.344177
203		739.666565
204		765.986450
205		723.797180
206		711.798401
207		767.147644
208		741.988892
209		765.212341
210		763.277039
211		740.827698
212		719.926636
213		725.345398
214		702.509033
215		701.734924
216		693.219666
217		684.704407
218		712.572510
219		697.864380
220		662.642151
221		640.192810
222		672.705627
223		691.671448
224		670.383301
225		676.576172
226		667.673889
227		650.256287
228		629.742249
229		655.288025
230		649.482178
231		640.966919
232		649.482178
233		640.192810
234		620.839966
235		630.903442
236		625.097595
237		620.065857
238		633.225769
239		624.710510
240		602.648254
241		642.515137
242		601.487061
243		634.773987
244		606.131775
245		620.839966
246		589.488281
247		585.230652
248		560.846069
249		551.556702
250		571.296631
251		565.877808
252		514.012146
253		535.687317
254		525.623840
255		509.367432
256		529.107361
257		520.592102
258		511.689789
259		499.691010
260		503.948639
261		483.821655
262		500.465118
263		473.758179
264		496.207489
265		500.078064
266		482.273438
267		469.887604
268		483.047546
269		486.531067
270		479.176971
271		455.566467
272		441.245361
273		475.306396
274		483.821655
275		479.951080
276		460.598206
277		472.596985
278		467.952301
279		452.082947
280		464.081726
281		454.405304
282		452.082947
283		484.595764
284		465.629974
285		464.081726
286		475.306396
287		451.308838
288		461.372314
289		444.728851
290		439.310059
291		428.085388
292		452.857056
293		432.343018
294		433.504211
295		422.666595
296		455.179413
297		439.697113
298		431.568909
299		416.860748
300		439.697113
301		436.600647
302		445.890045
303		457.888824
304		424.214813
305		431.568909
306		429.246582
307		421.505432
308		408.345490
309		402.539612
310		436.987732
311		430.407745
312		416.473694
313		420.731323
314		607.292969
315		3403.781982
316		3915.858887
317		738.892456
318		401.765503
319		395.959656
320		404.087860
321		392.476135
322		382.412628
323		394.024353
324		372.736206
325		377.767944
326		380.477356
327		385.896149
328		395.185516
329		397.507874
330		393.637299
331		396.346710
332		374.284424
333		385.509094
334		375.832672
335		394.411407
336		392.476135
337		391.701996
338		371.187958
339		381.638519
340		383.186737
341		375.058533
342		404.474915
343		395.572571
344		390.153778
345		383.960876
346		390.540833
347		389.766724
348		389.766724
349		385.896149
350		390.927887
351		389.766724
352		399.443146
353		392.089081
354		406.797241
355		406.410187
356		388.605560
357		405.636078
358		399.443146
359		443.180634
360		420.344238
361		400.217285
362		398.281982
363		399.830200
364		405.249023
365		411.828979
366		431.181854
367		424.214813
368		395.959656
369		413.764282
370		413.764282
371		417.247803
372		434.278320
373		445.890045
374		411.828979
375		462.920563
376		451.308838
377		454.018250
378		426.924225
379		461.372314
380		415.699554
381		446.664154
382		448.986481
383		449.373566
384		436.987732
385		464.855835
386		481.886353
387		463.694672
388		481.112244
389		574.393066
390		627.419922
391		527.946167
392		488.079285
393		487.305176
394		489.627502
395		512.076843
396		506.270966
397		505.496857
398		518.269775
399		542.267334
400		539.944946
401		546.137878
402		566.264893
403		583.682434
404		587.940063
405		617.356445
406		569.361328
407		495.046326
408		380.090302
409		375.832672
410		347.190430
411		382.799683
412		335.578705
413		355.705688
414		348.351593
415		348.351593
416		357.253906
417		327.450500
418		328.224609
419		322.805817
420		313.516418
421		322.805817
422		305.001160
423		291.841217
424		282.938904
425		296.098846
426		286.035370
427		295.711792
428		270.553070
429		272.488342
430		257.780182
431		267.843658
432		255.457840
433		265.134277
434		249.651978
435		232.621445
436		229.524994
437		247.716690
438		228.750885
439		205.914490
440		213.655640
441		202.818039
442		216.752106
443		214.042694
444		198.173355
445		204.366272
446		198.173355
447		198.947464
448		189.271027
449		198.947464
450		203.592148
451		197.399231
452		190.045151
453		198.947464
454		174.949905
455		177.659317
456		175.336960
457		167.208771
458		176.498138
459		175.724030
460		174.562851
461		164.112305
462		182.691055
463		166.434647
464		176.498138
465		184.239288
466		155.984100
467		156.758209
468		149.404129
469		159.467621
470		159.854675
471		162.951126
472		175.724030
473		156.758209
474		147.081787
475		159.854675
476		148.242950
477		154.822922
478		156.371155
479		142.824158
480		130.825378
481		141.662979
482		130.438324
483		135.470062
484		125.793633
485		132.373611
486		282.164795
487		4833.958984
488		18713.447266
489		11377.937500
490		1070.213501
491		104.118423
492		84.378494
493		82.443207
494		74.702065
495		78.185577
496		85.926727
497		79.346748
498		83.604385
499		75.863235
500		78.959694
501		87.087898
502		91.345528
503		77.024406
504		90.958473
505		76.637352
506		68.122086
507		83.217323
508		82.830269
509		84.765556
510		92.119644
511		84.765556
512		74.315002
513		87.087898
514		83.991440
515		85.926727
516		90.958473
517		87.087898
518		91.345528
519		83.991440
520		80.507927
521		71.605606
522		68.122086
523		77.411461
524		78.959694
525		68.509148
526		77.024406
527		68.896202
528		77.024406
529		81.282036
530		75.476181
531		79.733810
532		76.250290
533		73.153831
534		76.250290
535		83.604385
536		70.057373
537		83.604385
538		80.507927
539		71.605606
540		78.572639
541		80.120865
542		81.282036
543		87.862015
544		84.378494
545		80.894981
546		82.830269
547		87.087898
548		82.056152
549		91.732582
550		87.862015
551		93.667870
552		83.991440
553		89.410240
554		98.699615
555		93.667870
556		98.699615
557		102.957245
558		107.214882
559		99.860786
560		107.601936
561		200.495697
562		700.573730
563		740.440674
564		210.172119
565		71.992661
566		60.768002
567		70.444435
568		65.799744
569		64.251518
570		64.638573
571		74.315002
572		59.219772
573		56.510368
574		61.929173
575		63.864460
576		57.671539
577		55.736256
578		64.638573
579		62.316231
580		61.155056
581		52.252739
582		53.413910
583		71.992661
584		67.735031
585		61.542114
586		70.444435
587		59.993885
588		67.347977
589		60.768002
590		68.122086
591		58.058598
592		63.477402
593		59.606827
594		49.930393
595		63.090343
596		50.317451
597		52.639797
598		66.573860
599		62.316231
600		58.832714
601		57.284485
602		65.412689
603		57.671539
604		55.736256
605		64.251518
606		56.123310
607		55.736256
608		61.929173
609		60.768002
610		63.090343
611		58.058598
612		67.347977
613		58.832714
614		58.445656
615		51.091568
616		59.219772
617		55.349197
618		56.123310
619		53.026852
620		49.930393
621		59.606827
622		56.123310
623		47.995110
624		62.703285
625		56.123310
626		61.929173
627		51.091568
628		51.091568
629		45.285706
630		55.349197
631		52.252739
632		52.252739
633		50.704510
634		56.510368
635		51.478622
636		52.252739
637		45.285706
638		44.124535
639		40.253963
640		47.608051
641		41.415134
642		54.962139
643		43.737476
644		51.865681
645		48.769222
646		46.059822
647		45.285706
648		49.930393
649		40.641018
650		50.704510
651		44.124535
652		44.898651
653		47.608051
654		42.189247
655		47.220993
656		44.511593
657		38.318676
658		51.865681
659		43.737476
660		37.157501
661		47.995110
662		46.446880
663		38.318676
664		37.931618
665		45.672764
666		37.931618
667		41.415134
668		37.931618
669		41.802193
670		44.511593
671		41.802193
672		51.865681
673		38.705730
674		44.898651
675		40.641018
676		46.059822
677		41.802193
678		44.124535
679		40.253963
680		48.769222
681		36.770447
682		40.641018
683		51.091568
684		42.963364
685		50.317451
686		39.866905
687		43.350422
688		38.318676
689		38.318676
690		35.609272
691		40.641018
692		44.898651
693		48.769222
694		134.308884
695		235.330856
696		116.117195
697		47.220993
698		34.061043
699		37.157501
700		42.576305
701		37.157501
702		35.609272
703		40.253963
704		36.770447
705		37.544559
706		39.092789
707		32.512814
708		31.351643
709		39.866905
710		42.963364
711		37.157501
712		29.803413
713		39.092789
714		42.576305
715		34.448101
716		39.479847
717		33.673988
718		34.061043
719		29.029299
720		31.738701
721		36.383389
722		38.318676
723		33.673988
724		33.286930
725		27.094013
726		29.416357
727		34.448101
728		36.383389
729		33.286930
730		35.996330
731		41.028076
732		33.286930
733		27.094013
734		38.318676
735		30.577528
736		33.673988
737		33.286930
738		41.028076
739		39.479847
740		31.351643
741		36.770447
742		37.544559
743		32.899872
744		31.738701
745		30.577528
746		30.577528
747		26.706955
748		31.351643
749		39.092789
750		32.899872
751		26.706955
752		31.351643
753		40.641018
754		35.222218
755		36.770447
756		36.383389
757		37.544559
758		33.286930
759		32.512814
760		30.190472
761		34.448101
762		33.673988
763		30.577528
764		39.092789
765		32.899872
766		33.673988
767		28.255184
768		40.253963
769		35.222218
770		38.318676
771		29.029299
772		37.157501
773		39.866905
774		34.448101
775		29.029299
776		31.351643
777		35.609272
778		37.157501
779		31.351643
780		37.544559
781		32.512814
782		28.642242
783		27.481070
784		32.512814
785		27.868128
786		34.448101
787		30.577528
788		30.964586
789		34.835159
790		42.576305
791		35.222218
792		34.835159
793		29.416357
794		35.996330
795		32.899872
796		31.738701
797		31.351643
798		37.157501
799		29.803413
800		27.868128
801		32.899872
802		35.222218
803		32.125759
804		35.996330
805		34.835159
806		33.286930
807		25.158726
808		30.577528
809		35.609272
810		29.029299
811		30.964586
812		30.577528
813		32.512814
814		32.125759
815		29.803413
816		35.222218
817		30.964586
818		25.932840
819		29.803413
820		36.770447
821		34.061043
822		32.899872
823		30.577528
824		33.286930
825		30.190472
826		33.673988
827		32.899872
828		30.577528
829		30.190472
830		34.061043
831		31.738701
832		29.803413
833		39.479847
834		35.996330
835		35.996330
836		37.931618
837		29.416357
838		40.253963
839		32.512814
840		24.384611
841		32.512814
842		29.803413
843		26.319899
844		28.255184
845		34.448101
846		34.835159
847		32.899872
848		29.803413
849		24.384611
850		29.029299
851		33.673988
852		27.481070
853		32.512814
854		30.577528
855		32.899872
856		30.190472
857		30.577528
858		33.673988
859		27.094013
860		30.190472
861		29.803413
862		31.738701
863		26.706955
864		25.545784
865		37.931618
866		35.222218
867		30.577528
868		29.803413
869		33.673988
870		25.932840
871		27.868128
872		29.416357
873		37.544559
874		30.964586
875		27.481070
876		33.286930
877		31.351643
878		34.061043
879		34.835159
880		25.545784
881		31.351643
882		31.351643
883		30.964586
884		29.803413
885		32.512814
886		28.642242
887		29.803413
888		34.835159
889		28.255184
890		23.610497
891		33.673988
892		30.577528
893		31.351643
894		29.803413
895		28.255184
896		24.384611
897		21.675211
898		34.061043
899		30.577528
900		29.803413
901		25.158726
902		27.868128
903		31.351643
904		31.351643
905		33.286930
906		28.642242
907		33.286930
908		37.931618
909		34.061043
910		30.964586
911		30.964586
912		27.481070
913		32.512814
914		27.094013
915		29.029299
916		26.319899
917		29.029299
918		35.222218
919		32.512814
920		31.738701
921		26.319899
922		29.803413
923		35.996330
924		29.416357
925		29.803413
926		29.029299
927		32.512814
928		27.094013
929		25.545784
930		36.770447
931		34.448101
932		41.028076
933		26.706955
934		27.481070
935		25.545784
936		33.673988
937		27.481070
938		31.738701
939		23.997555
940		32.125759
941		29.416357
942		31.351643
943		27.868128
944		26.319899
945		29.416357
946		34.835159
947		29.029299
948		31.738701
949		26.706955
950		31.351643
951		33.673988
952		33.673988
953		30.190472
954		33.286930
955		32.125759
956		35.222218
957		27.868128
958		29.029299
959		33.673988
960		34.835159
961		29.803413
962		34.835159
963		26.319899
964		28.642242
965		28.642242
966		28.255184
967		34.835159
968		29.029299
969		29.803413
970		23.610497
971		38.705730
972		29.029299
973		25.932840
974		30.577528
975		26.319899
976		29.029299
977		26.706955
978		30.964586
979		32.512814
980		28.642242
981		32.512814
982		29.029299
983		30.190472
984		30.964586
985		33.286930
986		25.158726
987		29.416357
988		31.351643
989		35.609272
990		36.770447
991		32.512814
992		33.286930
993		25.932840
994		31.738701
995		30.577528
996		25.932840
997		32.899872
998		35.222218
999		32.125759
1000		27.868128
1001		29.416357
1002		27.094013
1003		26.706955
1004		20.126982
1005		29.803413
1006		29.029299
1007		27.481070
1008		38.318676
1009		24.384611
1010		30.964586
1011		33.286930
1012		27.868128
1013		30.964586
1014		32.125759
1015		37.544559
1016		33.286930
1017		32.125759
1018		25.158726
1019		26.319899
1020		26.706955
1021		27.094013
1022		33.673988
1023		34.448101
1024		33.673988
1025		33.286930
1026		25.545784
1027		26.319899
1028		28.642242
1029		30.190472
1030		29.029299
1031		23.997555
1032		34.835159
1033		31.351643
1034		32.899872
1035		27.481070
1036		27.868128
1037		30.964586
1038		27.481070
1039		35.609272
1040		27.868128
1041		34.448101
1042		25.932840
1043		30.190472
1044		34.448101
1045		31.351643
1046		30.190472
1047		29.416357
1048		22.449326
1049		30.577528
1050		36.383389
1051		35.222218
1052		30.190472
1053		26.319899
1054		30.577528
1055		27.868128
1056		30.190472
1057		31.738701
1058		30.190472
1059		33.286930
1060		37.544559
1061		31.738701
1062		31.738701
1063		26.706955
1064		29.416357
1065		29.803413
1066		30.577528
1067		28.642242
1068		35.222218
1069		32.512814
1070		31.738701
1071		23.997555
1072		37.931618
1073		31.738701
1074		29.416357
1075		31.351643
1076		28.255184
1077		31.351643
1078		34.448101
1079		29.416357
1080		30.577528
1081		30.190472
1082		29.029299
1083		29.416357
1084		31.738701
1085		33.673988
1086		29.416357
1087		32.512814
1088		35.222218
1089		32.899872
1090		27.481070
1091		32.125759
1092		30.964586
1093		34.835159
1094		38.705730
1095		31.351643
1096		27.481070
1097		29.416357
1098		34.448101
1099		26.319899
1100		27.868128
1101		33.673988
1102		23.223440
1103		28.255184
1104		29.803413
1105		28.255184
1106		34.448101
1107		29.029299
1108		27.094013
1109		27.481070
1110		30.577528
1111		30.190472
1112		27.868128
1113		37.544559
1114		30.964586
1115		30.577528
1116		32.125759
1117		35.996330
1118		32.899872
1119		30.964586
1120		32.899872
1121		32.125759
1122		33.286930
1123		31.738701
1124		31.351643
1125		31.351643
1126		29.029299
1127		37.931618
1128		29.416357
1129		28.255184
1130		34.061043
1131		28.642242
1132		29.803413
1133		28.642242
1134		24.771669
1135		33.673988
1136		31.738701
1137		28.642242
1138		31.351643
1139		30.577528
1140		30.964586
1141		31.738701
1142		30.190472
1143		29.416357
1144		36.770447
1145		30.964586
1146		27.868128
1147		26.319899
1148		32.125759
1149		31.351643
1150		29.803413
1151		25.158726
1152		37.544559
1153		27.481070
1154		30.964586
1155		29.803413
1156		24.771669
1157		33.286930
1158		35.222218
1159		26.319899
1160		23.997555
1161		32.512814
1162		24.771669
1163		32.125759
1164		32.125759
1165		35.609272
1166		29.803413
1167		35.609272
1168		24.384611
1169		30.577528
1170		30.964586
1171		27.868128
1172		30.577528
1173		35.222218
1174		31.738701
1175		30.577528
1176		31.738701
1177		29.803413
1178		31.738701
1179		26.706955
1180		33.286930
1181		27.094013
1182		32.899872
1183		31.738701
1184		31.738701
1185		25.545784
1186		30.964586
1187		28.255184
1188		27.868128
1189		32.512814
1190		36.383389
1191		29.029299
1192		28.255184
1193		30.964586
1194		32.125759
1195		30.190472
1196		29.416357
1197		34.835159
1198		31.351643
1199		27.481070
1200		32.512814
1201		29.029299
1202		33.286930
1203		30.190472
1204		26.706955
1205		30.190472
1206		37.544559
1207		30.964586
1208		32.125759
1209		29.803413
1210		37.931618
1211		39.479847
1212		32.512814
1213		26.319899
1214		29.029299
1215		35.609272
1216		35.996330
1217		25.158726
1218		36.383389
1219		28.255184
1220		27.094013
1221		25.932840
1222		29.803413
1223		32.512814
1224		28.255184
1225		30.190472
1226		29.803413
1227		37.544559
1228		32.899872
1229		28.642242
1230		35.609272
1231		32.899872
1232		39.092789
1233		37.157501
1234		32.899872
1235		31.738701
1236		34.061043
1237		31.738701
1238		34.061043
1239		37.157501
1240		26.319899
1241		29.416357
1242		28.255184
1243		30.577528
1244		34.061043
1245		31.738701
1246		34.061043
1247		26.319899
1248		34.835159
1249		28.255184
1250		29.029299
1251		30.577528
1252		37.544559
1253		32.512814
1254		28.642242
1255		30.577528
1256		32.125759
1257		34.835159
1258		35.222218
1259		37.157501
1260		29.416357
1261		37.931618
1262		32.899872
1263		29.803413
1264		25.545784
1265		32.512814
1266		32.125759
1267		37.157501
1268		29.803413
1269		34.835159
1270		23.610497
1271		29.416357
1272		32.899872
1273		31.738701
1274		23.223440
1275		31.351643
1276		27.868128
1277		29.416357
1278		30.577528
1279		22.836382
1280		34.835159
1281		30.964586
1282		36.770447
1283		24.384611
1284		29.029299
1285		32.899872
1286		26.319899
1287		35.996330
1288		30.964586
1289		37.931618
1290		34.061043
1291		32.512814
1292		29.416357
1293		30.964586
1294		35.222218
1295		29.416357
1296		30.964586
1297		32.125759
1298		28.642242
1299		34.835159
1300		29.416357
1301		33.673988
1302		35.996330
1303		34.448101
1304		37.931618
1305		30.964586
1306		33.286930
1307		30.190472
1308		34.448101
1309		34.835159
1310		28.642242
1311		32.512814
1312		29.416357
1313		26.706955
1314		28.255184
1315		31.351643
1316		30.577528
1317		27.481070
1318		29.029299
1319		35.609272
1320		33.673988
1321		32.512814
1322		32.512814
1323		30.964586
1324		32.125759
1325		25.545784
1326		31.351643
1327		33.673988
1328		29.029299
1329		34.835159
1330		37.544559
1331		30.190472
1332		35.609272
1333		29.803413
1334		31.351643
1335		30.964586
1336		29.029299
1337		30.964586
1338		30.190472
1339		35.996330
1340		27.094013
1341		28.255184
1342		32.899872
1343		33.673988
1344		32.899872
1345		39.092789
1346		34.448101
1347		31.351643
1348		36.770447
1349		33.286930
1350		29.416357
1351		29.416357
1352		36.770447
1353		41.415134
1354		40.253963
1355		33.673988
1356		35.222218
1357		36.770447
1358		36.383389
1359		34.835159
1360		29.416357
1361		39.479847
1362		35.222218
1363		26.706955
1364		39.092789
1365		33.286930
1366		34.448101
1367		32.125759
1368		37.157501
1369		30.964586
1370		23.223440
1371		30.190472
1372		34.448101
1373		40.641018
1374		34.061043
1375		30.577528
1376		37.544559
1377		32.899872
1378		29.416357
1379		34.448101
1380		28.642242
1381		32.125759
1382		34.835159
1383		40.253963
1384		37.157501
1385		29.803413
1386		34.448101
1387		39.479847
1388		33.673988
1389		39.092789
1390		34.061043
1391		39.866905
1392		37.157501
1393		32.512814
1394		39.866905
1395		32.899872
1396		39.092789
1397		37.544559
1398		30.577528
1399		34.061043
1400		32.125759
1401		28.642242
1402		36.383389
1403		34.835159
1404		35.222218
1405		35.996330
1406		39.092789
1407		32.512814
1408		34.061043
1409		24.384611
1410		39.866905
1411		29.803413
1412		30.577528
1413		41.028076
1414		38.318676
1415		44.898651
1416		41.802193
1417		27.481070
1418		35.996330
1419		38.705730
1420		37.931618
1421		32.899872
1422		38.318676
1423		34.061043
1424		34.448101
1425		41.415134
1426		37.931618
1427		36.770447
1428		41.028076
1429		37.544559
1430		34.061043
1431		32.899872
1432		36.383389
1433		29.803413
1434		35.222218
1435		34.448101
1436		40.641018
1437		37.931618
1438		39.092789
1439		36.383389
1440		34.835159
1441		32.512814
1442		32.125759
1443		39.479847
1444		31.738701
1445		32.899872
1446		34.061043
1447		31.351643
1448		37.157501
1449		41.802193
1450		34.448101
1451		39.479847
1452		39.866905
1453		34.835159
1454		38.318676
1455		38.318676
1456		34.061043
1457		41.415134
1458		33.286930
1459		38.318676
1460		39.866905
1461		37.157501
1462		41.802193
1463		38.318676
1464		35.609272
1465		37.544559
1466		38.318676
1467		34.448101
1468		32.125759
1469		32.899872
1470		33.673988
1471		35.996330
1472		44.511593
1473		44.511593
1474		41.028076
1475		34.061043
1476		35.609272
1477		41.415134
1478		34.448101
1479		29.803413
1480		41.802193
1481		36.770447
1482		34.448101
1483		38.318676
1484		35.609272
1485		36.383389
1486		29.803413
1487		37.157501
1488		35.609272
1489		35.609272
1490		31.351643
1491		43.350422
1492		35.609272
1493		31.738701
1494		34.448101
1495		31.351643
1496		33.673988
1497		42.963364
1498		39.092789
1499		38.318676
1500		36.770447
1501		34.061043
1502		41.802193
1503		41.028076
1504		42.576305
1505		42.189247
1506		34.448101
1507		37.157501
1508		37.157501
1509		39.092789
1510		31.351643
1511		34.835159
1512		46.059822
1513		40.641018
1514		36.770447
1515		45.285706
1516		34.061043
1517		40.253963
1518		42.963364
1519		44.124535
1520		41.415134
1521		34.835159
1522		39.479847
1523		37.544559
1524		39.866905
1525		38.318676
1526		41.802193
1527		41.802193
1528		40.641018
1529		39.092789
1530		37.157501
1531		42.189247
1532		44.898651
1533		33.286930
1534		39.479847
1535		40.641018
1536		39.866905
1537		36.383389
1538		38.318676
1539		39.092789
1540		30.577528
1541		41.028076
1542		46.059822
1543		49.930393
1544		42.189247
1545		40.253963
1546		45.285706
1547		41.415134
1548		42.576305
1549		41.415134
1550		37.544559
1551		45.672764
1552		39.479847
1553		41.415134
1554		35.609272
1555		39.866905
1556		49.930393
1557		37.157501
1558		35.222218
1559		42.963364
1560		33.673988
1561		36.770447
1562		42.189247
1563		44.898651
1564		37.157501
1565		46.059822
1566		38.318676
1567		46.059822
1568		34.835159
1569		41.802193
1570		42.576305
1571		43.350422
1572		41.415134
1573		41.028076
1574		36.770447
1575		43.350422
1576		40.253963
1577		45.672764
1578		43.350422
1579		37.931618
1580		37.931618
1581		39.479847
1582		39.866905
1583		34.835159
1584		34.835159
1585		39.479847
1586		43.350422
1587		43.350422
1588		39.866905
1589		47.608051
1590		41.415134
1591		38.705730
1592		48.382164
1593		46.059822
1594		45.285706
1595		48.769222
1596		44.898651
1597		39.479847
1598		41.415134
1599		48.769222
1600		48.769222
1601		42.963364
1602		38.705730
1603		39.479847
1604		47.995110
1605		45.672764
1606		43.350422
1607		41.802193
1608		43.737476
1609		44.898651
1610		44.898651
1611		44.124535
1612		47.220993
1613		40.253963
1614		47.995110
1615		39.092789
1616		42.189247
1617		47.220993
1618		41.415134
1619		48.382164
1620		44.511593
1621		44.511593
1622		44.898651
1623		41.802193
1624		49.543339
1625		39.866905
1626		44.898651
1627		52.252739
1628		48.769222
1629		47.220993
1630		40.253963
1631		51.478622
1632		54.188026
1633		50.704510
1634		35.609272
1635		49.156281
1636		45.285706
1637		40.641018
1638		50.317451
1639		46.833935
1640		48.382164
1641		58.058598
1642		49.930393
1643		46.833935
1644		45.672764
1645		52.252739
1646		46.833935
1647		49.930393
1648		54.188026
1649		42.576305
1650		45.672764
1651		49.930393
1652		53.413910
1653		47.995110
1654		57.284485
1655		45.285706
1656		46.446880
1657		46.059822
1658		49.543339
1659		47.995110
1660		47.220993
1661		52.639797
1662		54.188026
1663		47.608051
1664		53.413910
1665		46.833935
1666		54.962139
1667		49.543339
1668		46.833935
1669		43.350422
1670		53.800968
1671		53.413910
1672		50.317451
1673		51.865681
1674		49.930393
1675		47.995110
1676		48.382164
1677		51.478622
1678		54.962139
1679		46.833935
1680		46.833935
1681		46.059822
1682		53.800968
1683		46.446880
1684		53.026852
1685		50.317451
1686		44.124535
1687		52.252739
1688		45.285706
1689		49.543339
1690		50.317451
1691		56.897427
1692		53.026852
1693		47.608051
1694		51.865681
1695		58.445656
1696		48.769222
1697		47.608051
1698		57.671539
1699		49.156281
1700		56.123310
1701		45.672764
1702		51.091568
1703		54.575081
1704		64.251518
1705		59.606827
1706		58.832714
1707		83.604385
1708		161.015854
1709		299.195312
1710		342.545746
1711		333.256348
1712		230.686157
1713		133.921829
1714		89.023186
1715		75.089119
1716		82.830269
1717		75.476181
1718		74.702065
1719		80.120865
1720		73.927948
1721		73.540894
1722		82.443207
1723		65.412689
1724		81.282036
1725		81.669098
1726		65.025627
1727		76.637352
1728		73.927948
1729		76.250290
1730		68.509148
1731		66.186806
1732		61.542114
1733		74.315002
1734		82.830269
1735		74.702065
1736		83.991440
1737		85.926727
1738		86.700844
1739		77.024406
1740		75.863235
1741		71.605606
1742		83.604385
1743		71.992661
1744		77.024406
1745		63.090343
1746		78.185577
1747		75.476181
1748		68.896202
1749		83.217323
1750		78.572639
1751		88.636124
1752		85.539665
1753		85.926727
1754		83.604385
1755		77.411461
1756		78.185577
1757		85.539665
1758		79.733810
1759		78.959694
1760		90.184357
1761		79.733810
1762		96.764328
1763		79.733810
1764		85.926727
1765		91.345528
1766		89.023186
1767		82.056152
1768		85.152611
1769		91.345528
1770		73.540894
1771		79.733810
1772		89.410240
1773		80.507927
1774		84.378494
1775		92.506699
1776		89.023186
1777		90.184357
1778		90.958473
1779		104.118423
1780		85.539665
1781		98.312561
1782		110.311340
1783		104.892532
1784		107.601936
1785		109.537224
1786		98.699615
1787		95.603157
1788		89.023186
1789		95.990219
1790		91.732582
1791		97.151390
1792		88.636124
1793		93.667870
1794		104.505478
1795		97.151390
1796		96.377274
1797		96.764328
1798		94.829041
1799		99.473732
1800		103.344307
1801		91.345528
1802		98.699615
1803		97.925499
1804		96.764328
1805		103.731361
1806		97.925499
1807		103.731361
1808		87.862015
1809		98.699615
1810		101.409019
1811		91.345528
1812		102.570190
1813		101.021965
1814		89.023186
1815		95.603157
1816		107.601936
1817		109.150162
1818		114.181908
1819		97.925499
1820		104.892532
1821		110.311340
1822		101.021965
1823		110.311340
1824		110.311340
1825		94.829041
1826		107.988991
1827		105.666649
1828		115.730141
1829		95.990219
1830		99.473732
1831		99.860786
1832		111.085449
1833		128.890091
1834		106.053703
1835		109.150162
1836		104.118423
1837		111.085449
1838		116.891312
1839		123.084229
1840		117.278366
1841		109.924278
1842		114.568970
1843		117.665428
1844		114.956024
1845		119.213654
1846		114.956024
1847		113.794853
1848		115.343079
1849		101.796074
1850		104.505478
1851		97.151390
1852		104.892532
1853		86.700844
1854		99.086678
1855		94.829041
1856		108.763107
1857		97.151390
1858		92.893761
1859		102.183136
1860		97.925499
1861		97.538445
1862		118.826599
1863		97.538445
1864		107.601936
1865		99.473732
1866		95.216103
1867		91.345528
1868		82.830269
1869		78.185577
1870		87.474953
1871		96.377274
1872		90.958473
1873		94.054932
1874		85.926727
1875		95.216103
1876		83.991440
1877		88.636124
1878		97.925499
1879		85.539665
1880		83.991440
1881		84.765556
1882		89.410240
1883		100.247849
1884		84.765556
1885		87.474953
1886		76.637352
1887		83.217323
1888		87.087898
1889		95.216103
1890		94.441986
1891		93.280815
1892		84.765556
1893		96.764328
1894		82.443207
1895		92.119644
1896		82.830269
1897		87.474953
1898		95.216103
1899		94.829041
1900		80.894981
1901		79.346748
1902		80.120865
1903		81.669098
1904		80.894981
1905		83.604385
1906		95.603157
1907		85.926727
1908		78.959694
1909		86.313782
1910		85.926727
1911		85.926727
1912		106.827820
1913		152.500580
1914		318.548187
1915		648.321045
1916		1037.313599
1917		1300.125488
1918		1108.532227
1919		702.122009
1920		369.252686
1921		192.754547
1922		129.277145
1923		113.407799
1924		122.310112
1925		111.859566
1926		116.117195
1927		111.859566
1928		128.890091
1929		111.859566
1930		119.987770
1931		133.147720
1932		109.150162
1933		115.730141
1934		120.761887
1935		123.471283
1936		119.213654
1937		127.728920
1938		133.147720
1939		121.923058
1940		123.084229
1941		123.471283
1942		125.793633
1943		116.117195
1944		110.698395
1945		114.568970
1946		125.019516
1947		118.439545
1948		119.987770
1949		123.471283
1950		117.278366
1951		125.793633
1952		129.664200
1953		119.600716
1954		131.212433
1955		115.730141
1956		117.278366
1957		115.730141
1958		108.376053
1959		112.633682
1960		120.761887
1961		116.504257
1962		120.374825
1963		123.471283
1964		126.954803
1965		109.150162
1966		121.923058
1967		135.470062
1968		121.536003
1969		118.052483
1970		114.568970
1971		123.084229
1972		129.664200
1973		131.212433
1974		131.986542
1975		119.987770
1976		121.536003
1977		125.019516
1978		113.794853
1979		134.695953
1980		120.374825
1981		115.730141
1982		135.857117
1983		140.501816
1984		131.212433
1985		128.115967
1986		140.114746
1987		152.500580
1988		155.597046
1989		158.306442
1990		186.174576
1991		190.432205
1992		182.691055
1993		167.982880
1994		149.791183
1995		147.855896
1996		142.437088
1997		150.565292
1998		142.050034
1999		133.147720
2000		153.274704
2001		146.307663
2002		140.888870
2003		142.437088
2004		143.598267
2005		131.986542
2006		148.630005
2007		142.437088
2008		138.566528
2009		143.985321
2010		137.792404
2011		155.597046
2012		166.047592
2013		148.242950
2014		157.919388
2015		143.985321
2016		147.468842
2017		141.662979
2018		153.661758
2019		150.178238
2020		153.661758
2021		152.113525
2022		150.565292
2023		167.982880
2024		159.854675
2025		152.500580
2026		150.178238
2027		128.503036
2028		129.277145
2029		128.503036
2030		123.858345
2031		116.504257
2032		126.180687
2033		110.698395
2034		120.761887
2035		125.019516
2036		120.761887
2037		119.213654
2038		125.019516
2039		126.954803
2040		124.245399
2041		116.891312
2042		110.311340
2043		102.957245
2044		121.536003
2045		114.181908
2046		121.536003
2047		112.246620
2048		107.214882
2049		116.891312
2050		105.666649
2051		109.150162
2052		112.633682
2053		126.954803
2054		104.892532
2055		103.731361
2056		102.183136
2057		91.345528
2058		100.634903
2059		91.345528
2060		89.797302
2061		83.217323
2062		94.441986
2063		91.345528
2064		82.830269
2065		83.217323
2066		89.797302
2067		82.443207
2068		77.024406
2069		80.120865
2070		93.667870
2071		73.153831
2072		79.346748
2073		73.540894
2074		70.057373
2075		75.476181
2076		69.283264
2077		66.186806
2078		67.347977
2079		63.864460
2080		53.413910
2081		56.897427
2082		54.575081
2083		56.510368
2084		57.284485
2085		58.832714
2086		51.091568
2087		48.769222
2088		61.542114
2089		69.670319
2090		68.896202
2091		53.026852
2092		56.510368
2093		47.995110
2094		48.382164
2095		44.511593
2096		46.446880
2097		43.737476
2098		47.995110
2099		44.124535
2100		39.479847
2101		42.576305
2102		44.898651
2103		37.544559
2104		41.802193
2105		45.672764
2106		34.835159
2107		35.996330
2108		34.448101
2109		35.609272
2110		35.222218
2111		40.641018
2112		29.416357
2113		39.092789
2114		34.835159
2115		35.609272
2116		29.803413
2117		38.705730
2118		46.059822
2119		92.119644
2120		277.907166
2121		719.152527
2122		1494.041260
2123		2225.966553
2124		2447.363525
2125		2018.890991
2126		1204.135376
2127		534.526184
2128		197.786285
2129		74.702065
2130		36.383389
2131		34.061043
2132		31.738701
2133		35.222218
2134		24.384611
2135		26.706955
2136		30.964586
2137		29.029299
2138		30.577528
2139		30.964586
2140		29.803413
2141		34.061043
2142		31.738701
2143		36.383389
2144		28.255184
2145		27.094013
2146		29.029299
2147		35.996330
2148		38.318676
2149		33.673988
2150		29.416357
2151		30.190472
2152		32.512814
2153		37.157501
2154		34.448101
2155		24.384611
2156		26.319899
2157		26.319899
2158		23.997555
2159		29.803413
2160		32.899872
2161		28.642242
2162		31.351643
2163		29.803413
2164		29.416357
2165		24.771669
2166		35.222218
2167		28.255184
2168		32.125759
2169		29.416357
2170		32.125759
2171		29.803413
2172		35.222218
2173		42.963364
2174		32.899872
2175		25.932840
2176		34.448101
2177		31.351643
2178		29.029299
2179		37.544559
2180		32.512814
2181		30.190472
2182		42.963364
2183		42.576305
2184		34.061043
2185		35.222218
2186		40.253963
2187		35.996330
2188		36.770447
2189		40.253963
2190		31.351643
2191		38.318676
2192		36.770447
2193		40.253963
2194		40.253963
2195		55.349197
2196		97.925499
2197		119.213654
2198		154.822922
2199		131.599487
2200		87.087898
2201		55.349197
2202		38.318676
2203		30.190472
2204		29.803413
2205		35.609272
2206		30.577528
2207		31.738701
2208		25.158726
2209		27.868128
2210		31.351643
2211		25.158726
2212		34.448101
2213		29.803413
2214		26.706955
2215		27.481070
2216		32.899872
2217		26.319899
2218		29.029299
2219		28.255184
2220		19.739923
2221		32.512814
2222		27.094013
2223		30.964586
2224		26.706955
2225		28.642242
2226		25.158726
2227		20.514038
2228		31.351643
2229		23.223440
2230		27.094013
2231		19.352865
2232		20.514038
2233		23.223440
2234		25.158726
2235		25.158726
2236		28.642242
2237		23.610497
2238		22.449326
2239		25.158726
2240		19.739923
2241		26.319899
2242		21.288153
2243		26.319899
2244		18.965809
2245		25.545784
2246		18.191694
2247		20.126982
2248		22.836382
2249		16.643465
2250		21.675211
2251		21.675211
2252		20.901096
2253		22.449326
2254		22.062267
2255		22.449326
2256		19.739923
2257		18.965809
2258		23.223440
2259		17.030521
2260		22.836382
2261		21.675211
2262		20.126982
2263		20.514038
2264		19.739923
2265		15.869350
2266		17.417580
2267		24.384611
2268		19.352865
2269		18.965809
2270		18.578751
2271		20.514038
2272		18.578751
2273		16.643465
2274		22.836382
2275		21.675211
2276		18.191694
2277		17.804636
2278		18.191694
2279		16.643465
2280		17.804636
2281		18.965809
2282		13.547007
2283		19.739923
2284		22.449326
2285		21.675211
2286		18.578751
2287		17.804636
2288		24.384611
2289		18.578751
2290		12.772892
2291		19.739923
2292		22.449326
2293		23.223440
2294		43.350422
2295		67.347977
2296		86.313782
2297		87.474953
2298		67.735031
2299		37.544559
2300		27.094013
2301		21.288153
2302		17.030521
2303		23.223440
2304		14.708179
2305		18.578751
2306		15.869350
2307		20.126982
2308		19.739923
2309		17.804636
2310		16.643465
2311		20.901096
2312		13.934064
2313		18.965809
2314		20.514038
2315		13.159949
2316		18.191694
2317		20.126982
2318		20.514038
2319		14.708179
2320		15.869350
2321		16.256407
2322		15.482293
2323		19.352865
2324		21.675211
2325		20.514038
2326		15.869350
2327		13.547007
2328		15.869350
2329		17.030521
2330		14.321121
2331		18.191694
2332		19.352865
2333		15.869350
2334		18.965809
2335		14.321121
2336		10.837605
2337		22.062267
2338		17.030521
2339		15.482293
2340		18.578751
2341		15.869350
2342		13.934064
2343		12.772892
2344		13.934064
2345		13.159949
2346		13.934064
2347		21.288153
2348		16.256407
2349		21.288153
2350		11.998777
2351		13.934064
2352		14.708179
2353		17.417580
2354		16.256407
2355		14.708179
2356		14.708179
2357		14.321121
2358		13.159949
2359		16.643465
2360		15.095236
2361		16.256407
2362		12.772892
2363		12.385835
2364		15.869350
2365		15.095236
2366		14.708179
2367		21.675211
2368		16.643465
2369		17.804636
2370		16.256407
2371		15.869350
2372		23.223440
2373		15.482293
2374		13.934064
2375		14.321121
2376		16.643465
2377		16.643465
2378		17.804636
2379		18.191694
2380		14.708179
2381		20.126982
2382		13.547007
2383		13.934064
2384		15.869350
2385		17.417580
2386		20.514038
2387		17.804636
2388		14.321121
2389		16.643465
2390		15.869350
2391		13.934064
2392		18.578751
2393		8.902318
2394		14.321121
2395		13.159949
2396		14.321121
2397		15.869350
2398		14.321121
2399		18.578751
2400		16.256407
2401		16.256407
2402		11.998777
2403		13.159949
2404		18.578751
2405		14.708179
2406		13.159949
2407		13.547007
2408		16.643465
2409		8.515261
2410		13.547007
2411		13.159949
2412		16.643465
2413		13.934064
2414		10.450548
2415		16.643465
2416		17.804636
2417		14.321121
2418		12.385835
2419		16.256407
2420		11.224663
2421		16.256407
2422		13.547007
2423		9.676433
2424		9.676433
2425		12.385835
2426		11.998777
2427		11.224663
2428		8.902318
2429		10.063491
2430		9.289375
2431		12.385835
2432		10.063491
2433		11.224663
2434		10.837605
2435		6.579975
2436		9.289375
2437		12.772892
2438		11.224663
2439		7.741147
2440		9.676433
2441		10.837605
2442		5.418803
2443		6.967032
2444		8.902318
2445		7.741147
2446		7.354089
2447		5.805860
2448		6.967032
2449		5.418803
2450		6.192917
2451		5.805860
2452		5.031745
2453		8.902318
2454		3.483516
2455		4.257630
2456		4.644688
2457		6.579975
2458		3.483516
2459		10.063491
2460		4.257630
2461		3.096459
2462		7.354089
2463		4.257630
2464		2.709401
2465		3.870573
2466		2.709401
2467		4.644688
2468		2.709401
2469		4.257630
2470		3.483516
2471		2.322344
2472		3.483516
2473		4.644688
2474		3.096459
2475		5.805860
2476		4.644688
2477		1.548229
2478		4.257630
2479		2.322344
2480		3.483516
2481		2.322344
2482		3.870573
2483		3.096459
2484		1.161172
2485		3.096459
2486		2.709401
2487		3.483516
2488		3.096459
2489		1.548229
2490		3.096459
2491		1.935287
2492		3.096459
2493		3.096459
2494		1.161172
2495		1.935287
2496		0.774115
2497		1.935287
2498		5.805860
2499		13.547007
2500		28.642242
2501		77.798523
2502		123.084229
2503		120.374825
2504		119.987770
2505		92.893761
2506		49.930393
2507		15.095236
2508		8.515261
2509		1.161172
2510		0.387057
2511		0.387057
2512		0.774115
2513		0.000000
2514		1.548229
2515		0.774115
2516		0.000000
2517		0.387057
2518		0.387057
2519		0.387057
2520		1.161172
2521		0.387057
2522		0.387057
2523		0.000000
2524		1.161172
2525		0.000000
2526		0.387057
2527		0.774115
2528		0.387057
2529		0.000000
2530		0.387057
2531		0.774115
2532		0.387057
2533		0.000000
2534		0.000000
2535		0.000000
2536		0.000000
2537		0.000000
2538		0.000000
2539		0.387057
2540		0.000000
2541		0.000000
2542		0.387057
2543		1.161172
2544		0.774115
2545		0.000000
2546		0.387057
2547		0.000000
2548		0.000000
2549		0.000000
2550		0.387057
2551		0.774115
2552		0.000000
2553		0.000000
2554		0.000000
2555		0.774115
2556		0.000000
2557		0.000000
2558		0.387057
2559		0.000000
2560		0.000000
2561		0.387057
2562		1.935287
2563		0.387057
2564		0.000000
2565		0.387057
2566		1.935287
2567		0.774115
2568		0.774115
2569		0.000000
2570		0.774115
2571		0.000000
2572		0.000000
2573		0.387057
2574		1.161172
2575		3.870573
2576		5.805860
2577		6.967032
2578		4.644688
2579		4.257630
2580		3.483516
2581		0.774115
2582		0.774115
2583		0.000000
2584		0.000000
2585		0.000000
2586		0.000000
2587		0.000000
2588		0.000000
2589		0.000000
2590		0.000000
2591		0.000000
2592		0.000000
2593		0.000000
2594		0.000000
2595		0.000000
2596		0.000000
2597		0.000000
2598		0.000000
2599		0.000000
2600		0.000000
2601		0.000000
2602		0.000000
2603		0.000000
2604		0.000000
2605		0.000000
2606		0.000000
2607		0.000000
2608		0.000000
2609		0.000000
2610		0.000000
2611		0.000000
2612		0.000000
2613		0.000000
2614		0.000000
2615		0.000000
2616		0.000000
2617		0.000000
2618		0.000000
2619		0.000000
2620		0.000000
2621		0.000000
2622		0.000000
2623		0.000000
2624		0.000000
2625		0.000000
2626		0.000000
2627		0.000000
2628		0.000000
2629		0.000000
2630		0.000000
2631		0.000000
2632		0.000000
2633		0.000000
2634		0.000000
2635		0.000000
2636		0.000000
2637		0.000000
2638		0.000000
2639		0.000000
2640		0.000000
2641		0.000000
2642		0.000000
2643		0.000000
2644		0.000000
2645		0.000000
2646		0.000000
2647		0.000000
2648		0.000000
2649		0.000000
2650		0.000000
2651		0.000000
2652		0.000000
2653		0.000000
2654		0.000000
2655		0.000000
2656		0.000000
2657		0.000000
2658		0.000000
2659		0.000000
2660		0.000000
2661		0.000000
2662		0.000000
2663		0.000000
2664		0.000000
2665		0.000000
2666		0.000000
2667		0.000000
2668		0.000000
2669		0.000000
2670		0.000000
2671		0.000000
2672		0.000000
2673		0.000000
2674		0.000000
2675		0.000000
2676		0.000000
2677		0.000000
2678		0.000000
2679		0.000000
2680		0.000000
2681		0.000000
2682		0.000000
2683		0.000000
2684		0.000000
2685		0.000000
2686		0.000000
2687		0.000000
2688		0.000000
2689		0.000000
2690		0.000000
2691		0.000000
2692		0.000000
2693		0.000000
2694		0.000000
2695		0.000000
2696		0.000000
2697		0.000000
2698		0.000000
2699		0.000000
2700		0.000000
2701		0.000000
2702		0.000000
2703		0.000000
2704		0.000000
2705		0.000000
2706		0.000000
2707		0.000000
2708		0.000000
2709		0.000000
2710		0.000000
2711		0.000000
2712		0.000000
2713		0.000000
2714		0.000000
2715		0.000000
2716		0.000000
2717		0.000000
2718		0.000000
2719		0.000000
2720		0.000000
2721		0.000000
2722		0.000000
2723		0.000000
2724		0.000000
2725		0.000000
2726		0.000000
2727		0.000000
2728		0.000000
2729		0.000000
2730		0.000000
2731		0.000000
2732		0.000000
2733		0.000000
2734		0.000000
2735		0.000000
2736		0.000000
2737		0.000000
2738		0.000000
2739		0.000000
2740		0.000000
2741		0.000000
2742		0.000000
2743		0.000000
2744		0.000000
2745		0.000000
2746		0.000000
2747		0.000000
2748		0.000000
2749		0.000000
2750		0.000000
2751		0.000000
2752		0.000000
2753		0.000000
2754		0.000000
2755		0.000000
2756		0.000000
2757		0.000000
2758		0.000000
2759		0.000000
2760		0.000000
2761		0.000000
2762		0.000000
2763		0.000000
2764		0.000000
2765		0.000000
2766		0.000000
2767		0.000000
2768		0.000000
2769		0.000000
2770		0.000000
2771		0.000000
2772		0.000000
2773		0.000000
2774		0.000000
2775		0.000000
2776		0.000000
2777		0.000000
2778		0.000000
2779		0.000000
2780		0.000000
2781		0.000000
2782		0.000000
2783		0.000000
2784		0.000000
2785		0.000000
2786		0.000000
2787		0.000000
2788		0.000000
2789		0.000000
2790		0.000000
2791		0.000000
2792		0.000000
2793		0.000000
2794		0.000000
2795		0.000000
2796		0.000000
2797		0.000000
2798		0.000000
2799		0.000000
2800		0.000000
2801		0.000000
2802		0.000000
2803		0.000000
2804		0.000000
2805		0.000000
2806		0.000000
2807		0.000000
2808		0.000000
2809		0.000000
2810		0.000000
2811		0.000000
2812		0.000000
2813		0.000000
2814		0.000000
2815		0.000000
2816		0.000000
2817		0.000000
2818		0.000000
2819		0.000000
2820		0.000000
2821		0.000000
2822		0.000000
2823		0.000000
2824		0.000000
2825		0.000000
2826		0.000000
2827		0.000000
2828		0.000000
2829		0.000000
2830		0.000000
2831		0.000000
2832		0.000000
2833		0.000000
2834		0.000000
2835		0.000000
2836		0.000000
2837		0.000000
2838		0.000000
2839		0.000000
2840		0.000000
2841		0.000000
2842		0.000000
2843		0.000000
2844		0.000000
2845		0.000000
2846		0.000000
2847		0.000000
2848		0.000000
2849		0.000000
2850		0.000000
2851		0.000000
2852		0.000000
2853		0.000000
2854		0.000000
2855		0.000000
2856		0.000000
2857		0.000000
2858		0.000000
2859		0.000000
2860		0.000000
2861		0.000000
2862		0.000000
2863		0.000000
2864		0.000000
2865		0.000000
2866		0.000000
2867		0.000000
2868		0.000000
2869		0.000000
2870		0.000000
2871		0.000000
2872		0.000000
2873		0.000000
2874		0.000000
2875		0.000000
2876		0.000000
2877		0.000000
2878		0.000000
2879		0.000000
2880		0.000000
2881		0.000000
2882		0.000000
2883		0.000000
2884		0.000000
2885		0.000000
2886		0.000000
2887		0.000000
2888		0.000000
2889		0.000000
2890		0.000000
2891		0.000000
2892		0.000000
2893		0.000000
2894		0.000000
2895		0.000000
2896		0.000000
2897		0.000000
2898		0.000000
2899		0.000000
2900		0.000000
2901		0.000000
2902		0.000000
2903		0.000000
2904		0.000000
2905		0.000000
2906		0.000000
2907		0.000000
2908		0.000000
2909		0.000000
2910		0.000000
2911		0.000000
2912		0.000000
2913		0.000000
2914		0.000000
2915		0.000000
2916		0.000000
2917		0.000000
2918		0.000000
2919		0.000000
2920		0.000000
2921		0.000000
2922		0.000000
2923		0.000000
2924		0.000000
2925		0.000000
2926		0.000000
2927		0.000000
2928		0.000000
2929		0.000000
2930		0.000000
2931		0.000000
2932		0.000000
2933		0.000000
2934		0.000000
2935		0.000000
2936		0.000000
2937		0.000000
2938		0.000000
2939		0.000000
2940		0.000000
2941		0.000000
2942		0.000000
2943		0.000000
2944		0.000000
2945		0.000000
2946		0.000000
2947		0.000000
2948		0.000000
2949		0.000000
2950		0.000000
2951		0.000000
2952		0.000000
2953		0.000000
2954		0.000000
2955		0.000000
2956		0.000000
2957		0.000000
2958		0.000000
2959		0.000000
2960		0.000000
2961		0.000000
2962		0.000000
2963		0.000000
2964		0.000000
2965		0.000000
2966		0.000000
2967		0.000000
2968		0.000000
2969		0.000000
2970		0.000000
2971		0.000000
2972		0.000000
2973		0.000000
2974		0.000000
2975		0.000000
2976		0.000000
2977		0.000000
2978		0.000000
2979		0.000000
2980		0.000000
2981		0.000000
2982		0.000000
2983		0.000000
2984		0.000000
2985		0.000000
2986		0.000000
2987		0.000000
2988		0.000000
2989		0.000000
2990		0.000000
2991		0.000000
2992		0.000000
2993		0.000000
2994		0.000000
2995		0.000000
2996		0.000000
2997		0.000000
2998		0.000000
2999		0.000000
3000		0.000000
3001		0.000000
3002		0.000000
3003		0.000000
3004		0.000000
3005		0.000000
3006		0.000000
3007		0.000000
3008		0.000000
3009		0.000000
3010		0.000000
3011		0.000000
3012		0.000000
3013		0.000000
3014		0.000000
3015		0.000000
3016		0.000000
3017		0.000000
3018		0.000000
3019		0.000000
3020		0.000000
3021		0.000000
3022		0.000000
3023		0.000000
3024		0.000000
3025		0.000000
3026		0.000000
3027		0.000000
3028		0.000000
3029		0.000000
3030		0.000000
3031		0.000000
3032		0.000000
3033		0.000000
3034		0.000000
3035		0.000000
3036		0.000000
3037		0.000000
3038		0.000000
3039		0.000000
3040		0.000000
3041		0.000000
3042		0.000000
3043		0.000000
3044		0.000000
3045		0.000000
3046		0.000000
3047		0.000000
3048		0.000000
3049		0.000000
3050		0.000000
3051		0.000000
3052		0.000000
3053		0.000000
3054		0.000000
3055		0.000000
3056		0.000000
3057		0.000000
3058		0.000000
3059		0.000000
3060		0.000000
3061		0.000000
3062		0.000000
3063		0.000000
3064		0.000000
3065		0.000000
3066		0.000000
3067		0.000000
3068		0.000000
3069		0.000000
3070		0.000000
3071		0.000000
3072		0.000000
3073		0.000000
3074		0.000000
3075		0.000000
3076		0.000000
3077		0.000000
3078		0.000000
3079		0.000000
3080		0.000000
3081		0.000000
3082		0.000000
3083		0.000000
3084		0.000000
3085		0.000000
3086		0.000000
3087		0.000000
3088		0.000000
3089		0.000000
3090		0.000000
3091		0.000000
3092		0.000000
3093		0.000000
3094		0.000000
3095		0.000000
3096		0.000000
3097		0.000000
3098		0.000000
3099		0.000000
3100		0.000000
3101		0.000000
3102		0.000000
3103		0.000000
3104		0.000000
3105		0.000000
3106		0.000000
3107		0.000000
3108		0.000000
3109		0.000000
3110		0.000000
3111		0.000000
3112		0.000000
3113		0.000000
3114		0.000000
3115		0.000000
3116		0.000000
3117		0.000000
3118		0.000000
3119		0.000000
3120		0.000000
3121		0.000000
3122		0.000000
3123		0.000000
3124		0.000000
3125		0.000000
3126		0.000000
3127		0.000000
3128		0.000000
3129		0.000000
3130		0.000000
3131		0.000000
3132		0.000000
3133		0.000000
3134		0.000000
3135		0.000000
3136		0.000000
3137		0.000000
3138		0.000000
3139		0.000000
3140		0.000000
3141		0.000000
3142		0.000000
3143		0.000000
3144		0.000000
3145		0.000000
3146		0.000000
3147		0.000000
3148		0.000000
3149		0.000000
3150		0.000000
3151		0.000000
3152		0.000000
3153		0.000000
3154		0.000000
3155		0.000000
3156		0.000000
3157		0.000000
3158		0.000000
3159		0.000000
3160		0.000000
3161		0.000000
3162		0.000000
3163		0.000000
3164		0.000000
3165		0.000000
3166		0.000000
3167		0.000000
3168		0.000000
3169		0.000000
3170		0.000000
3171		0.000000
3172		0.000000
3173		0.000000
3174		0.000000
3175		0.000000
3176		0.000000
3177		0.000000
3178		0.000000
3179		0.000000
3180		0.000000
3181		0.000000
3182		0.000000
3183		0.000000
3184		0.000000
3185		0.000000
3186		0.000000
3187		0.000000
3188		0.000000
3189		0.000000
3190		0.000000
3191		0.000000
3192		0.000000
3193		0.000000
3194		0.000000
3195		0.000000
3196		0.000000
3197		0.000000
3198		0.000000
3199		0.000000
3200		0.000000
3201		0.000000
3202		0.000000
3203		0.000000
3204		0.000000
3205		0.000000
3206		0.000000
3207		0.000000
3208		0.000000
3209		0.000000
3210		0.000000
3211		0.000000
3212		0.000000
3213		0.000000
3214		0.000000
3215		0.000000
3216		0.000000
3217		0.000000
3218		0.000000
3219		0.000000
3220		0.000000
3221		0.000000
3222		0.000000
3223		0.000000
3224		0.000000
3225		0.000000
3226		0.000000
3227		0.000000
3228		0.000000
3229		0.000000
3230		0.000000
3231		0.000000
3232		0.000000
3233		0.000000
3234		0.000000
3235		0.000000
3236		0.000000
3237		0.000000
3238		0.000000
3239		0.000000
3240		0.000000
3241		0.000000
3242		0.000000
3243		0.000000
3244		0.000000
3245		0.000000
3246		0.000000
3247		0.000000
3248		0.000000
3249		0.000000
3250		0.000000
3251		0.000000
3252		0.000000
3253		0.000000
3254		0.000000
3255		0.000000
3256		0.000000
3257		0.000000
3258		0.000000
3259		0.000000
3260		0.000000
3261		0.000000
3262		0.000000
3263		0.000000
3264		0.000000
3265		0.000000
3266		0.000000
3267		0.000000
3268		0.000000
3269		0.000000
3270		0.000000
3271		0.000000
3272		0.000000
3273		0.000000
3274		0.000000
3275		0.000000
3276		0.000000
3277		0.000000
3278		0.000000
3279		0.000000
3280		0.000000
3281		0.000000
3282		0.000000
3283		0.000000
3284		0.000000
3285		0.000000
3286		0.000000
3287		0.000000
3288		0.000000
3289		0.000000
3290		0.000000
3291		0.000000
3292		0.000000
3293		0.000000
3294		0.000000
3295		0.000000
3296		0.000000
3297		0.000000
3298		0.000000
3299		0.000000
3300		0.000000
3301		0.000000
3302		0.000000
3303		0.000000
3304		0.000000
3305		0.000000
3306		0.000000
3307		0.000000
3308		0.000000
3309		0.000000
3310		0.000000
3311		0.000000
3312		0.000000
3313		0.000000
3314		0.000000
3315		0.000000
3316		0.000000
3317		0.000000
3318		0.000000
3319		0.000000
3320		0.000000
3321		0.000000
3322		0.000000
3323		0.000000
3324		0.000000
3325		0.000000
3326		0.000000
3327		0.000000
3328		0.000000
3329		0.000000
3330		0.000000
3331		0.000000
3332		0.000000
3333		0.000000
3334		0.000000
3335		0.000000
3336		0.000000
3337		0.000000
3338		0.000000
3339		0.000000
3340		0.000000
3341		0.000000
3342		0.000000
3343		0.000000
3344		0.000000
3345		0.000000
3346		0.000000
3347		0.000000
3348		0.000000
3349		0.000000
3350		0.000000
3351		0.000000
3352		0.000000
3353		0.000000
3354		0.000000
3355		0.000000
3356		0.000000
3357		0.000000
3358		0.000000
3359		0.000000
3360		0.000000
3361		0.000000
3362		0.000000
3363		0.000000
3364		0.000000
3365		0.000000
3366		0.000000
3367		0.000000
3368		0.000000
3369		0.000000
3370		0.000000
3371		0.000000
3372		0.000000
3373		0.000000
3374		0.000000
3375		0.000000
3376		0.000000
3377		0.000000
3378		0.000000
3379		0.000000
3380		0.000000
3381		0.000000
3382		0.000000
3383		0.000000
3384		0.000000
3385		0.000000
3386		0.000000
3387		0.000000
3388		0.000000
3389		0.000000
3390		0.000000
3391		0.000000
3392		0.000000
3393		0.000000
3394		0.000000
3395		0.000000
3396		0.000000
3397		0.000000
3398		0.000000
3399		0.000000
3400		0.000000
3401		0.000000
3402		0.000000
3403		0.000000
3404		0.000000
3405		0.000000
3406		0.000000
3407		0.000000
3408		0.000000
3409		0.000000
3410		0.000000
3411		0.000000
3412		0.000000
3413		0.000000
3414		0.000000
3415		0.000000
3416		0.000000
3417		0.000000
3418		0.000000
3419		0.000000
3420		0.000000
3421		0.000000
3422		0.000000
3423		0.000000
3424		0.000000
3425		0.000000
3426		0.000000
3427		0.000000
3428		0.000000
3429		0.000000
3430		0.000000
3431		0.000000
3432		0.000000
3433		0.000000
3434		0.000000
3435		0.000000
3436		0.000000
3437		0.000000
3438		0.000000
3439		0.000000
3440		0.000000
3441		0.000000
3442		0.000000
3443		0.000000
3444		0.000000
3445		0.000000
3446		0.000000
3447		0.000000
3448		0.000000
3449		0.000000
3450		0.000000
3451		0.000000
3452		0.000000
3453		0.000000
3454		0.000000
3455		0.000000
3456		0.000000
3457		0.000000
3458		0.000000
3459		0.000000
3460		0.000000
3461		0.000000
3462		0.000000
3463		0.000000
3464		0.000000
3465		0.000000
3466		0.000000
3467		0.000000
3468		0.000000
3469		0.000000
3470		0.000000
3471		0.000000
3472		0.000000
3473		0.000000
3474		0.000000
3475		0.000000
3476		0.000000
3477		0.000000
3478		0.000000
3479		0.000000
3480		0.000000
3481		0.000000
3482		0.000000
3483		0.000000
3484		0.000000
3485		0.000000
3486		0.000000
3487		0.000000
3488		0.000000
3489		0.000000
3490		0.000000
3491		0.000000
3492		0.000000
3493		0.000000
3494		0.000000
3495		0.000000
3496		0.000000
3497		0.000000
3498		0.000000
3499		0.000000
3500		0.000000
3501		0.000000
3502		0.000000
3503		0.000000
3504		0.000000
3505		0.000000
3506		0.000000
3507		0.000000
3508		0.000000
3509		0.000000
3510		0.000000
3511		0.000000
3512		0.000000
3513		0.000000
3514		0.000000
3515		0.000000
3516		0.000000
3517		0.000000
3518		0.000000
3519		0.000000
3520		0.000000
3521		0.000000
3522		0.000000
3523		0.000000
3524		0.000000
3525		0.000000
3526		0.000000
3527		0.000000
3528		0.000000
3529		0.000000
3530		0.000000
3531		0.000000
3532		0.000000
3533		0.000000
3534		0.000000
3535		0.000000
3536		0.000000
3537		0.000000
3538		0.000000
3539		0.000000
3540		0.000000
3541		0.000000
3542		0.000000
3543		0.000000
3544		0.000000
3545		0.000000
3546		0.000000
3547		0.000000
3548		0.000000
3549		0.000000
3550		0.000000
3551		0.000000
3552		0.000000
3553		0.000000
3554		0.000000
3555		0.000000
3556		0.000000
3557		0.000000
3558		0.000000
3559		0.000000
3560		0.000000
3561		0.000000
3562		0.000000
3563		0.000000
3564		0.000000
3565		0.000000
3566		0.000000
3567		0.000000
3568		0.000000
3569		0.000000
3570		0.000000
3571		0.000000
3572		0.000000
3573		0.000000
3574		0.000000
3575		0.000000
3576		0.000000
3577		0.000000
3578		0.000000
3579		0.000000
3580		0.000000
3581		0.000000
3582		0.000000
3583		0.000000
3584		0.000000
3585		0.000000
3586		0.000000
3587		0.000000
3588		0.000000
3589		0.000000
3590		0.000000
3591		0.000000
3592		0.000000
3593		0.000000
3594		0.000000
3595		0.000000
3596		0.000000
3597		0.000000
3598		0.000000
3599		0.000000
3600		0.000000
3601		0.000000
3602		0.000000
3603		0.000000
3604		0.000000
3605		0.000000
3606		0.000000
3607		0.000000
3608		0.000000
3609		0.000000
3610		0.000000
3611		0.000000
3612		0.000000
3613		0.000000
3614		0.000000
3615		0.000000
3616		0.000000
3617		0.000000
3618		0.000000
3619		0.000000
3620		0.000000
3621		0.000000
3622		0.000000
3623		0.000000
3624		0.000000
3625		0.000000
3626		0.000000
3627		0.000000
3628		0.000000
3629		0.000000
3630		0.000000
3631		0.000000
3632		0.000000
3633		0.000000
3634		0.000000
3635		0.000000
3636		0.000000
3637		0.000000
3638		0.000000
3639		0.000000
3640		0.000000
3641		0.000000
3642		0.000000
3643		0.000000
3644		0.000000
3645		0.000000
3646		0.000000
3647		0.000000
3648		0.000000
3649		0.000000
3650		0.000000
3651		0.000000
3652		0.000000
3653		0.000000
3654		0.000000
3655		0.000000
3656		0.000000
3657		0.000000
3658		0.000000
3659		0.000000
3660		0.000000
3661		0.000000
3662		0.000000
3663		0.000000
3664		0.000000
3665		0.000000
3666		0.000000
3667		0.000000
3668		0.000000
3669		0.000000
3670		0.000000
3671		0.000000
3672		0.000000
3673		0.000000
3674		0.000000
3675		0.000000
3676		0.000000
3677		0.000000
3678		0.000000
3679		0.000000
3680		0.000000
3681		0.000000
3682		0.000000
3683		0.000000
3684		0.000000
3685		0.000000
3686		0.000000
3687		0.000000
3688		0.000000
3689		0.000000
3690		0.000000
3691		0.000000
3692		0.000000
3693		0.000000
3694		0.000000
3695		0.000000
3696		0.000000
3697		0.000000
3698		0.000000
3699		0.000000
3700		0.000000
3701		0.000000
3702		0.000000
3703		0.000000
3704		0.000000
3705		0.000000
3706		0.000000
3707		0.000000
3708		0.000000
3709		0.000000
3710		0.000000
3711		0.000000
3712		0.000000
3713		0.000000
3714		0.000000
3715		0.000000
3716		0.000000
3717		0.000000
3718		0.000000
3719		0.000000
3720		0.000000
3721		0.000000
3722		0.000000
3723		0.000000
3724		0.000000
3725		0.000000
3726		0.000000
3727		0.000000
3728		0.000000
3729		0.000000
3730		0.000000
3731		0.000000
3732		0.000000
3733		0.000000
3734		0.000000
3735		0.000000
3736		0.000000
3737		0.000000
3738		0.000000
3739		0.000000
3740		0.000000
3741		0.000000
3742		0.000000
3743		0.000000
3744		0.000000
3745		0.000000
3746		0.000000
3747		0.000000
3748		0.000000
3749		0.000000
3750		0.000000
3751		0.000000
3752		0.000000
3753		0.000000
3754		0.000000
3755		0.000000
3756		0.000000
3757		0.000000
3758		0.000000
3759		0.000000
3760		0.000000
3761		0.000000
3762		0.000000
3763		0.000000
3764		0.000000
3765		0.000000
3766		0.000000
3767		0.000000
3768		0.000000
3769		0.000000
3770		0.000000
3771		0.000000
3772		0.000000
3773		0.000000
3774		0.000000
3775		0.000000
3776		0.000000
3777		0.000000
3778		0.000000
3779		0.000000
3780		0.000000
3781		0.000000
3782		0.000000
3783		0.000000
3784		0.000000
3785		0.000000
3786		0.000000
3787		0.000000
3788		0.000000
3789		0.000000
3790		0.000000
3791		0.000000
3792		0.000000
3793		0.000000
3794		0.000000
3795		0.000000
3796		0.000000
3797		0.000000
3798		0.000000
3799		0.000000
3800		0.000000
3801		0.000000
3802		0.000000
3803		0.000000
3804		0.000000
3805		0.000000
3806		0.000000
3807		0.000000
3808		0.000000
3809		0.000000
3810		0.000000
3811		0.000000
3812		0.000000
3813		0.000000
3814		0.000000
3815		0.000000
3816		0.000000
3817		0.000000
3818		0.000000
3819		0.000000
3820		0.000000
3821		0.000000
3822		0.000000
3823		0.000000
3824		0.000000
3825		0.000000
3826		0.000000
3827		0.000000
3828		0.000000
3829		0.000000
3830		0.000000
3831		0.000000
3832		0.000000
3833		0.000000
3834		0.000000
3835		0.000000
3836		0.000000
3837		0.000000
3838		0.000000
3839		0.000000
3840		0.000000
3841		0.000000
3842		0.000000
3843		0.000000
3844		0.000000
3845		0.000000
3846		0.000000
3847		0.000000
3848		0.000000
3849		0.000000
3850		0.000000
3851		0.000000
3852		0.000000
3853		0.000000
3854		0.000000
3855		0.000000
3856		0.000000
3857		0.000000
3858		0.000000
3859		0.000000
3860		0.000000
3861		0.000000
3862		0.000000
3863		0.000000
3864		0.000000
3865		0.000000
3866		0.000000
3867		0.000000
3868		0.000000
3869		0.000000
3870		0.000000
3871		0.000000
3872		0.000000
3873		0.000000
3874		0.000000
3875		0.000000
3876		0.000000
3877		0.000000
3878		0.000000
3879		0.000000
3880		0.000000
3881		0.000000
3882		0.000000
3883		0.000000
3884		0.000000
3885		0.000000
3886		0.000000
3887		0.000000
3888		0.000000
3889		0.000000
3890		0.000000
3891		0.000000
3892		0.000000
3893		0.000000
3894		0.000000
3895		0.000000
3896		0.000000
3897		0.000000
3898		0.000000
3899		0.000000
3900		0.000000
3901		0.000000
3902		0.000000
3903		0.000000
3904		0.000000
3905		0.000000
3906		0.000000
3907		0.000000
3908		0.000000
3909		0.000000
3910		0.000000
3911		0.000000
3912		0.000000
3913		0.000000
3914		0.000000
3915		0.000000
3916		0.000000
3917		0.000000
3918		0.000000
3919		0.000000
3920		0.000000
3921		0.000000
3922		0.000000
3923		0.000000
3924		0.000000
3925		0.000000
3926		0.000000
3927		0.000000
3928		0.000000
3929		0.000000
3930		0.000000
3931		0.000000
3932		0.000000
3933		0.000000
3934		0.000000
3935		0.000000
3936		0.000000
3937		0.000000
3938		0.000000
3939		0.000000
3940		0.000000
3941		0.000000
3942		0.000000
3943		0.000000
3944		0.000000
3945		0.000000
3946		0.000000
3947		0.000000
3948		0.000000
3949		0.000000
3950		0.000000
3951		0.000000
3952		0.000000
3953		0.000000
3954		0.000000
3955		0.000000
3956		0.000000
3957		0.000000
3958		0.000000
3959		0.000000
3960		0.000000
3961		0.000000
3962		0.000000
3963		0.000000
3964		0.000000
3965		0.000000
3966		0.000000
3967		0.000000
3968		0.000000
3969		0.000000
3970		0.000000
3971		0.000000
3972		0.000000
3973		0.000000
3974		0.000000
3975		0.000000
3976		0.000000
3977		0.000000
3978		0.000000
3979		0.000000
3980		0.000000
3981		0.000000
3982		0.000000
3983		0.000000
3984		0.000000
3985		0.000000
3986		0.000000
3987		0.000000
3988		0.000000
3989		0.000000
3990		0.000000
3991		0.000000
3992		0.000000
3993		0.000000
3994		0.000000
3995		0.000000
3996		0.000000
3997		0.000000
3998		0.000000
3999		0.000000
4000		0.000000
4001		0.000000
4002		0.000000
4003		0.000000
4004		0.000000
4005		0.000000
4006		0.000000
4007		0.000000
4008		0.000000
4009		0.000000
4010		0.000000
4011		0.000000
4012		0.000000
4013		0.000000
4014		0.000000
4015		0.000000
4016		0.000000
4017		0.000000
4018		0.000000
4019		0.000000
4020		0.000000
4021		0.000000
4022		0.000000
4023		0.000000
4024		0.000000
4025		0.000000
4026		0.000000
4027		0.000000
4028		0.000000
4029		0.000000
4030		0.000000
4031		0.000000
4032		0.000000
4033		0.000000
4034		0.000000
4035		0.000000
4036		0.000000
4037		0.000000
4038		0.000000
4039		0.000000
4040		0.000000
4041		0.000000
4042		0.000000
4043		0.000000
4044		0.000000
4045		0.000000
4046		0.000000
4047		0.000000
4048		0.000000
4049		0.000000
4050		0.000000
4051		0.000000
4052		0.000000
4053		0.000000
4054		0.000000
4055		0.000000
4056		0.000000
4057		0.000000
4058		0.000000
4059		0.000000
4060		0.000000
4061		0.000000
4062		0.000000
4063		0.000000
4064		0.000000
4065		0.000000
4066		0.000000
4067		0.000000
4068		0.000000
4069		0.000000
4070		0.000000
4071		0.000000
4072		0.000000
4073		0.000000
4074		0.000000
4075		0.000000
4076		0.000000
4077		0.000000
4078		0.000000
4079		0.000000
4080		0.000000
4081		0.000000
4082		0.000000
4083		0.000000
4084		0.000000
4085		0.000000
4086		0.000000
4087		0.000000
4088		0.000000
4089		0.000000
4090		0.000000
4091		0.000000
4092		0.000000
4093		0.000000
4094		0.000000
4095		0.000000
