0		0.000000
1		0.000000
2		0.000000
3		0.000000
4		0.000000
5		0.000000
6		0.000000
7		0.000000
8		0.000000
9		0.000000
10		0.000000
11		0.000000
12		0.000000
13		0.000000
14		0.000000
15		0.000000
16		0.000000
17		0.000000
18		0.000000
19		0.000000
20		0.000000
21		0.000000
22		0.000000
23		0.000000
24		0.000000
25		0.000000
26		0.000000
27		0.000000
28		0.000000
29		0.000000
30		0.000000
31		0.000000
32		0.000000
33		0.000000
34		0.000000
35		0.000000
36		0.000000
37		0.000000
38		0.000000
39		0.000000
40		0.000000
41		0.000000
42		0.000000
43		0.000000
44		0.000000
45		0.000000
46		0.000000
47		0.000000
48		0.000000
49		0.000000
50		0.000000
51		0.000000
52		0.000000
53		0.000000
54		0.000000
55		0.000000
56		0.000000
57		0.000000
58		0.000000
59		0.000000
60		0.000000
61		0.000000
62		0.000000
63		0.000000
64		0.000000
65		0.000000
66		0.000000
67		0.000000
68		0.000000
69		0.000000
70		0.000000
71		0.000000
72		0.000000
73		0.000000
74		0.000000
75		0.000000
76		0.000000
77		0.000000
78		0.000000
79		0.000000
80		0.000000
81		0.000000
82		0.000000
83		0.000000
84		0.000000
85		0.000000
86		0.000000
87		0.000000
88		0.000000
89		0.000000
90		0.000000
91		0.000000
92		0.000000
93		0.000000
94		0.000000
95		0.000000
96		0.000000
97		0.000000
98		0.000000
99		0.000000
100		0.000000
101		0.000000
102		0.000000
103		0.000000
104		0.000000
105		0.000000
106		0.000000
107		0.000000
108		0.000000
109		196483.734375
110		22925.289062
111		341.823669
112		330.567780
113		340.342621
114		346.859192
115		329.975342
116		326.717072
117		365.520264
118		356.930267
119		348.636444
120		362.261993
121		339.750214
122		344.489532
123		341.527466
124		338.269165
125		340.638824
126		352.783356
127		346.859192
128		370.259613
129		346.266785
130		353.375763
131		360.484741
132		361.669586
133		359.299927
134		367.297516
135		356.337830
136		380.034454
137		359.892334
138		354.560608
139		364.039246
140		366.112701
141		380.923065
142		379.442047
143		393.660004
144		399.880371
145		404.619690
146		386.551025
147		418.541443
148		444.311523
149		443.126678
150		438.979797
151		446.977386
152		454.086365
153		445.496338
154		466.230896
155		476.301941
156		489.335083
157		491.112335
158		512.143066
159		506.811340
160		493.778198
161		511.550659
162		518.659668
163		557.166626
164		561.905945
165		550.057678
166		552.723511
167		553.315918
168		553.908386
169		552.427307
170		576.716370
171		561.017334
172		561.017334
173		553.612183
174		574.050476
175		613.446106
176		583.529114
177		588.564636
178		584.417725
179		585.306396
180		603.671265
181		598.043335
182		609.002991
183		597.747070
184		611.668884
185		605.152283
186		632.995789
187		614.334717
188		608.410583
189		598.339539
190		610.780212
191		642.474487
192		677.130737
193		665.282471
194		707.640137
195		699.346313
196		693.422180
197		696.680481
198		656.988647
199		669.429382
200		663.505188
201		665.874878
202		666.171082
203		639.216187
204		657.581055
205		650.768250
206		650.175842
207		634.476868
208		633.291992
209		645.140320
210		622.332336
211		632.403381
212		629.441345
213		621.147522
214		612.853699
215		591.822937
216		607.225769
217		593.007751
218		583.825317
219		574.050476
220		584.713989
221		574.939087
222		569.014954
223		533.766235
224		563.683228
225		545.910767
226		553.612183
227		534.358643
228		547.687988
229		520.733093
230		559.536316
231		530.211731
232		536.432129
233		521.917908
234		513.920349
235		507.699951
236		494.074402
237		498.517517
238		513.624146
239		510.069641
240		505.034088
241		498.813721
242		510.958252
243		518.067261
244		500.294769
245		514.808960
246		491.408539
247		484.595764
248		456.456024
249		455.271210
250		462.676392
251		445.496338
252		459.418121
253		403.434875
254		425.946655
255		417.652832
256		420.911102
257		433.055634
258		419.133881
259		418.837646
260		411.728668
261		419.430084
262		383.588959
263		402.250031
264		403.731079
265		411.728668
266		388.328278
267		400.176575
268		372.333069
269		379.145844
270		388.920685
271		377.072388
272		391.882751
273		367.889954
274		373.221680
275		367.889954
276		369.370972
277		352.487152
278		383.588959
279		390.697937
280		362.261993
281		369.963379
282		372.629272
283		359.299927
284		364.039246
285		374.998932
286		367.297516
287		360.484741
288		363.150604
289		366.705109
290		352.783356
291		353.079559
292		358.411285
293		362.558197
294		381.515503
295		354.560608
296		351.894714
297		345.378143
298		343.600922
299		336.195709
300		352.783356
301		323.458801
302		350.117493
303		341.527466
304		340.935028
305		337.084351
306		333.826050
307		353.375763
308		325.236023
309		334.714691
310		329.086731
311		353.968170
312		304.501495
313		315.757385
314		444.607727
315		2306.569092
316		2710.004150
317		553.612183
318		303.316650
319		302.428040
320		325.236023
321		317.238434
322		314.572571
323		308.944611
324		302.428040
325		302.428040
326		316.645996
327		317.534637
328		296.207672
329		304.797699
330		295.615265
331		316.053589
332		307.463562
333		300.946991
334		300.650787
335		296.800110
336		305.982544
337		301.835632
338		308.944611
339		306.871155
340		327.013275
341		292.356995
342		305.093903
343		317.238434
344		301.243225
345		298.281128
346		297.688721
347		306.574951
348		303.020447
349		299.762177
350		294.726654
351		305.390106
352		323.458801
353		302.428040
354		316.645996
355		292.060760
356		300.058380
357		309.240814
358		315.164978
359		311.314270
360		300.354584
361		319.608093
362		306.574951
363		311.018066
364		307.463562
365		308.944611
366		301.243225
367		301.539429
368		296.503876
369		311.018066
370		318.423248
371		328.494324
372		314.868774
373		301.243225
374		320.792908
375		315.164978
376		330.567780
377		326.717072
378		308.648407
379		328.198120
380		325.532227
381		332.937439
382		321.977753
383		323.458801
384		318.423248
385		338.861572
386		322.866364
387		315.461182
388		339.157806
389		338.861572
390		341.527466
391		338.861572
392		346.859192
393		342.119873
394		340.046417
395		339.454010
396		337.380554
397		337.676758
398		334.418457
399		357.226471
400		348.044037
401		345.970581
402		335.603302
403		361.373383
404		350.117493
405		359.003723
406		366.408905
407		328.494324
408		310.425659
409		299.465973
410		298.873535
411		318.719452
412		292.949402
413		315.757385
414		318.423248
415		321.681549
416		327.013275
417		317.830841
418		317.238434
419		313.091522
420		316.645996
421		343.008484
422		324.051208
423		303.612885
424		321.977753
425		337.084351
426		339.454010
427		322.866364
428		324.347412
429		319.015686
430		333.529846
431		308.648407
432		325.828461
433		336.788147
434		339.750214
435		325.236023
436		329.086731
437		351.894714
438		327.605682
439		311.610474
440		292.653198
441		279.027649
442		308.944611
443		301.243225
444		287.025238
445		274.288300
446		288.506287
447		297.392517
448		295.319061
449		290.579742
450		295.615265
451		280.804871
452		294.134216
453		277.546600
454		294.430420
455		281.101074
456		284.951782
457		291.764557
458		307.759766
459		297.096313
460		297.392517
461		315.461182
462		291.172150
463		261.551392
464		255.923431
465		248.814453
466		232.819244
467		265.698303
468		247.925827
469		244.371338
470		256.515839
471		243.186508
472		243.186508
473		233.115448
474		234.300278
475		250.591705
476		231.930618
477		248.518250
478		224.821625
479		245.259964
480		236.077515
481		220.970932
482		233.411652
483		229.560959
484		243.186508
485		237.262360
486		271.622437
487		1187.792847
488		4170.900391
489		2596.852783
490		415.579376
491		236.077515
492		215.046783
493		235.781311
494		244.667542
495		199.940186
496		196.089478
497		195.793274
498		191.053955
499		192.238785
500		170.911835
501		183.056351
502		177.428406
503		175.058746
504		169.134583
505		159.063522
506		164.099060
507		173.281494
508		162.321808
509		168.838379
510		155.212830
511		167.653549
512		169.134583
513		159.952148
514		163.506638
515		153.435577
516		151.954544
517		143.068314
518		161.433182
519		147.215210
520		478.967834
521		2779.612793
522		3611.660156
523		881.514038
524		165.283890
525		146.919006
526		140.402435
527		138.921402
528		137.440369
529		138.328979
530		127.665512
531		148.696259
532		127.961716
533		135.070709
534		139.513824
535		127.073097
536		123.222397
537		122.333771
538		129.738968
539		122.926186
540		133.885864
541		119.075485
542		118.483070
543		136.551743
544		226.598877
545		1419.723389
546		3827.891846
547		2011.250122
548		285.544189
549		128.554138
550		117.594452
551		114.632370
552		116.409622
553		125.888268
554		114.928581
555		115.224785
556		109.004425
557		117.002037
558		115.520996
559		119.964111
560		112.262711
561		111.966507
562		107.523392
563		110.485466
564		121.741356
565		124.407227
566		111.374084
567		117.298241
568		125.592056
569		112.262711
570		117.002037
571		102.191650
572		117.002037
573		119.964111
574		112.558922
575		102.487854
576		106.338554
577		138.328979
578		730.448120
579		3077.597900
580		2758.582031
581		587.379822
582		119.371696
583		102.191650
584		108.115807
585		110.781670
586		107.523392
587		105.449936
588		108.708221
589		113.743752
590		104.265106
591		110.189255
592		97.748535
593		102.784065
594		106.042351
595		107.227180
596		106.930969
597		97.156120
598		103.080276
599		100.710609
600		109.004425
601		107.523392
602		107.227180
603		107.227180
604		111.670296
605		97.156120
606		106.930969
607		109.893051
608		102.784065
609		103.672691
610		120.260315
611		120.852737
612		99.229576
613		109.596840
614		104.265106
615		107.227180
616		99.821991
617		108.708221
618		98.933365
619		102.191650
620		108.708221
621		119.371696
622		107.819595
623		107.227180
624		94.490250
625		105.153725
626		100.710609
627		103.376480
628		115.520996
629		107.523392
630		98.637161
631		118.186867
632		112.262711
633		108.708221
634		105.746140
635		106.930969
636		104.265106
637		106.042351
638		107.523392
639		98.044739
640		103.672691
641		103.968895
642		110.485466
643		103.968895
644		98.044739
645		109.004425
646		102.487854
647		95.378876
648		101.599236
649		106.930969
650		101.895439
651		108.708221
652		99.525780
653		90.047134
654		105.449936
655		103.968895
656		92.120590
657		93.601624
658		109.300636
659		99.821991
660		107.523392
661		99.229576
662		104.265106
663		103.080276
664		104.265106
665		104.561310
666		98.044739
667		100.414406
668		111.670296
669		102.191650
670		94.490250
671		89.750931
672		104.265106
673		102.191650
674		95.082664
675		107.523392
676		102.487854
677		98.933365
678		92.120590
679		109.004425
680		111.670296
681		91.528175
682		100.710609
683		93.601624
684		88.862305
685		100.118195
686		85.307816
687		95.378876
688		93.897835
689		88.862305
690		98.933365
691		101.303024
692		98.933365
693		89.454720
694		109.300636
695		125.888268
696		108.115807
697		107.523392
698		90.935760
699		96.563705
700		87.973679
701		90.047134
702		89.750931
703		95.971291
704		88.566093
705		87.973679
706		99.525780
707		80.272278
708		87.677475
709		89.750931
710		81.457115
711		83.826775
712		90.935760
713		86.492645
714		89.454720
715		92.416794
716		90.343346
717		87.085060
718		88.269890
719		88.269890
720		92.416794
721		91.528175
722		78.495033
723		90.047134
724		87.381264
725		82.641945
726		90.343346
727		104.265106
728		113.447540
729		117.002037
730		100.710609
731		94.490250
732		87.085060
733		90.047134
734		86.196434
735		86.788849
736		84.419189
737		82.641945
738		87.973679
739		90.639549
740		87.381264
741		87.085060
742		89.750931
743		99.525780
744		82.641945
745		87.381264
746		91.528175
747		94.490250
748		87.677475
749		97.156120
750		120.852737
751		222.155762
752		279.620056
753		174.170120
754		99.821991
755		90.343346
756		90.343346
757		87.973679
758		92.713005
759		93.009209
760		90.343346
761		94.194046
762		91.231964
763		93.601624
764		90.639549
765		90.639549
766		85.011604
767		91.231964
768		105.153725
769		83.234360
770		88.269890
771		92.416794
772		82.049530
773		92.416794
774		99.525780
775		85.011604
776		86.788849
777		90.935760
778		95.082664
779		103.080276
780		98.340950
781		95.378876
782		88.269890
783		93.897835
784		100.710609
785		103.672691
786		127.665512
787		117.890656
788		101.895439
789		98.340950
790		89.158508
791		93.897835
792		100.118195
793		81.457115
794		95.082664
795		91.824379
796		95.082664
797		93.009209
798		89.750931
799		99.229576
800		98.044739
801		103.080276
802		97.452324
803		105.746140
804		93.601624
805		98.340950
806		91.824379
807		98.637161
808		96.267494
809		100.118195
810		88.269890
811		91.528175
812		97.156120
813		96.563705
814		93.897835
815		91.528175
816		94.786461
817		106.338554
818		101.006821
819		99.821991
820		102.487854
821		101.303024
822		108.708221
823		90.935760
824		97.156120
825		106.042351
826		101.599236
827		109.893051
828		94.194046
829		103.376480
830		106.338554
831		116.705826
832		103.968895
833		100.118195
834		102.784065
835		109.004425
836		111.077881
837		109.596840
838		105.746140
839		107.523392
840		109.300636
841		120.852737
842		110.781670
843		114.632370
844		96.563705
845		122.629982
846		107.819595
847		102.784065
848		115.817200
849		106.634766
850		118.779282
851		121.445152
852		132.701035
853		117.594452
854		129.146545
855		124.703430
856		128.850342
857		124.407227
858		130.923798
859		139.810028
860		127.665512
861		123.814812
862		122.629982
863		140.994858
864		142.475891
865		127.665512
866		119.075485
867		113.743752
868		99.229576
869		100.710609
870		95.082664
871		105.449936
872		120.852737
873		111.670296
874		88.862305
875		101.599236
876		97.156120
877		92.416794
878		93.009209
879		95.378876
880		89.750931
881		97.156120
882		95.082664
883		98.044739
884		72.274673
885		91.528175
886		93.009209
887		80.568489
888		74.051918
889		82.049530
890		82.049530
891		79.976074
892		71.682259
893		77.310204
894		74.940544
895		81.753319
896		71.682259
897		79.087448
898		76.125374
899		64.573273
900		76.125374
901		72.274673
902		69.016388
903		73.459503
904		62.499821
905		67.239143
906		57.464291
907		69.312599
908		62.203613
909		61.907406
910		57.464291
911		57.760498
912		59.241535
913		59.537743
914		55.687042
915		53.021175
916		61.611198
917		48.281853
918		48.874268
919		51.243927
920		45.912189
921		36.137337
922		55.094627
923		49.170475
924		49.170475
925		45.912189
926		51.836346
927		47.097023
928		55.094627
929		50.651512
930		45.319775
931		45.319775
932		45.319775
933		45.912189
934		45.912189
935		46.800812
936		42.061489
937		39.099415
938		43.838737
939		42.061489
940		40.876659
941		42.061489
942		38.210793
943		39.099415
944		46.504604
945		42.653908
946		39.691830
947		49.762890
948		41.765282
949		40.580452
950		40.580452
951		33.471466
952		39.691830
953		35.248714
954		37.322166
955		51.836346
956		233.115448
957		1279.617188
958		3069.896484
959		2780.797607
960		984.001892
961		156.693863
962		39.395622
963		40.284245
964		29.620768
965		37.025959
966		40.580452
967		33.471466
968		26.658691
969		35.841129
970		32.582844
971		37.025959
972		28.732145
973		34.656300
974		37.914581
975		34.656300
976		31.694221
977		33.471466
978		39.395622
979		39.691830
980		33.767677
981		37.618374
982		34.360092
983		30.509392
984		35.841129
985		36.729752
986		34.952507
987		39.395622
988		33.471466
989		31.694221
990		31.694221
991		35.248714
992		31.398014
993		34.952507
994		34.360092
995		33.175259
996		34.360092
997		34.360092
998		40.876659
999		32.879051
1000		40.580452
1001		39.988037
1002		32.286636
1003		31.990429
1004		33.175259
1005		39.099415
1006		35.248714
1007		35.841129
1008		34.656300
1009		35.544922
1010		34.063885
1011		28.732145
1012		37.025959
1013		37.618374
1014		32.582844
1015		35.248714
1016		30.509392
1017		34.656300
1018		36.433544
1019		32.286636
1020		32.582844
1021		34.952507
1022		33.175259
1023		32.582844
1024		36.433544
1025		35.544922
1026		35.841129
1027		32.582844
1028		35.841129
1029		29.324560
1030		33.471466
1031		30.805599
1032		31.694221
1033		33.175259
1034		41.172867
1035		39.099415
1036		34.063885
1037		33.471466
1038		39.988037
1039		35.544922
1040		31.694221
1041		39.691830
1042		39.988037
1043		37.025959
1044		39.691830
1045		33.767677
1046		33.471466
1047		38.210793
1048		34.063885
1049		32.582844
1050		33.471466
1051		33.767677
1052		35.544922
1053		33.767677
1054		29.324560
1055		35.841129
1056		36.433544
1057		37.025959
1058		29.324560
1059		32.286636
1060		29.028353
1061		31.398014
1062		34.656300
1063		36.433544
1064		36.137337
1065		41.765282
1066		37.322166
1067		33.767677
1068		40.580452
1069		40.580452
1070		39.395622
1071		35.248714
1072		38.803207
1073		30.805599
1074		34.360092
1075		31.990429
1076		33.471466
1077		38.210793
1078		31.101807
1079		34.360092
1080		36.433544
1081		33.175259
1082		35.248714
1083		32.286636
1084		35.544922
1085		38.507000
1086		33.175259
1087		33.175259
1088		35.544922
1089		32.879051
1090		32.582844
1091		29.324560
1092		36.433544
1093		34.952507
1094		32.582844
1095		38.507000
1096		28.435938
1097		31.990429
1098		34.360092
1099		37.322166
1100		34.360092
1101		34.952507
1102		40.580452
1103		36.137337
1104		37.025959
1105		32.286636
1106		31.990429
1107		34.063885
1108		31.101807
1109		31.101807
1110		35.544922
1111		34.063885
1112		31.694221
1113		36.137337
1114		31.990429
1115		30.509392
1116		32.879051
1117		30.213184
1118		30.509392
1119		37.322166
1120		32.879051
1121		31.101807
1122		31.398014
1123		30.509392
1124		35.544922
1125		32.879051
1126		29.620768
1127		38.210793
1128		31.101807
1129		38.210793
1130		36.433544
1131		29.916975
1132		28.732145
1133		35.841129
1134		26.954899
1135		33.471466
1136		33.767677
1137		35.544922
1138		30.509392
1139		32.286636
1140		30.805599
1141		30.213184
1142		32.879051
1143		41.469074
1144		31.990429
1145		34.360092
1146		37.618374
1147		34.360092
1148		34.063885
1149		34.952507
1150		36.433544
1151		35.841129
1152		32.286636
1153		27.547314
1154		37.914581
1155		30.213184
1156		32.286636
1157		30.805599
1158		39.691830
1159		26.658691
1160		36.433544
1161		37.322166
1162		34.360092
1163		39.988037
1164		45.023567
1165		59.537743
1166		53.317383
1167		37.322166
1168		30.213184
1169		34.360092
1170		33.767677
1171		35.841129
1172		30.509392
1173		29.620768
1174		31.398014
1175		29.324560
1176		29.620768
1177		34.063885
1178		36.729752
1179		35.544922
1180		29.324560
1181		34.656300
1182		30.805599
1183		28.732145
1184		33.767677
1185		34.063885
1186		33.175259
1187		32.286636
1188		29.916975
1189		31.990429
1190		32.582844
1191		35.248714
1192		31.398014
1193		39.395622
1194		37.322166
1195		36.729752
1196		37.914581
1197		34.360092
1198		30.509392
1199		34.063885
1200		29.324560
1201		34.360092
1202		35.544922
1203		32.286636
1204		36.729752
1205		38.507000
1206		32.286636
1207		34.360092
1208		30.213184
1209		36.433544
1210		41.172867
1211		35.841129
1212		30.805599
1213		37.618374
1214		40.580452
1215		31.990429
1216		30.213184
1217		32.879051
1218		35.841129
1219		36.137337
1220		33.471466
1221		31.694221
1222		29.916975
1223		32.286636
1224		38.507000
1225		38.507000
1226		31.101807
1227		29.620768
1228		41.765282
1229		36.137337
1230		34.360092
1231		41.172867
1232		31.101807
1233		33.471466
1234		30.509392
1235		35.841129
1236		34.952507
1237		31.101807
1238		35.248714
1239		38.803207
1240		35.544922
1241		37.025959
1242		34.656300
1243		36.137337
1244		38.507000
1245		38.803207
1246		35.248714
1247		34.063885
1248		34.360092
1249		33.175259
1250		41.469074
1251		36.137337
1252		31.990429
1253		37.618374
1254		30.213184
1255		31.694221
1256		33.471466
1257		39.691830
1258		40.876659
1259		31.694221
1260		36.729752
1261		33.471466
1262		37.914581
1263		39.691830
1264		38.803207
1265		37.322166
1266		41.469074
1267		31.990429
1268		42.950115
1269		44.431152
1270		36.433544
1271		35.841129
1272		36.729752
1273		31.101807
1274		39.988037
1275		38.210793
1276		37.025959
1277		36.729752
1278		34.360092
1279		40.580452
1280		37.914581
1281		33.175259
1282		29.916975
1283		41.469074
1284		31.990429
1285		36.433544
1286		33.175259
1287		37.025959
1288		37.322166
1289		43.246323
1290		40.284245
1291		36.729752
1292		41.172867
1293		37.322166
1294		36.433544
1295		35.841129
1296		37.322166
1297		46.208397
1298		29.028353
1299		36.433544
1300		30.509392
1301		34.952507
1302		41.172867
1303		37.618374
1304		38.803207
1305		40.580452
1306		39.691830
1307		39.099415
1308		34.360092
1309		39.691830
1310		42.357697
1311		66.646729
1312		119.075485
1313		204.679504
1314		229.857162
1315		179.205643
1316		99.525780
1317		69.016388
1318		50.059097
1319		49.170475
1320		58.056705
1321		47.985645
1322		53.317383
1323		47.393230
1324		54.206005
1325		42.653908
1326		49.762890
1327		46.800812
1328		52.132553
1329		54.502213
1330		59.241535
1331		56.575668
1332		46.208397
1333		45.319775
1334		55.390835
1335		50.651512
1336		60.130157
1337		51.243927
1338		54.798420
1339		54.798420
1340		44.431152
1341		58.649120
1342		60.130157
1343		48.281853
1344		51.836346
1345		49.170475
1346		47.985645
1347		63.388443
1348		49.170475
1349		53.909798
1350		54.502213
1351		55.094627
1352		50.059097
1353		57.464291
1354		60.426369
1355		60.130157
1356		58.352913
1357		58.056705
1358		61.907406
1359		52.724968
1360		51.836346
1361		57.168083
1362		49.762890
1363		58.649120
1364		64.277069
1365		52.132553
1366		52.132553
1367		55.687042
1368		59.241535
1369		58.056705
1370		55.390835
1371		58.352913
1372		52.724968
1373		48.578060
1374		50.947720
1375		57.760498
1376		59.833950
1377		55.390835
1378		61.018784
1379		68.127769
1380		55.094627
1381		50.059097
1382		60.130157
1383		66.646729
1384		57.760498
1385		66.054314
1386		62.796028
1387		55.983253
1388		66.646729
1389		63.684650
1390		65.758102
1391		63.684650
1392		63.092236
1393		61.314991
1394		60.426369
1395		58.352913
1396		63.684650
1397		63.980858
1398		59.241535
1399		57.760498
1400		68.423973
1401		64.869484
1402		57.168083
1403		67.239143
1404		59.833950
1405		60.426369
1406		59.833950
1407		67.831558
1408		53.909798
1409		69.608803
1410		58.945328
1411		63.980858
1412		59.833950
1413		71.089844
1414		63.092236
1415		65.758102
1416		56.279461
1417		73.163300
1418		64.869484
1419		67.535355
1420		61.907406
1421		74.940544
1422		68.720184
1423		66.054314
1424		67.239143
1425		59.833950
1426		64.869484
1427		67.831558
1428		66.054314
1429		67.239143
1430		69.016388
1431		71.386047
1432		71.682259
1433		69.608803
1434		67.239143
1435		67.239143
1436		69.608803
1437		72.867088
1438		69.905014
1439		66.054314
1440		76.717789
1441		69.905014
1442		68.720184
1443		64.869484
1444		69.608803
1445		75.236748
1446		78.495033
1447		70.201218
1448		79.383659
1449		76.421585
1450		76.125374
1451		74.348129
1452		73.459503
1453		67.239143
1454		65.758102
1455		61.907406
1456		68.423973
1457		61.018784
1458		59.241535
1459		62.203613
1460		66.646729
1461		59.537743
1462		63.388443
1463		67.831558
1464		71.386047
1465		69.608803
1466		64.277069
1467		64.869484
1468		61.907406
1469		58.056705
1470		55.687042
1471		58.945328
1472		66.942932
1473		70.497429
1474		53.317383
1475		65.165688
1476		57.760498
1477		60.426369
1478		61.907406
1479		53.317383
1480		59.537743
1481		59.537743
1482		67.831558
1483		64.277069
1484		58.056705
1485		56.575668
1486		62.203613
1487		54.798420
1488		63.388443
1489		58.649120
1490		66.646729
1491		59.241535
1492		61.611198
1493		59.537743
1494		57.464291
1495		61.314991
1496		61.907406
1497		68.127769
1498		64.869484
1499		62.499821
1500		63.388443
1501		64.573273
1502		68.127769
1503		69.608803
1504		62.499821
1505		56.871876
1506		64.573273
1507		54.798420
1508		55.687042
1509		65.758102
1510		61.907406
1511		63.388443
1512		59.833950
1513		68.720184
1514		61.907406
1515		69.608803
1516		68.423973
1517		103.672691
1518		216.824020
1519		488.150269
1520		757.106812
1521		726.893677
1522		521.325500
1523		247.333420
1524		126.480682
1525		87.973679
1526		75.532959
1527		75.829163
1528		78.198830
1529		73.163300
1530		73.755714
1531		79.087448
1532		77.310204
1533		68.423973
1534		80.568489
1535		79.087448
1536		73.755714
1537		81.160904
1538		77.310204
1539		87.381264
1540		79.087448
1541		89.750931
1542		78.198830
1543		82.641945
1544		87.973679
1545		82.938148
1546		78.791245
1547		83.530563
1548		81.753319
1549		87.677475
1550		72.867088
1551		83.530563
1552		87.085060
1553		79.976074
1554		77.606415
1555		82.345734
1556		80.568489
1557		84.715393
1558		92.713005
1559		82.345734
1560		83.234360
1561		78.791245
1562		78.198830
1563		94.490250
1564		86.492645
1565		85.011604
1566		80.864700
1567		83.234360
1568		90.935760
1569		94.786461
1570		80.568489
1571		94.194046
1572		84.715393
1573		87.381264
1574		93.601624
1575		87.085060
1576		79.679863
1577		83.234360
1578		85.604019
1579		77.014000
1580		82.938148
1581		85.604019
1582		90.935760
1583		77.014000
1584		99.229576
1585		93.897835
1586		91.824379
1587		78.495033
1588		87.085060
1589		88.862305
1590		93.305420
1591		111.374084
1592		105.449936
1593		95.082664
1594		99.525780
1595		95.378876
1596		100.118195
1597		93.601624
1598		97.156120
1599		102.784065
1600		101.006821
1601		94.786461
1602		94.194046
1603		101.006821
1604		97.748535
1605		111.374084
1606		99.821991
1607		101.006821
1608		106.338554
1609		106.634766
1610		95.675079
1611		106.042351
1612		97.452324
1613		105.153725
1614		101.599236
1615		109.596840
1616		111.966507
1617		111.670296
1618		108.115807
1619		104.265106
1620		117.594452
1621		109.004425
1622		116.409622
1623		114.039955
1624		110.189255
1625		115.817200
1626		116.409622
1627		109.004425
1628		125.888268
1629		119.371696
1630		103.080276
1631		94.194046
1632		87.973679
1633		80.864700
1634		89.158508
1635		96.859909
1636		83.826775
1637		82.938148
1638		96.859909
1639		93.009209
1640		79.383659
1641		88.566093
1642		95.082664
1643		90.047134
1644		80.864700
1645		90.343346
1646		88.269890
1647		87.973679
1648		81.457115
1649		85.011604
1650		85.011604
1651		79.087448
1652		79.087448
1653		83.234360
1654		83.826775
1655		90.935760
1656		86.788849
1657		78.198830
1658		76.717789
1659		78.198830
1660		68.423973
1661		71.978470
1662		72.570885
1663		63.684650
1664		75.532959
1665		61.314991
1666		63.980858
1667		67.535355
1668		64.869484
1669		66.646729
1670		55.094627
1671		61.018784
1672		50.355305
1673		51.243927
1674		55.687042
1675		55.390835
1676		49.762890
1677		57.464291
1678		51.243927
1679		43.246323
1680		47.393230
1681		47.393230
1682		40.876659
1683		38.210793
1684		46.208397
1685		42.950115
1686		39.691830
1687		38.507000
1688		26.362484
1689		37.322166
1690		37.025959
1691		32.582844
1692		30.805599
1693		37.025959
1694		33.175259
1695		38.507000
1696		31.101807
1697		32.582844
1698		30.213184
1699		36.729752
1700		27.843521
1701		26.066277
1702		28.139730
1703		34.656300
1704		31.694221
1705		29.324560
1706		32.582844
1707		27.547314
1708		29.324560
1709		27.547314
1710		26.954899
1711		29.324560
1712		28.139730
1713		29.324560
1714		26.658691
1715		21.030745
1716		22.215576
1717		30.805599
1718		23.696615
1719		27.547314
1720		22.807991
1721		22.215576
1722		38.210793
1723		91.824379
1724		259.181732
1725		800.649353
1726		1580.267944
1727		2110.479736
1728		1995.254883
1729		1212.378052
1730		528.138306
1731		169.727005
1732		51.243927
1733		28.732145
1734		23.104198
1735		21.919369
1736		23.104198
1737		24.881445
1738		23.992823
1739		20.142122
1740		27.251106
1741		27.251106
1742		20.734537
1743		24.881445
1744		24.585238
1745		27.547314
1746		23.696615
1747		19.549707
1748		29.028353
1749		22.511784
1750		29.916975
1751		24.585238
1752		22.807991
1753		22.807991
1754		19.845915
1755		26.658691
1756		23.104198
1757		28.732145
1758		23.992823
1759		27.251106
1760		22.511784
1761		22.511784
1762		18.661083
1763		22.807991
1764		23.400406
1765		21.623161
1766		22.511784
1767		21.030745
1768		24.585238
1769		28.732145
1770		27.251106
1771		25.473860
1772		23.992823
1773		23.992823
1774		21.623161
1775		23.696615
1776		27.547314
1777		25.770069
1778		25.177652
1779		21.623161
1780		26.066277
1781		17.476254
1782		23.696615
1783		26.954899
1784		29.028353
1785		28.139730
1786		26.954899
1787		27.843521
1788		24.585238
1789		29.620768
1790		19.845915
1791		29.028353
1792		26.362484
1793		25.473860
1794		24.881445
1795		24.289030
1796		26.954899
1797		27.547314
1798		23.696615
1799		21.326954
1800		26.066277
1801		21.326954
1802		23.992823
1803		19.253500
1804		21.030745
1805		22.807991
1806		24.289030
1807		25.177652
1808		26.658691
1809		24.585238
1810		26.954899
1811		26.658691
1812		22.807991
1813		29.620768
1814		31.990429
1815		28.732145
1816		29.620768
1817		27.251106
1818		28.435938
1819		26.066277
1820		27.547314
1821		26.066277
1822		32.286636
1823		21.030745
1824		29.028353
1825		23.696615
1826		20.734537
1827		31.101807
1828		23.992823
1829		20.438330
1830		27.251106
1831		24.881445
1832		21.030745
1833		23.400406
1834		21.919369
1835		24.289030
1836		22.511784
1837		26.954899
1838		26.066277
1839		20.142122
1840		20.142122
1841		25.177652
1842		25.473860
1843		25.770069
1844		21.623161
1845		21.919369
1846		30.805599
1847		28.732145
1848		22.807991
1849		18.957291
1850		21.326954
1851		24.289030
1852		22.215576
1853		25.177652
1854		20.438330
1855		24.289030
1856		18.661083
1857		21.623161
1858		19.253500
1859		21.326954
1860		19.845915
1861		17.180046
1862		18.364876
1863		22.807991
1864		22.807991
1865		20.142122
1866		21.030745
1867		22.215576
1868		18.661083
1869		22.511784
1870		20.734537
1871		18.661083
1872		22.511784
1873		20.734537
1874		24.289030
1875		16.883839
1876		21.623161
1877		16.291422
1878		21.919369
1879		17.476254
1880		17.476254
1881		19.549707
1882		18.661083
1883		19.845915
1884		21.919369
1885		18.068668
1886		17.476254
1887		23.696615
1888		20.438330
1889		17.772461
1890		20.142122
1891		18.068668
1892		21.919369
1893		21.919369
1894		23.696615
1895		16.291422
1896		20.438330
1897		18.068668
1898		22.215576
1899		33.471466
1900		30.805599
1901		29.916975
1902		23.104198
1903		20.142122
1904		17.772461
1905		22.511784
1906		15.699007
1907		23.104198
1908		18.364876
1909		17.772461
1910		21.623161
1911		16.587629
1912		17.772461
1913		19.845915
1914		16.291422
1915		20.734537
1916		18.661083
1917		20.734537
1918		14.514176
1919		18.364876
1920		16.291422
1921		19.845915
1922		17.772461
1923		15.106592
1924		17.180046
1925		18.957291
1926		16.291422
1927		20.734537
1928		15.699007
1929		13.033138
1930		22.511784
1931		15.995214
1932		24.881445
1933		32.582844
1934		35.841129
1935		27.843521
1936		22.215576
1937		20.142122
1938		16.587629
1939		16.291422
1940		21.030745
1941		17.772461
1942		18.068668
1943		17.180046
1944		15.106592
1945		14.514176
1946		15.699007
1947		13.329346
1948		17.476254
1949		19.253500
1950		15.106592
1951		18.068668
1952		15.995214
1953		13.921761
1954		17.180046
1955		14.217969
1956		29.620768
1957		26.362484
1958		30.509392
1959		21.623161
1960		17.180046
1961		16.291422
1962		19.845915
1963		18.661083
1964		17.476254
1965		18.661083
1966		14.514176
1967		13.033138
1968		14.810384
1969		17.476254
1970		15.699007
1971		18.364876
1972		14.810384
1973		19.253500
1974		15.106592
1975		20.142122
1976		18.957291
1977		18.364876
1978		16.291422
1979		15.995214
1980		14.810384
1981		18.364876
1982		17.772461
1983		12.440722
1984		20.734537
1985		16.587629
1986		13.625553
1987		15.699007
1988		18.661083
1989		19.549707
1990		28.435938
1991		27.843521
1992		26.658691
1993		21.623161
1994		18.364876
1995		15.995214
1996		16.587629
1997		15.402800
1998		18.068668
1999		15.402800
2000		18.364876
2001		18.661083
2002		11.848308
2003		16.291422
2004		19.253500
2005		17.772461
2006		14.810384
2007		15.995214
2008		14.810384
2009		17.180046
2010		13.329346
2011		17.180046
2012		13.625553
2013		13.625553
2014		12.736930
2015		15.402800
2016		16.587629
2017		15.106592
2018		15.699007
2019		15.402800
2020		17.180046
2021		11.848308
2022		13.329346
2023		13.329346
2024		17.180046
2025		15.402800
2026		13.625553
2027		14.810384
2028		12.736930
2029		15.699007
2030		9.774854
2031		13.033138
2032		15.106592
2033		14.514176
2034		16.883839
2035		13.329346
2036		13.329346
2037		14.514176
2038		13.625553
2039		15.402800
2040		17.772461
2041		12.144515
2042		13.625553
2043		13.329346
2044		15.995214
2045		9.774854
2046		12.440722
2047		16.291422
2048		16.883839
2049		12.144515
2050		12.736930
2051		16.587629
2052		15.402800
2053		18.068668
2054		12.144515
2055		15.106592
2056		15.699007
2057		16.291422
2058		14.514176
2059		14.810384
2060		15.995214
2061		16.883839
2062		16.291422
2063		13.033138
2064		12.736930
2065		14.810384
2066		14.810384
2067		8.590023
2068		12.144515
2069		12.440722
2070		13.625553
2071		16.587629
2072		9.478645
2073		15.699007
2074		12.144515
2075		12.440722
2076		13.329346
2077		14.514176
2078		11.552099
2079		12.736930
2080		11.255892
2081		14.514176
2082		10.663477
2083		9.774854
2084		15.995214
2085		10.663477
2086		7.108984
2087		16.587629
2088		12.144515
2089		10.071061
2090		10.367269
2091		10.663477
2092		11.255892
2093		10.959684
2094		10.071061
2095		10.663477
2096		10.367269
2097		10.959684
2098		10.071061
2099		12.440722
2100		11.552099
2101		8.886230
2102		10.663477
2103		15.995214
2104		14.810384
2105		25.770069
2106		37.914581
2107		38.803207
2108		40.876659
2109		21.030745
2110		15.402800
2111		8.590023
2112		8.590023
2113		7.701400
2114		5.627946
2115		10.663477
2116		9.478645
2117		10.071061
2118		7.108984
2119		4.739323
2120		6.220361
2121		8.293815
2122		8.886230
2123		7.108984
2124		6.516569
2125		6.220361
2126		7.997607
2127		6.516569
2128		8.886230
2129		7.108984
2130		5.627946
2131		7.108984
2132		4.739323
2133		5.924154
2134		9.478645
2135		7.108984
2136		8.293815
2137		13.329346
2138		21.030745
2139		30.509392
2140		38.210793
2141		39.099415
2142		28.435938
2143		17.772461
2144		7.997607
2145		7.405192
2146		6.812777
2147		5.924154
2148		6.220361
2149		5.331738
2150		5.924154
2151		9.478645
2152		7.108984
2153		7.701400
2154		5.331738
2155		6.516569
2156		4.739323
2157		4.443115
2158		5.331738
2159		3.850700
2160		9.478645
2161		11.552099
2162		18.661083
2163		29.620768
2164		40.876659
2165		35.544922
2166		26.066277
2167		14.810384
2168		9.182438
2169		5.924154
2170		4.739323
2171		5.331738
2172		6.812777
2173		1.777246
2174		4.739323
2175		6.220361
2176		3.850700
2177		6.220361
2178		5.331738
2179		2.962077
2180		5.627946
2181		3.258285
2182		5.035531
2183		5.035531
2184		4.739323
2185		7.997607
2186		5.035531
2187		4.443115
2188		5.035531
2189		5.627946
2190		5.331738
2191		6.516569
2192		5.627946
2193		4.739323
2194		3.554492
2195		8.886230
2196		24.881445
2197		34.952507
2198		31.101807
2199		31.101807
2200		20.438330
2201		12.144515
2202		7.108984
2203		5.035531
2204		5.331738
2205		5.331738
2206		5.331738
2207		6.220361
2208		3.850700
2209		3.554492
2210		2.962077
2211		5.924154
2212		4.146907
2213		4.146907
2214		7.405192
2215		5.331738
2216		5.924154
2217		5.331738
2218		5.331738
2219		3.258285
2220		5.924154
2221		5.035531
2222		6.812777
2223		4.739323
2224		5.627946
2225		5.627946
2226		2.665869
2227		5.627946
2228		5.331738
2229		5.924154
2230		3.258285
2231		4.146907
2232		4.739323
2233		3.258285
2234		3.850700
2235		4.443115
2236		3.258285
2237		5.331738
2238		5.035531
2239		4.739323
2240		3.258285
2241		6.220361
2242		4.443115
2243		6.516569
2244		3.258285
2245		6.220361
2246		4.739323
2247		3.554492
2248		3.850700
2249		5.627946
2250		3.850700
2251		4.146907
2252		5.035531
2253		3.850700
2254		4.146907
2255		6.516569
2256		5.627946
2257		5.627946
2258		2.962077
2259		5.035531
2260		4.443115
2261		5.924154
2262		5.035531
2263		4.146907
2264		4.739323
2265		4.739323
2266		4.739323
2267		6.812777
2268		3.850700
2269		4.739323
2270		6.220361
2271		5.035531
2272		4.146907
2273		3.258285
2274		5.331738
2275		5.331738
2276		3.850700
2277		4.739323
2278		4.146907
2279		4.443115
2280		6.812777
2281		4.443115
2282		5.627946
2283		5.035531
2284		4.146907
2285		7.108984
2286		3.258285
2287		5.035531
2288		4.443115
2289		2.962077
2290		3.258285
2291		5.035531
2292		5.627946
2293		4.443115
2294		5.627946
2295		3.554492
2296		4.443115
2297		5.035531
2298		4.146907
2299		5.331738
2300		3.850700
2301		3.554492
2302		3.850700
2303		2.665869
2304		4.146907
2305		3.554492
2306		4.146907
2307		4.739323
2308		3.850700
2309		4.443115
2310		4.739323
2311		3.850700
2312		4.739323
2313		2.962077
2314		3.258285
2315		3.258285
2316		4.146907
2317		6.516569
2318		2.369661
2319		3.554492
2320		5.331738
2321		2.962077
2322		4.443115
2323		4.739323
2324		4.739323
2325		4.443115
2326		1.481038
2327		5.035531
2328		5.035531
2329		3.850700
2330		4.739323
2331		2.369661
2332		3.554492
2333		5.035531
2334		4.739323
2335		5.331738
2336		4.443115
2337		5.627946
2338		3.258285
2339		5.331738
2340		5.331738
2341		5.627946
2342		2.962077
2343		3.850700
2344		2.962077
2345		2.962077
2346		4.146907
2347		2.369661
2348		5.331738
2349		3.258285
2350		2.369661
2351		2.369661
2352		1.777246
2353		3.850700
2354		4.443115
2355		3.850700
2356		5.627946
2357		3.258285
2358		1.777246
2359		3.258285
2360		4.739323
2361		3.258285
2362		5.035531
2363		5.924154
2364		2.369661
2365		2.962077
2366		3.850700
2367		5.924154
2368		9.774854
2369		10.663477
2370		15.106592
2371		16.587629
2372		14.514176
2373		6.220361
2374		7.701400
2375		3.850700
2376		3.850700
2377		3.850700
2378		3.554492
2379		1.184831
2380		4.146907
2381		2.073454
2382		2.962077
2383		2.665869
2384		3.554492
2385		3.258285
2386		4.146907
2387		2.962077
2388		2.073454
2389		2.073454
2390		3.554492
2391		5.627946
2392		2.962077
2393		3.554492
2394		5.627946
2395		3.554492
2396		4.146907
2397		3.258285
2398		1.777246
2399		2.962077
2400		1.481038
2401		5.035531
2402		4.146907
2403		4.443115
2404		1.481038
2405		4.443115
2406		3.258285
2407		2.665869
2408		2.665869
2409		2.962077
2410		2.962077
2411		4.443115
2412		2.073454
2413		3.258285
2414		4.146907
2415		4.739323
2416		4.443115
2417		3.258285
2418		5.035531
2419		3.554492
2420		3.554492
2421		2.369661
2422		3.850700
2423		2.962077
2424		4.146907
2425		4.146907
2426		2.665869
2427		2.665869
2428		3.554492
2429		3.258285
2430		3.554492
2431		4.146907
2432		2.665869
2433		1.184831
2434		4.146907
2435		2.369661
2436		2.665869
2437		2.073454
2438		3.258285
2439		5.627946
2440		3.554492
2441		2.962077
2442		4.443115
2443		2.665869
2444		2.369661
2445		4.739323
2446		3.554492
2447		3.554492
2448		4.146907
2449		3.850700
2450		1.777246
2451		2.369661
2452		3.258285
2453		4.146907
2454		2.962077
2455		5.035531
2456		3.850700
2457		2.073454
2458		3.554492
2459		3.554492
2460		3.554492
2461		1.777246
2462		5.035531
2463		2.962077
2464		4.739323
2465		3.850700
2466		2.962077
2467		2.962077
2468		2.369661
2469		3.554492
2470		2.962077
2471		2.962077
2472		2.369661
2473		1.481038
2474		4.146907
2475		3.554492
2476		3.554492
2477		4.146907
2478		2.665869
2479		3.554492
2480		2.073454
2481		4.443115
2482		4.739323
2483		4.146907
2484		3.258285
2485		2.369661
2486		2.665869
2487		2.369661
2488		2.369661
2489		3.258285
2490		2.665869
2491		4.146907
2492		2.962077
2493		2.665869
2494		3.258285
2495		1.777246
2496		4.443115
2497		1.777246
2498		2.962077
2499		1.184831
2500		2.962077
2501		2.665869
2502		1.184831
2503		1.777246
2504		2.073454
2505		2.665869
2506		1.481038
2507		0.888623
2508		0.592415
2509		1.777246
2510		2.073454
2511		1.481038
2512		3.258285
2513		1.481038
2514		1.481038
2515		3.258285
2516		2.962077
2517		0.888623
2518		1.184831
2519		1.777246
2520		0.296208
2521		1.184831
2522		1.777246
2523		1.777246
2524		0.592415
2525		2.369661
2526		1.777246
2527		1.184831
2528		0.296208
2529		0.296208
2530		1.184831
2531		0.888623
2532		0.296208
2533		0.888623
2534		0.592415
2535		0.592415
2536		0.296208
2537		0.592415
2538		0.296208
2539		0.000000
2540		0.296208
2541		0.592415
2542		0.888623
2543		0.296208
2544		1.481038
2545		0.000000
2546		0.000000
2547		0.888623
2548		0.592415
2549		0.296208
2550		0.296208
2551		0.592415
2552		0.888623
2553		0.000000
2554		0.296208
2555		0.592415
2556		0.592415
2557		0.000000
2558		0.000000
2559		0.000000
2560		0.296208
2561		0.296208
2562		0.000000
2563		0.000000
2564		0.000000
2565		0.592415
2566		0.000000
2567		0.000000
2568		0.592415
2569		0.000000
2570		0.888623
2571		0.592415
2572		3.258285
2573		4.443115
2574		7.108984
2575		23.400406
2576		35.544922
2577		30.509392
2578		26.954899
2579		16.587629
2580		5.627946
2581		4.443115
2582		1.184831
2583		0.296208
2584		0.592415
2585		0.000000
2586		0.000000
2587		0.000000
2588		0.000000
2589		0.000000
2590		0.000000
2591		0.000000
2592		0.000000
2593		0.000000
2594		0.000000
2595		0.000000
2596		0.000000
2597		0.000000
2598		0.000000
2599		0.000000
2600		0.000000
2601		0.000000
2602		0.000000
2603		0.000000
2604		0.000000
2605		0.000000
2606		0.000000
2607		0.000000
2608		0.000000
2609		0.000000
2610		0.000000
2611		0.000000
2612		0.000000
2613		0.000000
2614		0.000000
2615		0.000000
2616		0.000000
2617		0.000000
2618		0.000000
2619		0.000000
2620		0.000000
2621		0.000000
2622		0.000000
2623		0.000000
2624		0.000000
2625		0.000000
2626		0.000000
2627		0.000000
2628		0.000000
2629		0.000000
2630		0.000000
2631		0.000000
2632		0.000000
2633		0.000000
2634		0.000000
2635		0.000000
2636		0.000000
2637		0.000000
2638		0.000000
2639		0.000000
2640		0.000000
2641		0.000000
2642		0.000000
2643		0.000000
2644		0.000000
2645		0.000000
2646		0.000000
2647		0.000000
2648		0.000000
2649		0.000000
2650		0.000000
2651		0.000000
2652		0.000000
2653		0.000000
2654		0.000000
2655		0.000000
2656		0.000000
2657		0.000000
2658		0.000000
2659		0.000000
2660		0.000000
2661		0.000000
2662		0.000000
2663		0.000000
2664		0.000000
2665		0.000000
2666		0.000000
2667		0.000000
2668		0.000000
2669		0.000000
2670		0.000000
2671		0.000000
2672		0.000000
2673		0.000000
2674		0.000000
2675		0.000000
2676		0.000000
2677		0.000000
2678		0.000000
2679		0.000000
2680		0.000000
2681		0.000000
2682		0.000000
2683		0.000000
2684		0.000000
2685		0.000000
2686		0.000000
2687		0.000000
2688		0.000000
2689		0.000000
2690		0.000000
2691		0.000000
2692		0.000000
2693		0.000000
2694		0.000000
2695		0.000000
2696		0.000000
2697		0.000000
2698		0.000000
2699		0.000000
2700		0.000000
2701		0.000000
2702		0.000000
2703		0.000000
2704		0.000000
2705		0.000000
2706		0.000000
2707		0.000000
2708		0.000000
2709		0.000000
2710		0.000000
2711		0.000000
2712		0.000000
2713		0.000000
2714		0.000000
2715		0.000000
2716		0.000000
2717		0.000000
2718		0.000000
2719		0.000000
2720		0.000000
2721		0.000000
2722		0.000000
2723		0.000000
2724		0.000000
2725		0.000000
2726		0.000000
2727		0.000000
2728		0.000000
2729		0.000000
2730		0.000000
2731		0.000000
2732		0.000000
2733		0.000000
2734		0.000000
2735		0.000000
2736		0.000000
2737		0.000000
2738		0.000000
2739		0.000000
2740		0.000000
2741		0.000000
2742		0.000000
2743		0.000000
2744		0.000000
2745		0.000000
2746		0.000000
2747		0.000000
2748		0.000000
2749		0.000000
2750		0.000000
2751		0.000000
2752		0.000000
2753		0.000000
2754		0.000000
2755		0.000000
2756		0.000000
2757		0.000000
2758		0.000000
2759		0.000000
2760		0.000000
2761		0.000000
2762		0.000000
2763		0.000000
2764		0.000000
2765		0.000000
2766		0.000000
2767		0.000000
2768		0.000000
2769		0.000000
2770		0.000000
2771		0.000000
2772		0.000000
2773		0.000000
2774		0.000000
2775		0.000000
2776		0.000000
2777		0.000000
2778		0.000000
2779		0.000000
2780		0.000000
2781		0.000000
2782		0.000000
2783		0.000000
2784		0.000000
2785		0.000000
2786		0.000000
2787		0.000000
2788		0.000000
2789		0.000000
2790		0.000000
2791		0.000000
2792		0.000000
2793		0.000000
2794		0.000000
2795		0.000000
2796		0.000000
2797		0.000000
2798		0.000000
2799		0.000000
2800		0.000000
2801		0.000000
2802		0.000000
2803		0.000000
2804		0.000000
2805		0.000000
2806		0.000000
2807		0.000000
2808		0.000000
2809		0.000000
2810		0.000000
2811		0.000000
2812		0.000000
2813		0.000000
2814		0.000000
2815		0.000000
2816		0.000000
2817		0.000000
2818		0.000000
2819		0.000000
2820		0.000000
2821		0.000000
2822		0.000000
2823		0.000000
2824		0.000000
2825		0.000000
2826		0.000000
2827		0.000000
2828		0.000000
2829		0.000000
2830		0.000000
2831		0.000000
2832		0.000000
2833		0.000000
2834		0.000000
2835		0.000000
2836		0.000000
2837		0.000000
2838		0.000000
2839		0.000000
2840		0.000000
2841		0.000000
2842		0.000000
2843		0.000000
2844		0.000000
2845		0.000000
2846		0.000000
2847		0.000000
2848		0.000000
2849		0.000000
2850		0.000000
2851		0.000000
2852		0.000000
2853		0.000000
2854		0.000000
2855		0.000000
2856		0.000000
2857		0.000000
2858		0.000000
2859		0.000000
2860		0.000000
2861		0.000000
2862		0.000000
2863		0.000000
2864		0.000000
2865		0.000000
2866		0.000000
2867		0.000000
2868		0.000000
2869		0.000000
2870		0.000000
2871		0.000000
2872		0.000000
2873		0.000000
2874		0.000000
2875		0.000000
2876		0.000000
2877		0.000000
2878		0.000000
2879		0.000000
2880		0.000000
2881		0.000000
2882		0.000000
2883		0.000000
2884		0.000000
2885		0.000000
2886		0.000000
2887		0.000000
2888		0.000000
2889		0.000000
2890		0.000000
2891		0.000000
2892		0.000000
2893		0.000000
2894		0.000000
2895		0.000000
2896		0.000000
2897		0.000000
2898		0.000000
2899		0.000000
2900		0.000000
2901		0.000000
2902		0.000000
2903		0.000000
2904		0.000000
2905		0.000000
2906		0.000000
2907		0.000000
2908		0.000000
2909		0.000000
2910		0.000000
2911		0.000000
2912		0.000000
2913		0.000000
2914		0.000000
2915		0.000000
2916		0.000000
2917		0.000000
2918		0.000000
2919		0.000000
2920		0.000000
2921		0.000000
2922		0.000000
2923		0.000000
2924		0.000000
2925		0.000000
2926		0.000000
2927		0.000000
2928		0.000000
2929		0.000000
2930		0.000000
2931		0.000000
2932		0.000000
2933		0.000000
2934		0.000000
2935		0.000000
2936		0.000000
2937		0.000000
2938		0.000000
2939		0.000000
2940		0.000000
2941		0.000000
2942		0.000000
2943		0.000000
2944		0.000000
2945		0.000000
2946		0.000000
2947		0.000000
2948		0.000000
2949		0.000000
2950		0.000000
2951		0.000000
2952		0.000000
2953		0.000000
2954		0.000000
2955		0.000000
2956		0.000000
2957		0.000000
2958		0.000000
2959		0.000000
2960		0.000000
2961		0.000000
2962		0.000000
2963		0.000000
2964		0.000000
2965		0.000000
2966		0.000000
2967		0.000000
2968		0.000000
2969		0.000000
2970		0.000000
2971		0.000000
2972		0.000000
2973		0.000000
2974		0.000000
2975		0.000000
2976		0.000000
2977		0.000000
2978		0.000000
2979		0.000000
2980		0.000000
2981		0.000000
2982		0.000000
2983		0.000000
2984		0.000000
2985		0.000000
2986		0.000000
2987		0.000000
2988		0.000000
2989		0.000000
2990		0.000000
2991		0.000000
2992		0.000000
2993		0.000000
2994		0.000000
2995		0.000000
2996		0.000000
2997		0.000000
2998		0.000000
2999		0.000000
3000		0.000000
3001		0.000000
3002		0.000000
3003		0.000000
3004		0.000000
3005		0.000000
3006		0.000000
3007		0.000000
3008		0.000000
3009		0.000000
3010		0.000000
3011		0.000000
3012		0.000000
3013		0.000000
3014		0.000000
3015		0.000000
3016		0.000000
3017		0.000000
3018		0.000000
3019		0.000000
3020		0.000000
3021		0.000000
3022		0.000000
3023		0.000000
3024		0.000000
3025		0.000000
3026		0.000000
3027		0.000000
3028		0.000000
3029		0.000000
3030		0.000000
3031		0.000000
3032		0.000000
3033		0.000000
3034		0.000000
3035		0.000000
3036		0.000000
3037		0.000000
3038		0.000000
3039		0.000000
3040		0.000000
3041		0.000000
3042		0.000000
3043		0.000000
3044		0.000000
3045		0.000000
3046		0.000000
3047		0.000000
3048		0.000000
3049		0.000000
3050		0.000000
3051		0.000000
3052		0.000000
3053		0.000000
3054		0.000000
3055		0.000000
3056		0.000000
3057		0.000000
3058		0.000000
3059		0.000000
3060		0.000000
3061		0.000000
3062		0.000000
3063		0.000000
3064		0.000000
3065		0.000000
3066		0.000000
3067		0.000000
3068		0.000000
3069		0.000000
3070		0.000000
3071		0.000000
3072		0.000000
3073		0.000000
3074		0.000000
3075		0.000000
3076		0.000000
3077		0.000000
3078		0.000000
3079		0.000000
3080		0.000000
3081		0.000000
3082		0.000000
3083		0.000000
3084		0.000000
3085		0.000000
3086		0.000000
3087		0.000000
3088		0.000000
3089		0.000000
3090		0.000000
3091		0.000000
3092		0.000000
3093		0.000000
3094		0.000000
3095		0.000000
3096		0.000000
3097		0.000000
3098		0.000000
3099		0.000000
3100		0.000000
3101		0.000000
3102		0.000000
3103		0.000000
3104		0.000000
3105		0.000000
3106		0.000000
3107		0.000000
3108		0.000000
3109		0.000000
3110		0.000000
3111		0.000000
3112		0.000000
3113		0.000000
3114		0.000000
3115		0.000000
3116		0.000000
3117		0.000000
3118		0.000000
3119		0.000000
3120		0.000000
3121		0.000000
3122		0.000000
3123		0.000000
3124		0.000000
3125		0.000000
3126		0.000000
3127		0.000000
3128		0.000000
3129		0.000000
3130		0.000000
3131		0.000000
3132		0.000000
3133		0.000000
3134		0.000000
3135		0.000000
3136		0.000000
3137		0.000000
3138		0.000000
3139		0.000000
3140		0.000000
3141		0.000000
3142		0.000000
3143		0.000000
3144		0.000000
3145		0.000000
3146		0.000000
3147		0.000000
3148		0.000000
3149		0.000000
3150		0.000000
3151		0.000000
3152		0.000000
3153		0.000000
3154		0.000000
3155		0.000000
3156		0.000000
3157		0.000000
3158		0.000000
3159		0.000000
3160		0.000000
3161		0.000000
3162		0.000000
3163		0.000000
3164		0.000000
3165		0.000000
3166		0.000000
3167		0.000000
3168		0.000000
3169		0.000000
3170		0.000000
3171		0.000000
3172		0.000000
3173		0.000000
3174		0.000000
3175		0.000000
3176		0.000000
3177		0.000000
3178		0.000000
3179		0.000000
3180		0.000000
3181		0.000000
3182		0.000000
3183		0.000000
3184		0.000000
3185		0.000000
3186		0.000000
3187		0.000000
3188		0.000000
3189		0.000000
3190		0.000000
3191		0.000000
3192		0.000000
3193		0.000000
3194		0.000000
3195		0.000000
3196		0.000000
3197		0.000000
3198		0.000000
3199		0.000000
3200		0.000000
3201		0.000000
3202		0.000000
3203		0.000000
3204		0.000000
3205		0.000000
3206		0.000000
3207		0.000000
3208		0.000000
3209		0.000000
3210		0.000000
3211		0.000000
3212		0.000000
3213		0.000000
3214		0.000000
3215		0.000000
3216		0.000000
3217		0.000000
3218		0.000000
3219		0.000000
3220		0.000000
3221		0.000000
3222		0.000000
3223		0.000000
3224		0.000000
3225		0.000000
3226		0.000000
3227		0.000000
3228		0.000000
3229		0.000000
3230		0.000000
3231		0.000000
3232		0.000000
3233		0.000000
3234		0.000000
3235		0.000000
3236		0.000000
3237		0.000000
3238		0.000000
3239		0.000000
3240		0.000000
3241		0.000000
3242		0.000000
3243		0.000000
3244		0.000000
3245		0.000000
3246		0.000000
3247		0.000000
3248		0.000000
3249		0.000000
3250		0.000000
3251		0.000000
3252		0.000000
3253		0.000000
3254		0.000000
3255		0.000000
3256		0.000000
3257		0.000000
3258		0.000000
3259		0.000000
3260		0.000000
3261		0.000000
3262		0.000000
3263		0.000000
3264		0.000000
3265		0.000000
3266		0.000000
3267		0.000000
3268		0.000000
3269		0.000000
3270		0.000000
3271		0.000000
3272		0.000000
3273		0.000000
3274		0.000000
3275		0.000000
3276		0.000000
3277		0.000000
3278		0.000000
3279		0.000000
3280		0.000000
3281		0.000000
3282		0.000000
3283		0.000000
3284		0.000000
3285		0.000000
3286		0.000000
3287		0.000000
3288		0.000000
3289		0.000000
3290		0.000000
3291		0.000000
3292		0.000000
3293		0.000000
3294		0.000000
3295		0.000000
3296		0.000000
3297		0.000000
3298		0.000000
3299		0.000000
3300		0.000000
3301		0.000000
3302		0.000000
3303		0.000000
3304		0.000000
3305		0.000000
3306		0.000000
3307		0.000000
3308		0.000000
3309		0.000000
3310		0.000000
3311		0.000000
3312		0.000000
3313		0.000000
3314		0.000000
3315		0.000000
3316		0.000000
3317		0.000000
3318		0.000000
3319		0.000000
3320		0.000000
3321		0.000000
3322		0.000000
3323		0.000000
3324		0.000000
3325		0.000000
3326		0.000000
3327		0.000000
3328		0.000000
3329		0.000000
3330		0.000000
3331		0.000000
3332		0.000000
3333		0.000000
3334		0.000000
3335		0.000000
3336		0.000000
3337		0.000000
3338		0.000000
3339		0.000000
3340		0.000000
3341		0.000000
3342		0.000000
3343		0.000000
3344		0.000000
3345		0.000000
3346		0.000000
3347		0.000000
3348		0.000000
3349		0.000000
3350		0.000000
3351		0.000000
3352		0.000000
3353		0.000000
3354		0.000000
3355		0.000000
3356		0.000000
3357		0.000000
3358		0.000000
3359		0.000000
3360		0.000000
3361		0.000000
3362		0.000000
3363		0.000000
3364		0.000000
3365		0.000000
3366		0.000000
3367		0.000000
3368		0.000000
3369		0.000000
3370		0.000000
3371		0.000000
3372		0.000000
3373		0.000000
3374		0.000000
3375		0.000000
3376		0.000000
3377		0.000000
3378		0.000000
3379		0.000000
3380		0.000000
3381		0.000000
3382		0.000000
3383		0.000000
3384		0.000000
3385		0.000000
3386		0.000000
3387		0.000000
3388		0.000000
3389		0.000000
3390		0.000000
3391		0.000000
3392		0.000000
3393		0.000000
3394		0.000000
3395		0.000000
3396		0.000000
3397		0.000000
3398		0.000000
3399		0.000000
3400		0.000000
3401		0.000000
3402		0.000000
3403		0.000000
3404		0.000000
3405		0.000000
3406		0.000000
3407		0.000000
3408		0.000000
3409		0.000000
3410		0.000000
3411		0.000000
3412		0.000000
3413		0.000000
3414		0.000000
3415		0.000000
3416		0.000000
3417		0.000000
3418		0.000000
3419		0.000000
3420		0.000000
3421		0.000000
3422		0.000000
3423		0.000000
3424		0.000000
3425		0.000000
3426		0.000000
3427		0.000000
3428		0.000000
3429		0.000000
3430		0.000000
3431		0.000000
3432		0.000000
3433		0.000000
3434		0.000000
3435		0.000000
3436		0.000000
3437		0.000000
3438		0.000000
3439		0.000000
3440		0.000000
3441		0.000000
3442		0.000000
3443		0.000000
3444		0.000000
3445		0.000000
3446		0.000000
3447		0.000000
3448		0.000000
3449		0.000000
3450		0.000000
3451		0.000000
3452		0.000000
3453		0.000000
3454		0.000000
3455		0.000000
3456		0.000000
3457		0.000000
3458		0.000000
3459		0.000000
3460		0.000000
3461		0.000000
3462		0.000000
3463		0.000000
3464		0.000000
3465		0.000000
3466		0.000000
3467		0.000000
3468		0.000000
3469		0.000000
3470		0.000000
3471		0.000000
3472		0.000000
3473		0.000000
3474		0.000000
3475		0.000000
3476		0.000000
3477		0.000000
3478		0.000000
3479		0.000000
3480		0.000000
3481		0.000000
3482		0.000000
3483		0.000000
3484		0.000000
3485		0.000000
3486		0.000000
3487		0.000000
3488		0.000000
3489		0.000000
3490		0.000000
3491		0.000000
3492		0.000000
3493		0.000000
3494		0.000000
3495		0.000000
3496		0.000000
3497		0.000000
3498		0.000000
3499		0.000000
3500		0.000000
3501		0.000000
3502		0.000000
3503		0.000000
3504		0.000000
3505		0.000000
3506		0.000000
3507		0.000000
3508		0.000000
3509		0.000000
3510		0.000000
3511		0.000000
3512		0.000000
3513		0.000000
3514		0.000000
3515		0.000000
3516		0.000000
3517		0.000000
3518		0.000000
3519		0.000000
3520		0.000000
3521		0.000000
3522		0.000000
3523		0.000000
3524		0.000000
3525		0.000000
3526		0.000000
3527		0.000000
3528		0.000000
3529		0.000000
3530		0.000000
3531		0.000000
3532		0.000000
3533		0.000000
3534		0.000000
3535		0.000000
3536		0.000000
3537		0.000000
3538		0.000000
3539		0.000000
3540		0.000000
3541		0.000000
3542		0.000000
3543		0.000000
3544		0.000000
3545		0.000000
3546		0.000000
3547		0.000000
3548		0.000000
3549		0.000000
3550		0.000000
3551		0.000000
3552		0.000000
3553		0.000000
3554		0.000000
3555		0.000000
3556		0.000000
3557		0.000000
3558		0.000000
3559		0.000000
3560		0.000000
3561		0.000000
3562		0.000000
3563		0.000000
3564		0.000000
3565		0.000000
3566		0.000000
3567		0.000000
3568		0.000000
3569		0.000000
3570		0.000000
3571		0.000000
3572		0.000000
3573		0.000000
3574		0.000000
3575		0.000000
3576		0.000000
3577		0.000000
3578		0.000000
3579		0.000000
3580		0.000000
3581		0.000000
3582		0.000000
3583		0.000000
3584		0.000000
3585		0.000000
3586		0.000000
3587		0.000000
3588		0.000000
3589		0.000000
3590		0.000000
3591		0.000000
3592		0.000000
3593		0.000000
3594		0.000000
3595		0.000000
3596		0.000000
3597		0.000000
3598		0.000000
3599		0.000000
3600		0.000000
3601		0.000000
3602		0.000000
3603		0.000000
3604		0.000000
3605		0.000000
3606		0.000000
3607		0.000000
3608		0.000000
3609		0.000000
3610		0.000000
3611		0.000000
3612		0.000000
3613		0.000000
3614		0.000000
3615		0.000000
3616		0.000000
3617		0.000000
3618		0.000000
3619		0.000000
3620		0.000000
3621		0.000000
3622		0.000000
3623		0.000000
3624		0.000000
3625		0.000000
3626		0.000000
3627		0.000000
3628		0.000000
3629		0.000000
3630		0.000000
3631		0.000000
3632		0.000000
3633		0.000000
3634		0.000000
3635		0.000000
3636		0.000000
3637		0.000000
3638		0.000000
3639		0.000000
3640		0.000000
3641		0.000000
3642		0.000000
3643		0.000000
3644		0.000000
3645		0.000000
3646		0.000000
3647		0.000000
3648		0.000000
3649		0.000000
3650		0.000000
3651		0.000000
3652		0.000000
3653		0.000000
3654		0.000000
3655		0.000000
3656		0.000000
3657		0.000000
3658		0.000000
3659		0.000000
3660		0.000000
3661		0.000000
3662		0.000000
3663		0.000000
3664		0.000000
3665		0.000000
3666		0.000000
3667		0.000000
3668		0.000000
3669		0.000000
3670		0.000000
3671		0.000000
3672		0.000000
3673		0.000000
3674		0.000000
3675		0.000000
3676		0.000000
3677		0.000000
3678		0.000000
3679		0.000000
3680		0.000000
3681		0.000000
3682		0.000000
3683		0.000000
3684		0.000000
3685		0.000000
3686		0.000000
3687		0.000000
3688		0.000000
3689		0.000000
3690		0.000000
3691		0.000000
3692		0.000000
3693		0.000000
3694		0.000000
3695		0.000000
3696		0.000000
3697		0.000000
3698		0.000000
3699		0.000000
3700		0.000000
3701		0.000000
3702		0.000000
3703		0.000000
3704		0.000000
3705		0.000000
3706		0.000000
3707		0.000000
3708		0.000000
3709		0.000000
3710		0.000000
3711		0.000000
3712		0.000000
3713		0.000000
3714		0.000000
3715		0.000000
3716		0.000000
3717		0.000000
3718		0.000000
3719		0.000000
3720		0.000000
3721		0.000000
3722		0.000000
3723		0.000000
3724		0.000000
3725		0.000000
3726		0.000000
3727		0.000000
3728		0.000000
3729		0.000000
3730		0.000000
3731		0.000000
3732		0.000000
3733		0.000000
3734		0.000000
3735		0.000000
3736		0.000000
3737		0.000000
3738		0.000000
3739		0.000000
3740		0.000000
3741		0.000000
3742		0.000000
3743		0.000000
3744		0.000000
3745		0.000000
3746		0.000000
3747		0.000000
3748		0.000000
3749		0.000000
3750		0.000000
3751		0.000000
3752		0.000000
3753		0.000000
3754		0.000000
3755		0.000000
3756		0.000000
3757		0.000000
3758		0.000000
3759		0.000000
3760		0.000000
3761		0.000000
3762		0.000000
3763		0.000000
3764		0.000000
3765		0.000000
3766		0.000000
3767		0.000000
3768		0.000000
3769		0.000000
3770		0.000000
3771		0.000000
3772		0.000000
3773		0.000000
3774		0.000000
3775		0.000000
3776		0.000000
3777		0.000000
3778		0.000000
3779		0.000000
3780		0.000000
3781		0.000000
3782		0.000000
3783		0.000000
3784		0.000000
3785		0.000000
3786		0.000000
3787		0.000000
3788		0.000000
3789		0.000000
3790		0.000000
3791		0.000000
3792		0.000000
3793		0.000000
3794		0.000000
3795		0.000000
3796		0.000000
3797		0.000000
3798		0.000000
3799		0.000000
3800		0.000000
3801		0.000000
3802		0.000000
3803		0.000000
3804		0.000000
3805		0.000000
3806		0.000000
3807		0.000000
3808		0.000000
3809		0.000000
3810		0.000000
3811		0.000000
3812		0.000000
3813		0.000000
3814		0.000000
3815		0.000000
3816		0.000000
3817		0.000000
3818		0.000000
3819		0.000000
3820		0.000000
3821		0.000000
3822		0.000000
3823		0.000000
3824		0.000000
3825		0.000000
3826		0.000000
3827		0.000000
3828		0.000000
3829		0.000000
3830		0.000000
3831		0.000000
3832		0.000000
3833		0.000000
3834		0.000000
3835		0.000000
3836		0.000000
3837		0.000000
3838		0.000000
3839		0.000000
3840		0.000000
3841		0.000000
3842		0.000000
3843		0.000000
3844		0.000000
3845		0.000000
3846		0.000000
3847		0.000000
3848		0.000000
3849		0.000000
3850		0.000000
3851		0.000000
3852		0.000000
3853		0.000000
3854		0.000000
3855		0.000000
3856		0.000000
3857		0.000000
3858		0.000000
3859		0.000000
3860		0.000000
3861		0.000000
3862		0.000000
3863		0.000000
3864		0.000000
3865		0.000000
3866		0.000000
3867		0.000000
3868		0.000000
3869		0.000000
3870		0.000000
3871		0.000000
3872		0.000000
3873		0.000000
3874		0.000000
3875		0.000000
3876		0.000000
3877		0.000000
3878		0.000000
3879		0.000000
3880		0.000000
3881		0.000000
3882		0.000000
3883		0.000000
3884		0.000000
3885		0.000000
3886		0.000000
3887		0.000000
3888		0.000000
3889		0.000000
3890		0.000000
3891		0.000000
3892		0.000000
3893		0.000000
3894		0.000000
3895		0.000000
3896		0.000000
3897		0.000000
3898		0.000000
3899		0.000000
3900		0.000000
3901		0.000000
3902		0.000000
3903		0.000000
3904		0.000000
3905		0.000000
3906		0.000000
3907		0.000000
3908		0.000000
3909		0.000000
3910		0.000000
3911		0.000000
3912		0.000000
3913		0.000000
3914		0.000000
3915		0.000000
3916		0.000000
3917		0.000000
3918		0.000000
3919		0.000000
3920		0.000000
3921		0.000000
3922		0.000000
3923		0.000000
3924		0.000000
3925		0.000000
3926		0.000000
3927		0.000000
3928		0.000000
3929		0.000000
3930		0.000000
3931		0.000000
3932		0.000000
3933		0.000000
3934		0.000000
3935		0.000000
3936		0.000000
3937		0.000000
3938		0.000000
3939		0.000000
3940		0.000000
3941		0.000000
3942		0.000000
3943		0.000000
3944		0.000000
3945		0.000000
3946		0.000000
3947		0.000000
3948		0.000000
3949		0.000000
3950		0.000000
3951		0.000000
3952		0.000000
3953		0.000000
3954		0.000000
3955		0.000000
3956		0.000000
3957		0.000000
3958		0.000000
3959		0.000000
3960		0.000000
3961		0.000000
3962		0.000000
3963		0.000000
3964		0.000000
3965		0.000000
3966		0.000000
3967		0.000000
3968		0.000000
3969		0.000000
3970		0.000000
3971		0.000000
3972		0.000000
3973		0.000000
3974		0.000000
3975		0.000000
3976		0.000000
3977		0.000000
3978		0.000000
3979		0.000000
3980		0.000000
3981		0.000000
3982		0.000000
3983		0.000000
3984		0.000000
3985		0.000000
3986		0.000000
3987		0.000000
3988		0.000000
3989		0.000000
3990		0.000000
3991		0.000000
3992		0.000000
3993		0.000000
3994		0.000000
3995		0.000000
3996		0.000000
3997		0.000000
3998		0.000000
3999		0.000000
4000		0.000000
4001		0.000000
4002		0.000000
4003		0.000000
4004		0.000000
4005		0.000000
4006		0.000000
4007		0.000000
4008		0.000000
4009		0.000000
4010		0.000000
4011		0.000000
4012		0.000000
4013		0.000000
4014		0.000000
4015		0.000000
4016		0.000000
4017		0.000000
4018		0.000000
4019		0.000000
4020		0.000000
4021		0.000000
4022		0.000000
4023		0.000000
4024		0.000000
4025		0.000000
4026		0.000000
4027		0.000000
4028		0.000000
4029		0.000000
4030		0.000000
4031		0.000000
4032		0.000000
4033		0.000000
4034		0.000000
4035		0.000000
4036		0.000000
4037		0.000000
4038		0.000000
4039		0.000000
4040		0.000000
4041		0.000000
4042		0.000000
4043		0.000000
4044		0.000000
4045		0.000000
4046		0.000000
4047		0.000000
4048		0.000000
4049		0.000000
4050		0.000000
4051		0.000000
4052		0.000000
4053		0.000000
4054		0.000000
4055		0.000000
4056		0.000000
4057		0.000000
4058		0.000000
4059		0.000000
4060		0.000000
4061		0.000000
4062		0.000000
4063		0.000000
4064		0.000000
4065		0.000000
4066		0.000000
4067		0.000000
4068		0.000000
4069		0.000000
4070		0.000000
4071		0.000000
4072		0.000000
4073		0.000000
4074		0.000000
4075		0.000000
4076		0.000000
4077		0.000000
4078		0.000000
4079		0.000000
4080		0.000000
4081		0.000000
4082		0.000000
4083		0.000000
4084		0.000000
4085		0.000000
4086		0.000000
4087		0.000000
4088		0.000000
4089		0.000000
4090		0.000000
4091		0.000000
4092		0.000000
4093		0.000000
4094		0.000000
4095		0.000000
