0		0.000000
1		0.000000
2		0.000000
3		0.000000
4		0.000000
5		0.000000
6		0.000000
7		0.000000
8		0.000000
9		0.000000
10		0.000000
11		0.000000
12		0.000000
13		0.000000
14		0.000000
15		0.000000
16		0.000000
17		0.000000
18		0.000000
19		0.000000
20		0.000000
21		0.000000
22		0.000000
23		0.000000
24		0.000000
25		0.000000
26		0.000000
27		0.000000
28		0.000000
29		0.000000
30		0.000000
31		0.000000
32		0.000000
33		0.000000
34		0.000000
35		0.000000
36		0.000000
37		0.000000
38		0.000000
39		0.000000
40		0.000000
41		0.000000
42		0.000000
43		0.000000
44		0.000000
45		0.000000
46		0.000000
47		0.000000
48		0.000000
49		0.000000
50		0.000000
51		0.000000
52		0.000000
53		0.000000
54		0.000000
55		0.000000
56		0.000000
57		0.000000
58		0.000000
59		0.000000
60		0.000000
61		0.000000
62		0.000000
63		0.000000
64		0.000000
65		0.000000
66		0.000000
67		0.000000
68		0.000000
69		0.000000
70		0.000000
71		0.000000
72		0.000000
73		0.000000
74		0.000000
75		0.000000
76		0.000000
77		0.000000
78		0.000000
79		0.000000
80		0.000000
81		0.000000
82		0.000000
83		0.000000
84		0.000000
85		0.000000
86		0.000000
87		0.000000
88		0.000000
89		0.000000
90		0.000000
91		0.000000
92		0.000000
93		0.000000
94		0.000000
95		0.000000
96		0.000000
97		0.000000
98		0.000000
99		0.000000
100		0.000000
101		0.000000
102		0.000000
103		0.000000
104		0.000000
105		0.000000
106		0.000000
107		0.000000
108		0.000000
109		115504.101562
110		13593.201172
111		290.467896
112		291.992096
113		287.637268
114		314.201782
115		297.653381
116		292.645325
117		293.734039
118		294.387268
119		304.621124
120		289.161438
121		305.709839
122		295.258240
123		300.919525
124		306.145325
125		301.355011
126		315.725983
127		317.467926
128		329.879211
129		298.959839
130		309.629211
131		307.451782
132		315.072754
133		303.967896
134		298.088867
135		310.500183
136		300.484039
137		320.516296
138		313.984039
139		334.669525
140		327.266296
141		331.403412
142		322.911469
143		329.661469
144		344.032440
145		343.379211
146		346.645355
147		351.871155
148		372.992126
149		364.500214
150		376.693756
151		374.516327
152		393.024414
153		394.548615
154		385.403442
155		394.113129
156		401.951843
157		421.984100
158		416.105072
159		424.814758
160		422.637329
161		449.637329
162		448.330902
163		461.177673
164		437.879272
165		453.992188
166		471.629303
167		459.217987
168		477.290588
169		477.943817
170		470.322845
171		477.943817
172		465.097015
173		463.355103
174		487.742188
175		509.951904
176		505.161560
177		488.613159
178		492.314789
179		485.347046
180		513.653503
181		486.871246
182		480.338959
183		493.403503
184		488.177673
185		510.605103
186		504.508331
187		530.855103
188		526.718018
189		527.371277
190		538.040588
191		548.709961
192		568.959961
193		551.540649
194		563.298706
195		572.661621
196		570.484192
197		570.484192
198		541.306763
199		562.427734
200		543.484192
201		550.669678
202		616.210022
203		610.548706
204		583.548706
205		583.548706
206		577.234192
207		580.935791
208		577.887390
209		563.516418
210		560.685791
211		535.427734
212		539.347046
213		538.911560
214		502.113190
215		512.564819
216		517.790588
217		530.637390
218		491.661560
219		507.556732
220		493.838989
221		475.766388
222		479.250275
223		481.863159
224		481.427673
225		472.064758
226		462.266388
227		462.048645
228		459.871216
229		448.548645
230		439.185730
231		442.669586
232		473.588959
233		454.863159
234		436.137329
235		443.540558
236		435.701843
237		420.459900
238		432.000244
239		425.250244
240		416.105072
241		430.040558
242		432.435730
243		434.613129
244		422.419586
245		430.693787
246		406.742157
247		403.258270
248		404.346985
249		381.919556
250		400.427643
251		391.935699
252		387.145386
253		394.113129
254		381.266327
255		367.113098
256		380.177612
257		386.056671
258		362.322784
259		371.032471
260		368.855042
261		370.379242
262		366.677612
263		357.967926
264		360.145355
265		348.387299
266		358.185669
267		349.258240
268		366.677612
269		350.782440
270		362.540527
271		355.355042
272		351.871155
273		365.806641
274		342.943726
275		339.895355
276		336.846954
277		335.105011
278		348.822784
279		337.935669
280		352.524384
281		334.234039
282		329.443726
283		335.975983
284		359.056641
285		336.846954
286		328.355011
287		342.508240
288		343.379211
289		335.322754
290		336.411469
291		328.355011
292		343.596954
293		325.306641
294		342.943726
295		324.653412
296		346.645355
297		350.564697
298		336.629211
299		340.766327
300		327.266296
301		338.588898
302		341.419556
303		327.919525
304		337.500183
305		332.056641
306		331.403412
307		326.395325
308		324.000183
309		336.411469
310		328.790497
311		333.363098
312		329.443726
313		326.395325
314		380.613098
315		1069.331177
316		1201.500610
317		413.492157
318		327.919525
319		334.451782
320		332.056641
321		337.500183
322		326.177612
323		325.524384
324		342.943726
325		347.516327
326		335.322754
327		345.992126
328		313.330811
329		300.266296
330		306.145325
331		295.693695
332		307.669525
333		295.258240
334		299.613068
335		310.500183
336		295.693695
337		287.637268
338		302.225983
339		291.556610
340		290.685638
341		288.072723
342		291.121124
343		288.072723
344		283.935638
345		295.911438
346		279.580811
347		286.984039
348		279.798553
349		279.145325
350		277.185638
351		278.492096
352		297.000153
353		287.637268
354		278.927582
355		272.395325
356		279.145325
357		281.975952
358		269.782410
359		282.193695
360		280.234009
361		275.443695
362		286.766296
363		272.177582
364		283.064667
365		273.701752
366		265.645294
367		275.879181
368		280.016296
369		277.621124
370		272.830780
371		286.548553
372		284.806610
373		280.451752
374		271.088867
375		291.121124
376		266.298523
377		284.153381
378		274.572723
379		301.355011
380		292.427582
381		272.613037
382		285.459839
383		287.637268
384		287.637268
385		283.500153
386		275.225952
387		270.217896
388		285.677582
389		304.403381
390		286.113068
391		290.467896
392		282.411438
393		268.693695
394		275.661438
395		299.177582
396		281.540466
397		305.056610
398		292.863068
399		297.871124
400		296.564667
401		310.717926
402		294.822754
403		411.750214
404		1920.920410
405		3025.090332
406		859.645630
407		295.040497
408		255.846909
409		274.137238
410		262.379181
411		259.766266
412		269.782410
413		257.588837
414		243.871094
415		268.475952
416		256.935638
417		263.032410
418		258.895294
419		254.758209
420		259.766266
421		274.354980
422		258.024323
423		254.540466
424		246.919495
425		243.871094
426		250.838852
427		262.596924
428		242.782394
429		252.145294
430		258.459808
431		258.024323
432		260.419495
433		252.580780
434		250.838852
435		250.838852
436		241.040451
437		252.363037
438		255.193695
439		248.225937
440		246.919495
441		239.734009
442		241.911423
443		245.395294
444		230.806580
445		243.000137
446		229.282379
447		229.500122
448		230.371094
449		229.500122
450		224.492065
451		228.846893
452		235.814651
453		235.596909
454		240.604965
455		240.822708
456		240.169479
457		235.161423
458		236.032379
459		232.113037
460		236.685608
461		242.564651
462		220.137222
463		227.540451
464		218.830765
465		213.822693
466		206.637207
467		227.540451
468		226.887222
469		228.629150
470		220.354965
471		223.838837
472		205.330750
473		221.443665
474		216.435608
475		207.290436
476		210.556564
477		217.524307
478		207.508179
479		201.411407
480		201.629135
481		209.467850
482		204.895279
483		223.403351
484		221.225922
485		213.387207
486		238.863037
487		1058.444092
488		3529.816406
489		2187.001221
490		375.387299
491		208.596893
492		207.508179
493		208.596893
494		211.645279
495		197.927521
496		182.032364
497		189.217850
498		180.725906
499		178.983963
500		185.298492
501		172.669449
502		178.766220
503		197.927521
504		173.540421
505		184.645264
506		185.080750
507		189.435593
508		191.613007
509		183.992035
510		181.379135
511		179.201706
512		182.903320
513		192.048492
514		176.371063
515		167.879120
516		173.975906
517		174.193649
518		176.806549
519		178.113007
520		300.048553
521		1265.734619
522		1573.404053
523		469.669617
524		181.814621
525		169.185577
526		169.621063
527		174.846863
528		169.185577
529		158.733963
530		165.701706
531		170.927505
532		172.451706
533		168.096863
534		164.395248
535		150.242020
536		166.572678
537		171.798477
538		170.056549
539		166.354935
540		164.612991
541		156.556534
542		158.951706
543		173.540421
544		202.064621
545		700.258423
546		1623.484741
547		939.774719
548		222.314636
549		159.169449
550		165.048477
551		173.104935
552		167.661377
553		155.032349
554		175.935577
555		170.709778
556		171.798477
557		159.387177
558		160.258148
559		166.354935
560		162.000092
561		158.298477
562		177.459778
563		165.266220
564		165.048477
565		158.733963
566		173.104935
567		161.782349
568		165.483963
569		162.435577
570		160.911377
571		158.298477
572		157.862991
573		167.661377
574		158.080734
575		167.225891
576		167.225891
577		173.104935
578		423.290558
579		1312.113647
580		1251.799072
581		335.322754
582		176.153320
583		162.435577
584		170.274292
585		187.911392
586		232.330765
587		196.403336
588		160.475891
589		165.266220
590		166.354935
591		169.185577
592		154.379120
593		156.121048
594		171.362991
595		171.362991
596		160.911377
597		159.387177
598		157.427505
599		165.483963
600		154.379120
601		161.346863
602		167.443634
603		164.177505
604		155.467819
605		170.927505
606		172.233963
607		163.088806
608		168.967834
609		164.177505
610		164.830734
611		187.693649
612		182.903320
613		167.225891
614		171.145248
615		170.274292
616		168.314606
617		173.104935
618		163.959763
619		168.967834
620		165.266220
621		164.612991
622		184.427521
623		268.475952
624		316.596954
625		221.225922
626		182.467834
627		194.225906
628		205.330750
629		211.645279
630		196.185593
631		175.717834
632		172.887192
633		169.838806
634		169.403320
635		175.500092
636		167.879120
637		169.185577
638		160.040405
639		171.145248
640		177.242035
641		172.451706
642		172.233963
643		170.274292
644		182.467834
645		179.854935
646		163.088806
647		177.242035
648		179.637192
649		169.621063
650		170.709778
651		178.330750
652		160.040405
653		179.854935
654		178.548477
655		165.266220
656		177.677521
657		167.443634
658		180.508163
659		174.193649
660		175.500092
661		177.895264
662		175.282349
663		169.403320
664		178.548477
665		164.612991
666		179.419449
667		186.169449
668		188.564621
669		199.669464
670		181.814621
671		180.725906
672		180.072678
673		181.596878
674		184.863007
675		188.564621
676		196.621078
677		184.863007
678		179.637192
679		176.371063
680		187.475906
681		183.121063
682		189.435593
683		187.693649
684		194.443649
685		194.008163
686		200.104950
687		185.516235
688		191.177521
689		196.838821
690		192.919464
691		204.677536
692		218.177536
693		192.483978
694		197.056564
695		218.177536
696		225.363022
697		205.548492
698		213.822693
699		214.258179
700		200.104950
701		212.733994
702		221.443665
703		206.637207
704		182.685577
705		187.693649
706		165.701706
707		166.354935
708		170.709778
709		161.782349
710		183.556549
711		174.846863
712		163.524277
713		163.959763
714		173.540421
715		169.838806
716		168.096863
717		173.975906
718		171.145248
719		170.056549
720		156.556534
721		168.967834
722		156.121048
723		156.338791
724		160.693634
725		151.766205
726		161.129120
727		169.621063
728		168.314606
729		166.572678
730		152.637177
731		157.645248
732		158.516220
733		154.596863
734		159.604919
735		149.588791
736		161.346863
737		152.419434
738		151.983948
739		150.242020
740		143.056534
741		151.112991
742		145.669434
743		152.854919
744		143.492020
745		144.798462
746		151.983948
747		138.266205
748		142.621048
749		145.451691
750		149.588791
751		206.201721
752		228.629150
753		187.911392
754		146.758148
755		137.612976
756		142.403305
757		143.927490
758		139.354919
759		132.387177
760		141.967819
761		167.008148
762		184.209778
763		162.217834
764		133.258133
765		141.750076
766		134.564590
767		138.483948
768		130.645233
769		135.217819
770		135.217819
771		134.346848
772		128.250076
773		141.314590
774		137.612976
775		135.435562
776		132.604904
777		134.129105
778		138.048462
779		135.435562
780		135.871048
781		129.338776
782		130.209747
783		171.145248
784		233.419479
785		189.217850
786		150.242020
787		136.742004
788		129.121033
789		125.637169
790		144.798462
791		678.701965
792		2655.364258
793		3462.751953
794		1409.226562
795		276.096924
796		130.862976
797		138.919434
798		136.524261
799		133.040390
800		135.000076
801		141.532333
802		145.016205
803		129.121033
804		131.298462
805		137.395233
806		142.403305
807		137.395233
808		143.056534
809		133.040390
810		137.612976
811		133.258133
812		138.919434
813		134.564590
814		130.427490
815		143.927490
816		136.524261
817		138.483948
818		135.653305
819		145.887177
820		141.750076
821		126.072647
822		140.879105
823		136.959747
824		141.967819
825		138.919434
826		138.048462
827		149.371048
828		139.137177
829		141.096848
830		150.242020
831		142.621048
832		159.604919
833		198.798492
834		303.967896
835		379.088928
836		312.459839
837		225.363022
838		166.137192
839		161.129120
840		151.766205
841		158.951706
842		157.862991
843		151.548477
844		156.992020
845		156.121048
846		162.217834
847		162.871063
848		158.080734
849		152.201691
850		163.959763
851		170.274292
852		156.556534
853		171.145248
854		172.233963
855		169.185577
856		157.645248
857		170.492035
858		168.967834
859		168.314606
860		178.548477
861		182.467834
862		177.242035
863		184.645264
864		187.258163
865		171.580734
866		175.064606
867		167.879120
868		158.516220
869		175.500092
870		162.435577
871		154.379120
872		176.371063
873		170.709778
874		172.887192
875		174.846863
876		171.798477
877		161.564606
878		152.637177
879		146.975891
880		155.250092
881		156.338791
882		153.943634
883		167.443634
884		152.854919
885		154.379120
886		163.088806
887		157.209763
888		152.419434
889		155.903305
890		150.459763
891		147.629120
892		162.435577
893		161.346863
894		148.282333
895		148.717819
896		158.951706
897		145.887177
898		156.774277
899		150.459763
900		144.798462
901		152.201691
902		157.862991
903		145.451691
904		152.201691
905		147.629120
906		157.645248
907		145.451691
908		149.371048
909		154.379120
910		156.338791
911		153.508148
912		145.016205
913		142.185562
914		154.814606
915		145.451691
916		145.016205
917		141.532333
918		147.629120
919		137.177490
920		156.992020
921		149.806534
922		147.629120
923		165.919449
924		150.459763
925		148.282333
926		146.758148
927		154.379120
928		158.516220
929		151.112991
930		159.387177
931		149.588791
932		164.612991
933		150.895248
934		142.838791
935		162.871063
936		163.742020
937		162.653320
938		155.467819
939		156.774277
940		156.774277
941		157.862991
942		168.314606
943		168.532349
944		173.758163
945		168.096863
946		175.064606
947		173.758163
948		170.492035
949		146.104919
950		141.096848
951		124.766197
952		133.475876
953		118.669418
954		128.685547
955		134.346848
956		197.709778
957		617.734192
958		1299.702271
959		1202.153931
960		507.774475
961		172.887192
962		121.717812
963		113.225868
964		115.838776
965		123.024261
966		149.588791
967		331.838898
968		794.322998
969		884.468201
970		457.476044
971		166.790421
972		120.193611
973		111.483932
974		117.798454
975		105.387154
976		110.177483
977		110.177483
978		109.524254
979		105.604897
980		109.306511
981		107.129089
982		104.951668
983		106.475868
984		98.201668
985		92.322632
986		103.645218
987		104.298447
988		89.274239
989		88.185532
990		88.403275
991		96.895218
992		90.580696
993		94.282310
994		81.871010
995		90.145210
996		83.830688
997		90.580696
998		92.758118
999		90.145210
1000		100.596832
1001		78.822624
1002		81.653267
1003		81.000046
1004		78.604881
1005		76.645203
1006		74.467781
1007		81.000046
1008		70.766167
1009		72.508102
1010		82.741982
1011		74.685524
1012		78.169395
1013		73.596817
1014		74.032295
1015		78.169395
1016		76.427460
1017		68.806488
1018		68.806488
1019		76.427460
1020		77.080688
1021		73.161331
1022		75.121010
1023		72.072617
1024		69.895203
1025		65.540359
1026		71.854881
1027		75.556496
1028		72.290359
1029		70.766167
1030		69.895203
1031		72.508102
1032		65.104874
1033		71.419395
1034		70.548424
1035		65.758102
1036		70.330681
1037		65.975845
1038		92.758118
1039		314.201782
1040		1126.161865
1041		2513.178711
1042		2968.041992
1043		1960.767212
1044		710.274597
1045		174.629120
1046		75.774239
1047		72.508102
1048		64.016167
1049		73.596817
1050		66.193588
1051		73.161331
1052		69.677460
1053		68.806488
1054		73.161331
1055		71.419395
1056		77.298431
1057		72.943588
1058		74.903267
1059		64.233910
1060		72.072617
1061		70.330681
1062		66.193588
1063		76.645203
1064		67.935524
1065		67.717781
1066		68.153259
1067		68.588745
1068		68.153259
1069		66.846809
1070		70.766167
1071		76.209717
1072		60.096806
1073		60.314548
1074		64.233910
1075		65.104874
1076		68.153259
1077		65.540359
1078		65.975845
1079		63.145195
1080		63.145195
1081		71.201653
1082		73.596817
1083		67.717781
1084		64.233910
1085		66.846809
1086		65.758102
1087		70.766167
1088		70.330681
1089		62.274227
1090		66.629066
1091		66.193588
1092		64.233910
1093		61.185516
1094		64.016167
1095		62.927452
1096		61.403259
1097		63.580681
1098		62.709713
1099		64.016167
1100		72.072617
1101		67.717781
1102		64.016167
1103		64.016167
1104		57.919388
1105		65.975845
1106		64.233910
1107		64.016167
1108		70.112938
1109		68.588745
1110		66.846809
1111		56.830677
1112		62.274227
1113		65.540359
1114		62.274227
1115		56.830677
1116		64.233910
1117		63.798424
1118		66.629066
1119		60.750034
1120		64.887131
1121		60.314548
1122		61.403259
1123		59.008095
1124		70.112938
1125		64.233910
1126		67.500038
1127		71.637138
1128		91.887146
1129		119.104904
1130		107.564575
1131		87.967789
1132		67.064552
1133		72.072617
1134		65.322617
1135		69.677460
1136		64.016167
1137		61.838745
1138		63.362938
1139		68.371002
1140		59.879066
1141		87.532303
1142		100.161346
1143		92.322632
1144		75.991974
1145		59.443581
1146		64.016167
1147		54.000031
1148		57.919388
1149		60.750034
1150		56.830677
1151		64.016167
1152		62.056484
1153		59.443581
1154		60.096806
1155		54.435513
1156		62.709713
1157		60.314548
1158		58.354870
1159		65.758102
1160		60.096806
1161		62.927452
1162		59.879066
1163		53.782288
1164		60.096806
1165		64.016167
1166		58.790356
1167		61.838745
1168		55.524223
1169		52.693577
1170		59.008095
1171		87.967789
1172		107.346832
1173		94.500053
1174		72.943588
1175		70.112938
1176		54.000031
1177		60.314548
1178		56.612934
1179		53.782288
1180		54.870998
1181		50.298416
1182		53.782288
1183		49.862930
1184		50.516155
1185		59.661324
1186		49.427444
1187		47.685509
1188		53.782288
1189		44.854862
1190		50.298416
1191		48.556477
1192		52.911320
1193		54.217770
1194		46.379059
1195		52.475834
1196		48.556477
1197		51.169384
1198		45.508091
1199		54.435513
1200		51.387123
1201		48.120995
1202		46.161316
1203		51.387123
1204		73.596817
1205		88.403275
1206		87.096825
1207		68.153259
1208		54.870998
1209		49.862930
1210		44.637119
1211		44.201637
1212		49.209705
1213		47.903252
1214		54.653255
1215		49.427444
1216		44.637119
1217		46.379059
1218		45.508091
1219		50.298416
1220		41.588734
1221		44.201637
1222		44.419380
1223		51.169384
1224		46.379059
1225		46.814541
1226		50.298416
1227		53.129063
1228		52.911320
1229		74.032295
1230		90.580696
1231		75.991974
1232		60.532291
1233		42.895184
1234		48.556477
1235		44.854862
1236		47.685509
1237		49.427444
1238		47.032284
1239		46.596798
1240		47.032284
1241		47.685509
1242		47.685509
1243		43.330669
1244		49.427444
1245		46.814541
1246		52.258095
1247		57.048420
1248		55.306480
1249		54.435513
1250		47.467770
1251		47.685509
1252		44.854862
1253		51.169384
1254		39.846794
1255		40.935505
1256		43.330669
1257		42.024216
1258		42.895184
1259		38.540344
1260		42.024216
1261		47.685509
1262		63.798424
1263		92.104889
1264		118.887161
1265		92.322632
1266		54.217770
1267		48.774220
1268		41.370991
1269		44.419380
1270		35.491955
1271		38.540344
1272		41.370991
1273		40.935505
1274		40.935505
1275		37.451633
1276		38.322601
1277		41.153248
1278		34.185501
1279		38.975826
1280		34.620987
1281		40.500023
1282		34.185501
1283		37.669376
1284		37.016148
1285		32.661308
1286		35.056469
1287		41.153248
1288		35.056469
1289		36.362923
1290		36.145180
1291		40.717766
1292		40.717766
1293		35.491955
1294		39.629055
1295		33.314533
1296		32.008083
1297		31.572598
1298		35.056469
1299		37.887119
1300		34.403244
1301		32.879051
1302		37.669376
1303		33.314533
1304		36.362923
1305		35.056469
1306		35.927441
1307		32.443565
1308		35.927441
1309		31.572598
1310		30.048403
1311		33.096794
1312		40.064537
1313		37.451633
1314		33.750019
1315		31.137114
1316		32.008083
1317		32.879051
1318		28.524210
1319		32.661308
1320		37.016148
1321		38.104858
1322		31.572598
1323		32.661308
1324		31.354856
1325		33.532276
1326		35.274212
1327		34.185501
1328		35.274212
1329		32.008083
1330		31.572598
1331		33.096794
1332		35.056469
1333		29.830662
1334		32.008083
1335		36.145180
1336		55.306480
1337		81.653267
1338		89.927467
1339		69.024231
1340		40.064537
1341		33.314533
1342		30.483887
1343		28.524210
1344		27.435499
1345		31.354856
1346		48.338737
1347		86.443596
1348		177.459778
1349		251.492065
1350		210.774307
1351		117.145226
1352		48.556477
1353		34.620987
1354		28.959694
1355		30.919373
1356		30.483887
1357		28.306467
1358		31.790340
1359		28.741951
1360		30.919373
1361		33.532276
1362		26.782272
1363		25.475821
1364		27.217756
1365		27.653240
1366		28.088724
1367		27.217756
1368		25.040337
1369		29.177435
1370		27.653240
1371		24.822594
1372		23.516142
1373		28.306467
1374		26.782272
1375		25.040337
1376		27.000015
1377		24.169369
1378		27.870983
1379		26.782272
1380		28.741951
1381		25.911304
1382		25.475821
1383		23.733885
1384		26.129047
1385		32.225822
1386		28.524210
1387		28.524210
1388		24.387110
1389		28.524210
1390		27.870983
1391		23.951626
1392		25.040337
1393		23.516142
1394		29.830662
1395		22.645174
1396		26.129047
1397		27.870983
1398		22.645174
1399		23.516142
1400		22.427431
1401		27.435499
1402		27.000015
1403		24.604853
1404		24.604853
1405		24.169369
1406		24.387110
1407		22.427431
1408		25.693562
1409		22.209690
1410		23.516142
1411		21.774206
1412		24.822594
1413		24.169369
1414		24.387110
1415		26.346788
1416		26.129047
1417		21.774206
1418		28.088724
1419		36.580666
1420		67.064552
1421		86.008110
1422		80.346817
1423		47.250027
1424		27.435499
1425		22.209690
1426		20.903236
1427		24.822594
1428		21.338722
1429		23.733885
1430		22.209690
1431		20.467752
1432		26.129047
1433		21.338722
1434		22.209690
1435		23.951626
1436		26.129047
1437		22.645174
1438		29.612919
1439		24.822594
1440		20.903236
1441		21.991947
1442		16.330654
1443		19.379044
1444		20.903236
1445		24.604853
1446		20.032269
1447		17.201622
1448		19.379044
1449		21.556463
1450		19.379044
1451		16.766138
1452		20.467752
1453		31.137114
1454		45.943573
1455		53.129063
1456		37.669376
1457		22.209690
1458		19.379044
1459		19.379044
1460		22.645174
1461		19.379044
1462		17.637106
1463		20.467752
1464		22.209690
1465		22.645174
1466		16.766138
1467		20.250011
1468		19.161301
1469		20.250011
1470		19.814528
1471		20.032269
1472		17.854849
1473		18.290333
1474		20.903236
1475		17.201622
1476		22.862915
1477		27.435499
1478		40.064537
1479		49.427444
1480		44.637119
1481		26.782272
1482		15.459686
1483		18.725817
1484		18.943560
1485		21.120979
1486		19.161301
1487		18.943560
1488		21.338722
1489		15.024201
1490		19.814528
1491		19.379044
1492		17.637106
1493		20.250011
1494		18.290333
1495		20.032269
1496		14.370975
1497		18.072590
1498		21.556463
1499		16.330654
1500		15.895170
1501		20.467752
1502		17.854849
1503		16.330654
1504		17.854849
1505		17.854849
1506		19.161301
1507		16.330654
1508		17.854849
1509		21.120979
1510		25.258078
1511		33.750019
1512		41.588734
1513		41.370991
1514		29.830662
1515		18.072590
1516		22.645174
1517		20.903236
1518		28.959694
1519		25.475821
1520		18.072590
1521		18.508074
1522		17.854849
1523		17.854849
1524		15.241943
1525		18.290333
1526		17.637106
1527		14.370975
1528		16.330654
1529		19.596785
1530		16.766138
1531		20.250011
1532		15.459686
1533		16.330654
1534		15.895170
1535		15.677428
1536		20.685495
1537		19.379044
1538		16.766138
1539		18.943560
1540		18.725817
1541		18.508074
1542		19.161301
1543		21.120979
1544		16.766138
1545		16.548397
1546		17.201622
1547		17.201622
1548		18.943560
1549		18.943560
1550		14.370975
1551		20.250011
1552		17.854849
1553		18.508074
1554		21.338722
1555		17.419365
1556		21.556463
1557		20.467752
1558		21.338722
1559		16.766138
1560		16.766138
1561		14.806459
1562		17.201622
1563		17.637106
1564		12.193555
1565		16.548397
1566		19.596785
1567		17.419365
1568		15.024201
1569		16.548397
1570		16.766138
1571		13.935492
1572		13.717750
1573		14.370975
1574		15.024201
1575		17.854849
1576		16.330654
1577		14.153234
1578		16.766138
1579		14.806459
1580		14.370975
1581		13.935492
1582		14.588717
1583		16.548397
1584		12.629039
1585		15.895170
1586		17.854849
1587		16.766138
1588		15.459686
1589		15.241943
1590		14.806459
1591		16.330654
1592		14.153234
1593		14.153234
1594		16.112911
1595		14.153234
1596		16.112911
1597		15.024201
1598		15.677428
1599		14.370975
1600		11.975813
1601		14.370975
1602		18.072590
1603		11.975813
1604		14.806459
1605		13.500008
1606		12.411297
1607		13.935492
1608		10.669361
1609		12.846781
1610		13.717750
1611		13.500008
1612		11.975813
1613		11.975813
1614		15.024201
1615		14.370975
1616		13.717750
1617		15.241943
1618		15.459686
1619		14.588717
1620		13.500008
1621		14.153234
1622		18.725817
1623		15.459686
1624		17.201622
1625		17.854849
1626		17.201622
1627		16.766138
1628		17.854849
1629		13.717750
1630		13.282266
1631		17.201622
1632		13.064524
1633		13.500008
1634		14.370975
1635		14.153234
1636		16.330654
1637		17.419365
1638		11.758071
1639		12.846781
1640		21.774206
1641		38.975826
1642		55.524223
1643		52.693577
1644		46.379059
1645		30.048403
1646		24.169369
1647		16.548397
1648		10.887103
1649		11.975813
1650		12.193555
1651		10.669361
1652		9.798392
1653		9.362908
1654		10.669361
1655		9.362908
1656		11.322587
1657		11.540329
1658		10.669361
1659		9.145166
1660		8.927424
1661		11.540329
1662		10.887103
1663		10.451618
1664		10.451618
1665		10.233876
1666		10.887103
1667		9.362908
1668		8.274199
1669		9.798392
1670		10.451618
1671		8.927424
1672		12.629039
1673		10.016134
1674		10.233876
1675		7.620972
1676		8.274199
1677		10.451618
1678		8.491940
1679		6.750004
1680		8.927424
1681		8.709682
1682		10.669361
1683		11.540329
1684		10.233876
1685		12.193555
1686		9.362908
1687		8.491940
1688		9.798392
1689		6.967746
1690		10.233876
1691		6.096777
1692		10.016134
1693		8.274199
1694		13.717750
1695		12.193555
1696		11.322587
1697		7.403230
1698		9.798392
1699		5.008067
1700		6.532262
1701		6.314519
1702		6.314519
1703		6.750004
1704		7.185488
1705		9.362908
1706		7.620972
1707		8.709682
1708		6.967746
1709		6.967746
1710		9.145166
1711		6.096777
1712		6.967746
1713		8.056456
1714		8.927424
1715		8.491940
1716		9.362908
1717		10.451618
1718		8.274199
1719		6.750004
1720		7.185488
1721		7.838714
1722		8.056456
1723		18.943560
1724		44.637119
1725		78.604881
1726		86.879082
1727		65.975845
1728		32.008083
1729		16.112911
1730		6.096777
1731		8.056456
1732		4.790325
1733		8.709682
1734		5.661294
1735		6.750004
1736		6.314519
1737		5.008067
1738		6.750004
1739		7.838714
1740		5.661294
1741		6.750004
1742		5.879035
1743		6.750004
1744		6.096777
1745		6.750004
1746		7.838714
1747		6.967746
1748		6.532262
1749		7.838714
1750		7.185488
1751		8.056456
1752		6.314519
1753		4.572583
1754		7.403230
1755		6.314519
1756		8.491940
1757		5.443552
1758		7.185488
1759		8.491940
1760		5.879035
1761		6.314519
1762		8.056456
1763		6.096777
1764		6.750004
1765		7.620972
1766		7.620972
1767		6.314519
1768		6.967746
1769		6.967746
1770		8.274199
1771		6.967746
1772		7.620972
1773		7.620972
1774		4.790325
1775		6.750004
1776		8.056456
1777		5.008067
1778		7.838714
1779		5.661294
1780		5.443552
1781		5.225809
1782		8.491940
1783		8.709682
1784		7.185488
1785		6.532262
1786		7.185488
1787		5.443552
1788		9.145166
1789		7.185488
1790		8.491940
1791		7.185488
1792		6.967746
1793		8.056456
1794		7.403230
1795		8.491940
1796		6.096777
1797		5.879035
1798		8.056456
1799		7.403230
1800		7.838714
1801		5.008067
1802		4.354841
1803		6.096777
1804		5.879035
1805		7.403230
1806		5.661294
1807		8.491940
1808		5.443552
1809		6.096777
1810		6.967746
1811		6.967746
1812		6.096777
1813		7.185488
1814		5.661294
1815		7.185488
1816		5.008067
1817		5.443552
1818		5.008067
1819		5.661294
1820		6.314519
1821		5.879035
1822		6.314519
1823		6.967746
1824		5.225809
1825		6.314519
1826		3.483873
1827		4.354841
1828		6.750004
1829		6.096777
1830		4.790325
1831		6.532262
1832		5.443552
1833		3.483873
1834		7.403230
1835		4.137099
1836		4.572583
1837		6.532262
1838		3.483873
1839		3.483873
1840		4.790325
1841		5.879035
1842		3.919357
1843		5.225809
1844		4.354841
1845		6.096777
1846		7.185488
1847		5.443552
1848		3.701615
1849		4.790325
1850		4.572583
1851		4.137099
1852		4.354841
1853		2.395163
1854		3.919357
1855		4.354841
1856		3.266131
1857		4.137099
1858		2.612905
1859		3.919357
1860		3.048389
1861		2.830647
1862		2.395163
1863		2.177421
1864		2.395163
1865		2.830647
1866		5.661294
1867		4.790325
1868		3.048389
1869		3.701615
1870		4.572583
1871		2.612905
1872		3.919357
1873		3.048389
1874		2.830647
1875		3.701615
1876		3.048389
1877		4.790325
1878		1.741936
1879		4.137099
1880		2.830647
1881		3.483873
1882		1.959679
1883		3.919357
1884		3.266131
1885		4.790325
1886		2.830647
1887		3.701615
1888		5.661294
1889		11.758071
1890		23.951626
1891		32.225822
1892		33.750019
1893		21.338722
1894		12.411297
1895		5.008067
1896		3.048389
1897		3.483873
1898		4.137099
1899		7.185488
1900		12.846781
1901		20.685495
1902		22.427431
1903		14.153234
1904		11.322587
1905		4.790325
1906		3.048389
1907		2.612905
1908		4.354841
1909		2.830647
1910		2.830647
1911		3.701615
1912		1.524194
1913		3.048389
1914		1.959679
1915		4.354841
1916		3.483873
1917		3.266131
1918		1.524194
1919		2.830647
1920		3.483873
1921		2.395163
1922		2.177421
1923		3.266131
1924		2.612905
1925		2.612905
1926		2.395163
1927		3.701615
1928		3.048389
1929		3.701615
1930		3.483873
1931		4.354841
1932		1.524194
1933		2.395163
1934		2.830647
1935		2.612905
1936		2.177421
1937		2.395163
1938		3.048389
1939		2.177421
1940		2.177421
1941		1.959679
1942		2.395163
1943		2.395163
1944		2.612905
1945		2.612905
1946		2.177421
1947		2.830647
1948		2.395163
1949		2.177421
1950		2.177421
1951		2.395163
1952		1.741936
1953		2.395163
1954		1.959679
1955		2.612905
1956		2.177421
1957		3.266131
1958		2.177421
1959		2.612905
1960		3.701615
1961		2.612905
1962		3.483873
1963		2.395163
1964		2.177421
1965		1.741936
1966		4.354841
1967		2.395163
1968		1.741936
1969		4.354841
1970		0.870968
1971		2.395163
1972		2.830647
1973		2.612905
1974		3.266131
1975		3.048389
1976		1.959679
1977		1.959679
1978		2.395163
1979		1.959679
1980		1.524194
1981		2.830647
1982		3.048389
1983		1.741936
1984		3.266131
1985		1.306452
1986		1.959679
1987		1.524194
1988		2.395163
1989		3.483873
1990		3.266131
1991		3.266131
1992		3.048389
1993		1.959679
1994		3.919357
1995		2.612905
1996		2.395163
1997		3.048389
1998		3.048389
1999		1.088710
2000		1.524194
2001		3.701615
2002		1.959679
2003		2.395163
2004		2.395163
2005		2.177421
2006		3.701615
2007		2.830647
2008		1.524194
2009		1.741936
2010		2.830647
2011		2.395163
2012		2.612905
2013		1.524194
2014		3.048389
2015		1.524194
2016		1.959679
2017		2.177421
2018		1.306452
2019		2.395163
2020		2.177421
2021		2.395163
2022		2.177421
2023		1.306452
2024		1.959679
2025		2.612905
2026		1.088710
2027		2.177421
2028		2.177421
2029		1.959679
2030		1.741936
2031		1.959679
2032		1.959679
2033		1.088710
2034		1.306452
2035		1.741936
2036		0.870968
2037		1.959679
2038		0.653226
2039		0.870968
2040		1.741936
2041		1.959679
2042		1.524194
2043		0.435484
2044		2.177421
2045		1.524194
2046		0.870968
2047		2.830647
2048		1.741936
2049		1.741936
2050		1.959679
2051		1.741936
2052		2.177421
2053		1.741936
2054		1.524194
2055		2.395163
2056		1.088710
2057		1.959679
2058		1.959679
2059		2.612905
2060		1.959679
2061		4.137099
2062		6.096777
2063		4.572583
2064		2.830647
2065		3.048389
2066		1.959679
2067		1.741936
2068		1.741936
2069		2.830647
2070		0.870968
2071		1.741936
2072		1.741936
2073		3.483873
2074		1.959679
2075		2.612905
2076		2.612905
2077		1.741936
2078		2.177421
2079		1.959679
2080		1.088710
2081		1.306452
2082		2.612905
2083		2.612905
2084		1.524194
2085		1.959679
2086		1.741936
2087		1.741936
2088		2.395163
2089		1.306452
2090		0.435484
2091		1.088710
2092		1.741936
2093		1.306452
2094		1.741936
2095		1.741936
2096		1.524194
2097		2.395163
2098		1.524194
2099		1.306452
2100		2.395163
2101		0.870968
2102		1.959679
2103		2.395163
2104		1.306452
2105		1.959679
2106		2.395163
2107		3.048389
2108		1.959679
2109		1.524194
2110		1.306452
2111		1.306452
2112		0.870968
2113		1.524194
2114		1.306452
2115		0.870968
2116		1.959679
2117		1.088710
2118		0.435484
2119		2.177421
2120		1.741936
2121		0.870968
2122		0.653226
2123		1.306452
2124		1.088710
2125		1.741936
2126		1.306452
2127		0.870968
2128		0.870968
2129		1.524194
2130		1.088710
2131		1.088710
2132		1.306452
2133		0.653226
2134		1.524194
2135		1.524194
2136		0.435484
2137		2.612905
2138		1.959679
2139		3.266131
2140		2.177421
2141		1.088710
2142		1.741936
2143		1.524194
2144		2.612905
2145		1.741936
2146		2.830647
2147		0.870968
2148		0.870968
2149		1.959679
2150		0.653226
2151		1.524194
2152		0.870968
2153		1.088710
2154		0.870968
2155		1.088710
2156		0.870968
2157		0.870968
2158		1.524194
2159		0.870968
2160		0.653226
2161		1.524194
2162		2.830647
2163		2.612905
2164		1.088710
2165		2.177421
2166		2.612905
2167		1.306452
2168		1.959679
2169		1.306452
2170		0.870968
2171		0.653226
2172		0.870968
2173		0.870968
2174		1.088710
2175		0.653226
2176		0.217742
2177		1.088710
2178		1.088710
2179		1.741936
2180		0.217742
2181		1.088710
2182		1.088710
2183		2.395163
2184		0.653226
2185		1.524194
2186		1.088710
2187		1.524194
2188		1.741936
2189		0.653226
2190		1.088710
2191		0.435484
2192		1.306452
2193		1.741936
2194		1.088710
2195		2.612905
2196		2.395163
2197		2.177421
2198		2.177421
2199		2.830647
2200		1.741936
2201		0.653226
2202		1.524194
2203		0.870968
2204		0.653226
2205		0.435484
2206		1.524194
2207		0.653226
2208		1.306452
2209		1.088710
2210		1.088710
2211		1.088710
2212		0.435484
2213		0.870968
2214		0.217742
2215		1.088710
2216		1.088710
2217		0.653226
2218		0.653226
2219		1.088710
2220		0.435484
2221		0.217742
2222		1.088710
2223		0.870968
2224		0.435484
2225		0.653226
2226		0.653226
2227		0.653226
2228		0.435484
2229		1.524194
2230		0.653226
2231		0.870968
2232		1.524194
2233		0.435484
2234		0.217742
2235		0.435484
2236		0.217742
2237		0.653226
2238		1.306452
2239		1.741936
2240		0.435484
2241		0.870968
2242		1.306452
2243		0.435484
2244		0.435484
2245		0.653226
2246		0.217742
2247		0.870968
2248		0.000000
2249		0.870968
2250		0.000000
2251		1.524194
2252		1.959679
2253		0.435484
2254		0.653226
2255		0.435484
2256		0.653226
2257		0.000000
2258		0.000000
2259		0.217742
2260		0.217742
2261		0.217742
2262		0.435484
2263		0.435484
2264		1.088710
2265		0.653226
2266		0.435484
2267		0.870968
2268		0.000000
2269		0.217742
2270		1.088710
2271		0.000000
2272		0.435484
2273		0.435484
2274		0.000000
2275		0.435484
2276		0.870968
2277		0.435484
2278		0.870968
2279		1.741936
2280		5.225809
2281		4.790325
2282		6.750004
2283		5.225809
2284		3.483873
2285		1.741936
2286		0.000000
2287		0.217742
2288		0.653226
2289		0.217742
2290		0.435484
2291		0.870968
2292		0.870968
2293		0.217742
2294		0.870968
2295		0.870968
2296		0.435484
2297		0.217742
2298		0.000000
2299		0.217742
2300		0.653226
2301		0.217742
2302		0.870968
2303		0.217742
2304		0.000000
2305		0.435484
2306		0.000000
2307		0.217742
2308		0.217742
2309		0.217742
2310		0.870968
2311		0.435484
2312		0.435484
2313		0.435484
2314		0.217742
2315		0.000000
2316		0.217742
2317		0.217742
2318		0.217742
2319		0.217742
2320		0.435484
2321		0.653226
2322		0.000000
2323		0.653226
2324		0.435484
2325		0.217742
2326		0.435484
2327		0.217742
2328		0.435484
2329		0.217742
2330		0.435484
2331		0.217742
2332		0.435484
2333		0.217742
2334		0.870968
2335		0.217742
2336		0.217742
2337		0.870968
2338		0.870968
2339		0.217742
2340		0.653226
2341		0.435484
2342		0.653226
2343		0.435484
2344		0.217742
2345		0.217742
2346		0.653226
2347		0.217742
2348		0.217742
2349		0.870968
2350		0.653226
2351		0.653226
2352		0.217742
2353		0.217742
2354		0.653226
2355		0.435484
2356		0.653226
2357		0.217742
2358		0.217742
2359		0.217742
2360		0.217742
2361		0.000000
2362		0.217742
2363		0.653226
2364		0.435484
2365		0.435484
2366		0.000000
2367		0.653226
2368		0.217742
2369		0.653226
2370		0.435484
2371		0.653226
2372		0.435484
2373		0.217742
2374		0.870968
2375		0.217742
2376		0.217742
2377		0.653226
2378		0.435484
2379		0.653226
2380		0.217742
2381		0.000000
2382		0.435484
2383		0.217742
2384		0.217742
2385		0.217742
2386		0.435484
2387		0.653226
2388		0.217742
2389		0.653226
2390		0.653226
2391		0.217742
2392		0.217742
2393		0.000000
2394		0.217742
2395		0.217742
2396		0.000000
2397		0.000000
2398		0.435484
2399		0.217742
2400		0.217742
2401		0.217742
2402		0.000000
2403		0.000000
2404		0.217742
2405		0.217742
2406		0.653226
2407		0.435484
2408		0.435484
2409		0.217742
2410		0.217742
2411		0.435484
2412		0.000000
2413		0.435484
2414		0.000000
2415		0.435484
2416		0.217742
2417		0.217742
2418		0.435484
2419		0.653226
2420		0.217742
2421		0.217742
2422		1.088710
2423		0.000000
2424		0.000000
2425		0.000000
2426		0.217742
2427		0.217742
2428		0.870968
2429		0.435484
2430		0.217742
2431		0.653226
2432		0.217742
2433		0.000000
2434		0.217742
2435		0.000000
2436		0.000000
2437		0.000000
2438		0.000000
2439		0.217742
2440		0.435484
2441		0.217742
2442		0.653226
2443		0.217742
2444		0.000000
2445		0.217742
2446		0.217742
2447		0.435484
2448		0.217742
2449		0.000000
2450		0.217742
2451		0.435484
2452		0.435484
2453		0.217742
2454		0.435484
2455		0.217742
2456		0.217742
2457		0.217742
2458		0.435484
2459		0.435484
2460		0.435484
2461		0.000000
2462		0.217742
2463		0.000000
2464		0.217742
2465		0.000000
2466		0.653226
2467		0.217742
2468		0.000000
2469		0.435484
2470		0.653226
2471		0.653226
2472		0.000000
2473		0.000000
2474		0.000000
2475		0.217742
2476		0.435484
2477		0.435484
2478		0.217742
2479		0.435484
2480		0.870968
2481		0.653226
2482		0.000000
2483		0.217742
2484		0.000000
2485		0.435484
2486		1.306452
2487		0.217742
2488		0.000000
2489		0.000000
2490		0.000000
2491		0.000000
2492		0.000000
2493		0.217742
2494		0.217742
2495		0.217742
2496		0.435484
2497		0.000000
2498		0.435484
2499		0.000000
2500		0.000000
2501		0.217742
2502		0.000000
2503		0.000000
2504		0.000000
2505		0.435484
2506		0.217742
2507		0.653226
2508		0.217742
2509		0.000000
2510		0.217742
2511		0.000000
2512		0.217742
2513		0.217742
2514		0.435484
2515		0.000000
2516		0.000000
2517		0.653226
2518		0.217742
2519		0.000000
2520		0.000000
2521		0.000000
2522		0.000000
2523		0.217742
2524		0.000000
2525		0.000000
2526		0.217742
2527		0.000000
2528		0.217742
2529		0.000000
2530		0.217742
2531		0.217742
2532		0.000000
2533		0.000000
2534		0.000000
2535		0.000000
2536		0.000000
2537		0.000000
2538		0.000000
2539		0.000000
2540		0.000000
2541		0.000000
2542		0.000000
2543		0.000000
2544		0.000000
2545		0.000000
2546		0.000000
2547		0.000000
2548		0.000000
2549		0.000000
2550		0.000000
2551		0.000000
2552		0.000000
2553		0.000000
2554		0.000000
2555		0.000000
2556		0.000000
2557		0.000000
2558		0.000000
2559		0.000000
2560		0.000000
2561		0.653226
2562		0.000000
2563		0.000000
2564		0.000000
2565		0.000000
2566		0.000000
2567		0.000000
2568		0.000000
2569		0.435484
2570		0.217742
2571		0.000000
2572		0.435484
2573		0.653226
2574		0.653226
2575		0.870968
2576		1.741936
2577		0.435484
2578		1.306452
2579		0.653226
2580		0.217742
2581		0.000000
2582		0.000000
2583		0.000000
2584		0.000000
2585		0.000000
2586		0.000000
2587		0.000000
2588		0.000000
2589		0.000000
2590		0.000000
2591		0.000000
2592		0.000000
2593		0.000000
2594		0.000000
2595		0.000000
2596		0.000000
2597		0.000000
2598		0.000000
2599		0.000000
2600		0.000000
2601		0.000000
2602		0.000000
2603		0.000000
2604		0.000000
2605		0.000000
2606		0.000000
2607		0.000000
2608		0.000000
2609		0.000000
2610		0.000000
2611		0.000000
2612		0.000000
2613		0.000000
2614		0.000000
2615		0.000000
2616		0.000000
2617		0.000000
2618		0.000000
2619		0.000000
2620		0.000000
2621		0.000000
2622		0.000000
2623		0.000000
2624		0.000000
2625		0.000000
2626		0.000000
2627		0.000000
2628		0.000000
2629		0.000000
2630		0.000000
2631		0.000000
2632		0.000000
2633		0.000000
2634		0.000000
2635		0.000000
2636		0.000000
2637		0.000000
2638		0.000000
2639		0.000000
2640		0.000000
2641		0.000000
2642		0.000000
2643		0.000000
2644		0.000000
2645		0.000000
2646		0.000000
2647		0.000000
2648		0.000000
2649		0.000000
2650		0.000000
2651		0.000000
2652		0.000000
2653		0.000000
2654		0.000000
2655		0.000000
2656		0.000000
2657		0.000000
2658		0.000000
2659		0.000000
2660		0.000000
2661		0.000000
2662		0.000000
2663		0.000000
2664		0.000000
2665		0.000000
2666		0.000000
2667		0.000000
2668		0.000000
2669		0.000000
2670		0.000000
2671		0.000000
2672		0.000000
2673		0.000000
2674		0.000000
2675		0.000000
2676		0.000000
2677		0.000000
2678		0.000000
2679		0.000000
2680		0.000000
2681		0.000000
2682		0.000000
2683		0.000000
2684		0.000000
2685		0.000000
2686		0.000000
2687		0.000000
2688		0.000000
2689		0.000000
2690		0.000000
2691		0.000000
2692		0.000000
2693		0.000000
2694		0.000000
2695		0.000000
2696		0.000000
2697		0.000000
2698		0.000000
2699		0.000000
2700		0.000000
2701		0.000000
2702		0.000000
2703		0.000000
2704		0.000000
2705		0.000000
2706		0.000000
2707		0.000000
2708		0.000000
2709		0.000000
2710		0.000000
2711		0.000000
2712		0.000000
2713		0.000000
2714		0.000000
2715		0.000000
2716		0.000000
2717		0.000000
2718		0.000000
2719		0.000000
2720		0.000000
2721		0.000000
2722		0.000000
2723		0.000000
2724		0.000000
2725		0.000000
2726		0.000000
2727		0.000000
2728		0.000000
2729		0.000000
2730		0.000000
2731		0.000000
2732		0.000000
2733		0.000000
2734		0.000000
2735		0.000000
2736		0.000000
2737		0.000000
2738		0.000000
2739		0.000000
2740		0.000000
2741		0.000000
2742		0.000000
2743		0.000000
2744		0.000000
2745		0.000000
2746		0.000000
2747		0.000000
2748		0.000000
2749		0.000000
2750		0.000000
2751		0.000000
2752		0.000000
2753		0.000000
2754		0.000000
2755		0.000000
2756		0.000000
2757		0.000000
2758		0.000000
2759		0.000000
2760		0.000000
2761		0.000000
2762		0.000000
2763		0.000000
2764		0.000000
2765		0.000000
2766		0.000000
2767		0.000000
2768		0.000000
2769		0.000000
2770		0.000000
2771		0.000000
2772		0.000000
2773		0.000000
2774		0.000000
2775		0.000000
2776		0.000000
2777		0.000000
2778		0.000000
2779		0.000000
2780		0.000000
2781		0.000000
2782		0.000000
2783		0.000000
2784		0.000000
2785		0.000000
2786		0.000000
2787		0.000000
2788		0.000000
2789		0.000000
2790		0.000000
2791		0.000000
2792		0.000000
2793		0.000000
2794		0.000000
2795		0.000000
2796		0.000000
2797		0.000000
2798		0.000000
2799		0.000000
2800		0.000000
2801		0.000000
2802		0.000000
2803		0.000000
2804		0.000000
2805		0.000000
2806		0.000000
2807		0.000000
2808		0.000000
2809		0.000000
2810		0.000000
2811		0.000000
2812		0.000000
2813		0.000000
2814		0.000000
2815		0.000000
2816		0.000000
2817		0.000000
2818		0.000000
2819		0.000000
2820		0.000000
2821		0.000000
2822		0.000000
2823		0.000000
2824		0.000000
2825		0.000000
2826		0.000000
2827		0.000000
2828		0.000000
2829		0.000000
2830		0.000000
2831		0.000000
2832		0.000000
2833		0.000000
2834		0.000000
2835		0.000000
2836		0.000000
2837		0.000000
2838		0.000000
2839		0.000000
2840		0.000000
2841		0.000000
2842		0.000000
2843		0.000000
2844		0.000000
2845		0.000000
2846		0.000000
2847		0.000000
2848		0.000000
2849		0.000000
2850		0.000000
2851		0.000000
2852		0.000000
2853		0.000000
2854		0.000000
2855		0.000000
2856		0.000000
2857		0.000000
2858		0.000000
2859		0.000000
2860		0.000000
2861		0.000000
2862		0.000000
2863		0.000000
2864		0.000000
2865		0.000000
2866		0.000000
2867		0.000000
2868		0.000000
2869		0.000000
2870		0.000000
2871		0.000000
2872		0.000000
2873		0.000000
2874		0.000000
2875		0.000000
2876		0.000000
2877		0.000000
2878		0.000000
2879		0.000000
2880		0.000000
2881		0.000000
2882		0.000000
2883		0.000000
2884		0.000000
2885		0.000000
2886		0.000000
2887		0.000000
2888		0.000000
2889		0.000000
2890		0.000000
2891		0.000000
2892		0.000000
2893		0.000000
2894		0.000000
2895		0.000000
2896		0.000000
2897		0.000000
2898		0.000000
2899		0.000000
2900		0.000000
2901		0.000000
2902		0.000000
2903		0.000000
2904		0.000000
2905		0.000000
2906		0.000000
2907		0.000000
2908		0.000000
2909		0.000000
2910		0.000000
2911		0.000000
2912		0.000000
2913		0.000000
2914		0.000000
2915		0.000000
2916		0.000000
2917		0.000000
2918		0.000000
2919		0.000000
2920		0.000000
2921		0.000000
2922		0.000000
2923		0.000000
2924		0.000000
2925		0.000000
2926		0.000000
2927		0.000000
2928		0.000000
2929		0.000000
2930		0.000000
2931		0.000000
2932		0.000000
2933		0.000000
2934		0.000000
2935		0.000000
2936		0.000000
2937		0.000000
2938		0.000000
2939		0.000000
2940		0.000000
2941		0.000000
2942		0.000000
2943		0.000000
2944		0.000000
2945		0.000000
2946		0.000000
2947		0.000000
2948		0.000000
2949		0.000000
2950		0.000000
2951		0.000000
2952		0.000000
2953		0.000000
2954		0.000000
2955		0.000000
2956		0.000000
2957		0.000000
2958		0.000000
2959		0.000000
2960		0.000000
2961		0.000000
2962		0.000000
2963		0.000000
2964		0.000000
2965		0.000000
2966		0.000000
2967		0.000000
2968		0.000000
2969		0.000000
2970		0.000000
2971		0.000000
2972		0.000000
2973		0.000000
2974		0.000000
2975		0.000000
2976		0.000000
2977		0.000000
2978		0.000000
2979		0.000000
2980		0.000000
2981		0.000000
2982		0.000000
2983		0.000000
2984		0.000000
2985		0.000000
2986		0.000000
2987		0.000000
2988		0.000000
2989		0.000000
2990		0.000000
2991		0.000000
2992		0.000000
2993		0.000000
2994		0.000000
2995		0.000000
2996		0.000000
2997		0.000000
2998		0.000000
2999		0.000000
3000		0.000000
3001		0.000000
3002		0.000000
3003		0.000000
3004		0.000000
3005		0.000000
3006		0.000000
3007		0.000000
3008		0.000000
3009		0.000000
3010		0.000000
3011		0.000000
3012		0.000000
3013		0.000000
3014		0.000000
3015		0.000000
3016		0.000000
3017		0.000000
3018		0.000000
3019		0.000000
3020		0.000000
3021		0.000000
3022		0.000000
3023		0.000000
3024		0.000000
3025		0.000000
3026		0.000000
3027		0.000000
3028		0.000000
3029		0.000000
3030		0.000000
3031		0.000000
3032		0.000000
3033		0.000000
3034		0.000000
3035		0.000000
3036		0.000000
3037		0.000000
3038		0.000000
3039		0.000000
3040		0.000000
3041		0.000000
3042		0.000000
3043		0.000000
3044		0.000000
3045		0.000000
3046		0.000000
3047		0.000000
3048		0.000000
3049		0.000000
3050		0.000000
3051		0.000000
3052		0.000000
3053		0.000000
3054		0.000000
3055		0.000000
3056		0.000000
3057		0.000000
3058		0.000000
3059		0.000000
3060		0.000000
3061		0.000000
3062		0.000000
3063		0.000000
3064		0.000000
3065		0.000000
3066		0.000000
3067		0.000000
3068		0.000000
3069		0.000000
3070		0.000000
3071		0.000000
3072		0.000000
3073		0.000000
3074		0.000000
3075		0.000000
3076		0.000000
3077		0.000000
3078		0.000000
3079		0.000000
3080		0.000000
3081		0.000000
3082		0.000000
3083		0.000000
3084		0.000000
3085		0.000000
3086		0.000000
3087		0.000000
3088		0.000000
3089		0.000000
3090		0.000000
3091		0.000000
3092		0.000000
3093		0.000000
3094		0.000000
3095		0.000000
3096		0.000000
3097		0.000000
3098		0.000000
3099		0.000000
3100		0.000000
3101		0.000000
3102		0.000000
3103		0.000000
3104		0.000000
3105		0.000000
3106		0.000000
3107		0.000000
3108		0.000000
3109		0.000000
3110		0.000000
3111		0.000000
3112		0.000000
3113		0.000000
3114		0.000000
3115		0.000000
3116		0.000000
3117		0.000000
3118		0.000000
3119		0.000000
3120		0.000000
3121		0.000000
3122		0.000000
3123		0.000000
3124		0.000000
3125		0.000000
3126		0.000000
3127		0.000000
3128		0.000000
3129		0.000000
3130		0.000000
3131		0.000000
3132		0.000000
3133		0.000000
3134		0.000000
3135		0.000000
3136		0.000000
3137		0.000000
3138		0.000000
3139		0.000000
3140		0.000000
3141		0.000000
3142		0.000000
3143		0.000000
3144		0.000000
3145		0.000000
3146		0.000000
3147		0.000000
3148		0.000000
3149		0.000000
3150		0.000000
3151		0.000000
3152		0.000000
3153		0.000000
3154		0.000000
3155		0.000000
3156		0.000000
3157		0.000000
3158		0.000000
3159		0.000000
3160		0.000000
3161		0.000000
3162		0.000000
3163		0.000000
3164		0.000000
3165		0.000000
3166		0.000000
3167		0.000000
3168		0.000000
3169		0.000000
3170		0.000000
3171		0.000000
3172		0.000000
3173		0.000000
3174		0.000000
3175		0.000000
3176		0.000000
3177		0.000000
3178		0.000000
3179		0.000000
3180		0.000000
3181		0.000000
3182		0.000000
3183		0.000000
3184		0.000000
3185		0.000000
3186		0.000000
3187		0.000000
3188		0.000000
3189		0.000000
3190		0.000000
3191		0.000000
3192		0.000000
3193		0.000000
3194		0.000000
3195		0.000000
3196		0.000000
3197		0.000000
3198		0.000000
3199		0.000000
3200		0.000000
3201		0.000000
3202		0.000000
3203		0.000000
3204		0.000000
3205		0.000000
3206		0.000000
3207		0.000000
3208		0.000000
3209		0.000000
3210		0.000000
3211		0.000000
3212		0.000000
3213		0.000000
3214		0.000000
3215		0.000000
3216		0.000000
3217		0.000000
3218		0.000000
3219		0.000000
3220		0.000000
3221		0.000000
3222		0.000000
3223		0.000000
3224		0.000000
3225		0.000000
3226		0.000000
3227		0.000000
3228		0.000000
3229		0.000000
3230		0.000000
3231		0.000000
3232		0.000000
3233		0.000000
3234		0.000000
3235		0.000000
3236		0.000000
3237		0.000000
3238		0.000000
3239		0.000000
3240		0.000000
3241		0.000000
3242		0.000000
3243		0.000000
3244		0.000000
3245		0.000000
3246		0.000000
3247		0.000000
3248		0.000000
3249		0.000000
3250		0.000000
3251		0.000000
3252		0.000000
3253		0.000000
3254		0.000000
3255		0.000000
3256		0.000000
3257		0.000000
3258		0.000000
3259		0.000000
3260		0.000000
3261		0.000000
3262		0.000000
3263		0.000000
3264		0.000000
3265		0.000000
3266		0.000000
3267		0.000000
3268		0.000000
3269		0.000000
3270		0.000000
3271		0.000000
3272		0.000000
3273		0.000000
3274		0.000000
3275		0.000000
3276		0.000000
3277		0.000000
3278		0.000000
3279		0.000000
3280		0.000000
3281		0.000000
3282		0.000000
3283		0.000000
3284		0.000000
3285		0.000000
3286		0.000000
3287		0.000000
3288		0.000000
3289		0.000000
3290		0.000000
3291		0.000000
3292		0.000000
3293		0.000000
3294		0.000000
3295		0.000000
3296		0.000000
3297		0.000000
3298		0.000000
3299		0.000000
3300		0.000000
3301		0.000000
3302		0.000000
3303		0.000000
3304		0.000000
3305		0.000000
3306		0.000000
3307		0.000000
3308		0.000000
3309		0.000000
3310		0.000000
3311		0.000000
3312		0.000000
3313		0.000000
3314		0.000000
3315		0.000000
3316		0.000000
3317		0.000000
3318		0.000000
3319		0.000000
3320		0.000000
3321		0.000000
3322		0.000000
3323		0.000000
3324		0.000000
3325		0.000000
3326		0.000000
3327		0.000000
3328		0.000000
3329		0.000000
3330		0.000000
3331		0.000000
3332		0.000000
3333		0.000000
3334		0.000000
3335		0.000000
3336		0.000000
3337		0.000000
3338		0.000000
3339		0.000000
3340		0.000000
3341		0.000000
3342		0.000000
3343		0.000000
3344		0.000000
3345		0.000000
3346		0.000000
3347		0.000000
3348		0.000000
3349		0.000000
3350		0.000000
3351		0.000000
3352		0.000000
3353		0.000000
3354		0.000000
3355		0.000000
3356		0.000000
3357		0.000000
3358		0.000000
3359		0.000000
3360		0.000000
3361		0.000000
3362		0.000000
3363		0.000000
3364		0.000000
3365		0.000000
3366		0.000000
3367		0.000000
3368		0.000000
3369		0.000000
3370		0.000000
3371		0.000000
3372		0.000000
3373		0.000000
3374		0.000000
3375		0.000000
3376		0.000000
3377		0.000000
3378		0.000000
3379		0.000000
3380		0.000000
3381		0.000000
3382		0.000000
3383		0.000000
3384		0.000000
3385		0.000000
3386		0.000000
3387		0.000000
3388		0.000000
3389		0.000000
3390		0.000000
3391		0.000000
3392		0.000000
3393		0.000000
3394		0.000000
3395		0.000000
3396		0.000000
3397		0.000000
3398		0.000000
3399		0.000000
3400		0.000000
3401		0.000000
3402		0.000000
3403		0.000000
3404		0.000000
3405		0.000000
3406		0.000000
3407		0.000000
3408		0.000000
3409		0.000000
3410		0.000000
3411		0.000000
3412		0.000000
3413		0.000000
3414		0.000000
3415		0.000000
3416		0.000000
3417		0.000000
3418		0.000000
3419		0.000000
3420		0.000000
3421		0.000000
3422		0.000000
3423		0.000000
3424		0.000000
3425		0.000000
3426		0.000000
3427		0.000000
3428		0.000000
3429		0.000000
3430		0.000000
3431		0.000000
3432		0.000000
3433		0.000000
3434		0.000000
3435		0.000000
3436		0.000000
3437		0.000000
3438		0.000000
3439		0.000000
3440		0.000000
3441		0.000000
3442		0.000000
3443		0.000000
3444		0.000000
3445		0.000000
3446		0.000000
3447		0.000000
3448		0.000000
3449		0.000000
3450		0.000000
3451		0.000000
3452		0.000000
3453		0.000000
3454		0.000000
3455		0.000000
3456		0.000000
3457		0.000000
3458		0.000000
3459		0.000000
3460		0.000000
3461		0.000000
3462		0.000000
3463		0.000000
3464		0.000000
3465		0.000000
3466		0.000000
3467		0.000000
3468		0.000000
3469		0.000000
3470		0.000000
3471		0.000000
3472		0.000000
3473		0.000000
3474		0.000000
3475		0.000000
3476		0.000000
3477		0.000000
3478		0.000000
3479		0.000000
3480		0.000000
3481		0.000000
3482		0.000000
3483		0.000000
3484		0.000000
3485		0.000000
3486		0.000000
3487		0.000000
3488		0.000000
3489		0.000000
3490		0.000000
3491		0.000000
3492		0.000000
3493		0.000000
3494		0.000000
3495		0.000000
3496		0.000000
3497		0.000000
3498		0.000000
3499		0.000000
3500		0.000000
3501		0.000000
3502		0.000000
3503		0.000000
3504		0.000000
3505		0.000000
3506		0.000000
3507		0.000000
3508		0.000000
3509		0.000000
3510		0.000000
3511		0.000000
3512		0.000000
3513		0.000000
3514		0.000000
3515		0.000000
3516		0.000000
3517		0.000000
3518		0.000000
3519		0.000000
3520		0.000000
3521		0.000000
3522		0.000000
3523		0.000000
3524		0.000000
3525		0.000000
3526		0.000000
3527		0.000000
3528		0.000000
3529		0.000000
3530		0.000000
3531		0.000000
3532		0.000000
3533		0.000000
3534		0.000000
3535		0.000000
3536		0.000000
3537		0.000000
3538		0.000000
3539		0.000000
3540		0.000000
3541		0.000000
3542		0.000000
3543		0.000000
3544		0.000000
3545		0.000000
3546		0.000000
3547		0.000000
3548		0.000000
3549		0.000000
3550		0.000000
3551		0.000000
3552		0.000000
3553		0.000000
3554		0.000000
3555		0.000000
3556		0.000000
3557		0.000000
3558		0.000000
3559		0.000000
3560		0.000000
3561		0.000000
3562		0.000000
3563		0.000000
3564		0.000000
3565		0.000000
3566		0.000000
3567		0.000000
3568		0.000000
3569		0.000000
3570		0.000000
3571		0.000000
3572		0.000000
3573		0.000000
3574		0.000000
3575		0.000000
3576		0.000000
3577		0.000000
3578		0.000000
3579		0.000000
3580		0.000000
3581		0.000000
3582		0.000000
3583		0.000000
3584		0.000000
3585		0.000000
3586		0.000000
3587		0.000000
3588		0.000000
3589		0.000000
3590		0.000000
3591		0.000000
3592		0.000000
3593		0.000000
3594		0.000000
3595		0.000000
3596		0.000000
3597		0.000000
3598		0.000000
3599		0.000000
3600		0.000000
3601		0.000000
3602		0.000000
3603		0.000000
3604		0.000000
3605		0.000000
3606		0.000000
3607		0.000000
3608		0.000000
3609		0.000000
3610		0.000000
3611		0.000000
3612		0.000000
3613		0.000000
3614		0.000000
3615		0.000000
3616		0.000000
3617		0.000000
3618		0.000000
3619		0.000000
3620		0.000000
3621		0.000000
3622		0.000000
3623		0.000000
3624		0.000000
3625		0.000000
3626		0.000000
3627		0.000000
3628		0.000000
3629		0.000000
3630		0.000000
3631		0.000000
3632		0.000000
3633		0.000000
3634		0.000000
3635		0.000000
3636		0.000000
3637		0.000000
3638		0.000000
3639		0.000000
3640		0.000000
3641		0.000000
3642		0.000000
3643		0.000000
3644		0.000000
3645		0.000000
3646		0.000000
3647		0.000000
3648		0.000000
3649		0.000000
3650		0.000000
3651		0.000000
3652		0.000000
3653		0.000000
3654		0.000000
3655		0.000000
3656		0.000000
3657		0.000000
3658		0.000000
3659		0.000000
3660		0.000000
3661		0.000000
3662		0.000000
3663		0.000000
3664		0.000000
3665		0.000000
3666		0.000000
3667		0.000000
3668		0.000000
3669		0.000000
3670		0.000000
3671		0.000000
3672		0.000000
3673		0.000000
3674		0.000000
3675		0.000000
3676		0.000000
3677		0.000000
3678		0.000000
3679		0.000000
3680		0.000000
3681		0.000000
3682		0.000000
3683		0.000000
3684		0.000000
3685		0.000000
3686		0.000000
3687		0.000000
3688		0.000000
3689		0.000000
3690		0.000000
3691		0.000000
3692		0.000000
3693		0.000000
3694		0.000000
3695		0.000000
3696		0.000000
3697		0.000000
3698		0.000000
3699		0.000000
3700		0.000000
3701		0.000000
3702		0.000000
3703		0.000000
3704		0.000000
3705		0.000000
3706		0.000000
3707		0.000000
3708		0.000000
3709		0.000000
3710		0.000000
3711		0.000000
3712		0.000000
3713		0.000000
3714		0.000000
3715		0.000000
3716		0.000000
3717		0.000000
3718		0.000000
3719		0.000000
3720		0.000000
3721		0.000000
3722		0.000000
3723		0.000000
3724		0.000000
3725		0.000000
3726		0.000000
3727		0.000000
3728		0.000000
3729		0.000000
3730		0.000000
3731		0.000000
3732		0.000000
3733		0.000000
3734		0.000000
3735		0.000000
3736		0.000000
3737		0.000000
3738		0.000000
3739		0.000000
3740		0.000000
3741		0.000000
3742		0.000000
3743		0.000000
3744		0.000000
3745		0.000000
3746		0.000000
3747		0.000000
3748		0.000000
3749		0.000000
3750		0.000000
3751		0.000000
3752		0.000000
3753		0.000000
3754		0.000000
3755		0.000000
3756		0.000000
3757		0.000000
3758		0.000000
3759		0.000000
3760		0.000000
3761		0.000000
3762		0.000000
3763		0.000000
3764		0.000000
3765		0.000000
3766		0.000000
3767		0.000000
3768		0.000000
3769		0.000000
3770		0.000000
3771		0.000000
3772		0.000000
3773		0.000000
3774		0.000000
3775		0.000000
3776		0.000000
3777		0.000000
3778		0.000000
3779		0.000000
3780		0.000000
3781		0.000000
3782		0.000000
3783		0.000000
3784		0.000000
3785		0.000000
3786		0.000000
3787		0.000000
3788		0.000000
3789		0.000000
3790		0.000000
3791		0.000000
3792		0.000000
3793		0.000000
3794		0.000000
3795		0.000000
3796		0.000000
3797		0.000000
3798		0.000000
3799		0.000000
3800		0.000000
3801		0.000000
3802		0.000000
3803		0.000000
3804		0.000000
3805		0.000000
3806		0.000000
3807		0.000000
3808		0.000000
3809		0.000000
3810		0.000000
3811		0.000000
3812		0.000000
3813		0.000000
3814		0.000000
3815		0.000000
3816		0.000000
3817		0.000000
3818		0.000000
3819		0.000000
3820		0.000000
3821		0.000000
3822		0.000000
3823		0.000000
3824		0.000000
3825		0.000000
3826		0.000000
3827		0.000000
3828		0.000000
3829		0.000000
3830		0.000000
3831		0.000000
3832		0.000000
3833		0.000000
3834		0.000000
3835		0.000000
3836		0.000000
3837		0.000000
3838		0.000000
3839		0.000000
3840		0.000000
3841		0.000000
3842		0.000000
3843		0.000000
3844		0.000000
3845		0.000000
3846		0.000000
3847		0.000000
3848		0.000000
3849		0.000000
3850		0.000000
3851		0.000000
3852		0.000000
3853		0.000000
3854		0.000000
3855		0.000000
3856		0.000000
3857		0.000000
3858		0.000000
3859		0.000000
3860		0.000000
3861		0.000000
3862		0.000000
3863		0.000000
3864		0.000000
3865		0.000000
3866		0.000000
3867		0.000000
3868		0.000000
3869		0.000000
3870		0.000000
3871		0.000000
3872		0.000000
3873		0.000000
3874		0.000000
3875		0.000000
3876		0.000000
3877		0.000000
3878		0.000000
3879		0.000000
3880		0.000000
3881		0.000000
3882		0.000000
3883		0.000000
3884		0.000000
3885		0.000000
3886		0.000000
3887		0.000000
3888		0.000000
3889		0.000000
3890		0.000000
3891		0.000000
3892		0.000000
3893		0.000000
3894		0.000000
3895		0.000000
3896		0.000000
3897		0.000000
3898		0.000000
3899		0.000000
3900		0.000000
3901		0.000000
3902		0.000000
3903		0.000000
3904		0.000000
3905		0.000000
3906		0.000000
3907		0.000000
3908		0.000000
3909		0.000000
3910		0.000000
3911		0.000000
3912		0.000000
3913		0.000000
3914		0.000000
3915		0.000000
3916		0.000000
3917		0.000000
3918		0.000000
3919		0.000000
3920		0.000000
3921		0.000000
3922		0.000000
3923		0.000000
3924		0.000000
3925		0.000000
3926		0.000000
3927		0.000000
3928		0.000000
3929		0.000000
3930		0.000000
3931		0.000000
3932		0.000000
3933		0.000000
3934		0.000000
3935		0.000000
3936		0.000000
3937		0.000000
3938		0.000000
3939		0.000000
3940		0.000000
3941		0.000000
3942		0.000000
3943		0.000000
3944		0.000000
3945		0.000000
3946		0.000000
3947		0.000000
3948		0.000000
3949		0.000000
3950		0.000000
3951		0.000000
3952		0.000000
3953		0.000000
3954		0.000000
3955		0.000000
3956		0.000000
3957		0.000000
3958		0.000000
3959		0.000000
3960		0.000000
3961		0.000000
3962		0.000000
3963		0.000000
3964		0.000000
3965		0.000000
3966		0.000000
3967		0.000000
3968		0.000000
3969		0.000000
3970		0.000000
3971		0.000000
3972		0.000000
3973		0.000000
3974		0.000000
3975		0.000000
3976		0.000000
3977		0.000000
3978		0.000000
3979		0.000000
3980		0.000000
3981		0.000000
3982		0.000000
3983		0.000000
3984		0.000000
3985		0.000000
3986		0.000000
3987		0.000000
3988		0.000000
3989		0.000000
3990		0.000000
3991		0.000000
3992		0.000000
3993		0.000000
3994		0.000000
3995		0.000000
3996		0.000000
3997		0.000000
3998		0.000000
3999		0.000000
4000		0.000000
4001		0.000000
4002		0.000000
4003		0.000000
4004		0.000000
4005		0.000000
4006		0.000000
4007		0.000000
4008		0.000000
4009		0.000000
4010		0.000000
4011		0.000000
4012		0.000000
4013		0.000000
4014		0.000000
4015		0.000000
4016		0.000000
4017		0.000000
4018		0.000000
4019		0.000000
4020		0.000000
4021		0.000000
4022		0.000000
4023		0.000000
4024		0.000000
4025		0.000000
4026		0.000000
4027		0.000000
4028		0.000000
4029		0.000000
4030		0.000000
4031		0.000000
4032		0.000000
4033		0.000000
4034		0.000000
4035		0.000000
4036		0.000000
4037		0.000000
4038		0.000000
4039		0.000000
4040		0.000000
4041		0.000000
4042		0.000000
4043		0.000000
4044		0.000000
4045		0.000000
4046		0.000000
4047		0.000000
4048		0.000000
4049		0.000000
4050		0.000000
4051		0.000000
4052		0.000000
4053		0.000000
4054		0.000000
4055		0.000000
4056		0.000000
4057		0.000000
4058		0.000000
4059		0.000000
4060		0.000000
4061		0.000000
4062		0.000000
4063		0.000000
4064		0.000000
4065		0.000000
4066		0.000000
4067		0.000000
4068		0.000000
4069		0.000000
4070		0.000000
4071		0.000000
4072		0.000000
4073		0.000000
4074		0.000000
4075		0.000000
4076		0.000000
4077		0.000000
4078		0.000000
4079		0.000000
4080		0.000000
4081		0.000000
4082		0.000000
4083		0.000000
4084		0.000000
4085		0.000000
4086		0.000000
4087		0.000000
4088		0.000000
4089		0.000000
4090		0.000000
4091		0.000000
4092		0.000000
4093		0.000000
4094		0.000000
4095		0.000000
