0		0.000000
1		0.000000
2		0.000000
3		0.000000
4		0.000000
5		0.000000
6		0.000000
7		0.000000
8		0.000000
9		0.000000
10		0.000000
11		0.000000
12		0.000000
13		0.000000
14		0.000000
15		0.000000
16		0.000000
17		0.000000
18		0.000000
19		0.000000
20		0.000000
21		0.000000
22		0.000000
23		0.000000
24		0.000000
25		0.000000
26		0.000000
27		0.000000
28		0.000000
29		0.000000
30		0.000000
31		0.000000
32		0.000000
33		0.000000
34		0.000000
35		0.000000
36		0.000000
37		0.000000
38		0.000000
39		0.000000
40		0.000000
41		0.000000
42		0.000000
43		0.000000
44		0.000000
45		0.000000
46		0.000000
47		0.000000
48		0.000000
49		0.000000
50		0.000000
51		0.000000
52		0.000000
53		0.000000
54		0.000000
55		0.000000
56		0.000000
57		0.000000
58		0.000000
59		0.000000
60		0.000000
61		0.000000
62		0.000000
63		0.000000
64		0.000000
65		0.000000
66		0.000000
67		0.000000
68		0.000000
69		0.000000
70		0.000000
71		0.000000
72		0.000000
73		0.000000
74		0.000000
75		0.000000
76		0.000000
77		0.000000
78		0.000000
79		0.000000
80		0.000000
81		0.000000
82		0.000000
83		0.000000
84		0.000000
85		0.000000
86		0.000000
87		0.000000
88		0.000000
89		0.000000
90		0.000000
91		0.000000
92		0.000000
93		0.000000
94		0.000000
95		0.000000
96		0.000000
97		0.000000
98		0.000000
99		0.000000
100		0.000000
101		0.000000
102		0.000000
103		0.000000
104		0.000000
105		0.000000
106		0.000000
107		0.000000
108		0.000000
109		117429.953125
110		13777.962891
111		305.164886
112		283.823120
113		304.944855
114		295.264069
115		311.545410
116		293.503937
117		281.842987
118		306.704987
119		308.905182
120		306.264954
121		304.064789
122		321.006165
123		320.346100
124		305.824921
125		319.466034
126		302.304626
127		314.845673
128		321.226196
129		299.224396
130		319.026001
131		314.625641
132		325.626556
133		320.126099
134		315.505707
135		315.285706
136		324.086426
137		331.347015
138		326.946655
139		337.067474
140		318.145935
141		322.986328
142		337.727539
143		333.327179
144		351.808685
145		353.568817
146		346.968292
147		357.529144
148		365.449799
149		380.851044
150		363.249603
151		374.250519
152		389.431732
153		392.071960
154		398.672485
155		383.931305
156		398.892517
157		447.516479
158		431.015137
159		460.057495
160		442.016022
161		451.916840
162		463.357758
163		472.818542
164		476.338837
165		482.939362
166		479.419067
167		504.721130
168		480.739197
169		484.259460
170		494.160278
171		491.960114
172		509.561523
173		497.460541
174		504.721130
175		503.621063
176		499.220703
177		506.701294
178		503.841064
179		508.241425
180		516.382080
181		518.582275
182		505.161163
183		510.441620
184		513.521851
185		520.782471
186		504.061096
187		522.982605
188		511.321686
189		520.562439
190		547.624634
191		538.603882
192		586.567810
193		600.868958
194		597.568726
195		584.807678
196		586.567810
197		589.428040
198		607.249512
199		570.286499
200		570.286499
201		607.909546
202		614.070068
203		605.489380
204		607.249512
205		620.670593
206		598.228760
207		591.408203
208		578.207153
209		566.986206
210		554.885254
211		569.626404
212		549.824829
213		542.784241
214		533.543518
215		531.123291
216		531.563354
217		517.042175
218		503.621063
219		485.579590
220		506.041260
221		505.161163
222		467.538116
223		492.180115
224		492.620148
225		480.959198
226		485.359558
227		454.777069
228		471.718445
229		480.959198
230		460.497528
231		464.457855
232		457.197266
233		459.177429
234		447.736511
235		465.337921
236		435.195465
237		454.117004
238		442.896088
239		437.615662
240		445.976349
241		406.153107
242		424.634613
243		432.115234
244		414.073761
245		419.574188
246		416.273926
247		407.473206
248		400.212616
249		403.072845
250		385.251404
251		385.911469
252		399.992615
253		400.652649
254		386.131470
255		376.450684
256		388.991699
257		381.731110
258		391.191895
259		386.791534
260		371.610291
261		377.330750
262		376.670715
263		379.530945
264		370.510193
265		362.589569
266		378.430847
267		368.750061
268		369.190094
269		361.049438
270		376.010651
271		357.089111
272		353.788849
273		356.209045
274		373.590454
275		339.267670
276		360.169373
277		356.209045
278		352.908752
279		340.367737
280		360.169373
281		358.189209
282		352.468719
283		350.048523
284		347.408325
285		353.348816
286		347.628326
287		338.607605
288		344.328064
289		353.128784
290		353.128784
291		338.827606
292		326.726624
293		342.787933
294		333.327179
295		332.447113
296		346.968292
297		330.906982
298		334.427246
299		344.108063
300		329.146820
301		335.747375
302		318.365936
303		319.246033
304		315.945740
305		327.826721
306		330.686951
307		324.306427
308		325.846558
309		334.647278
310		319.026001
311		331.126984
312		314.845673
313		314.625641
314		366.109833
315		1062.686646
316		1236.500732
317		397.132385
318		299.664429
319		316.825836
320		312.645477
321		311.985443
322		298.344330
323		317.485870
324		302.964691
325		313.305542
326		306.044952
327		304.504822
328		314.185608
329		293.503937
330		315.945740
331		311.545410
332		323.426361
333		307.805084
334		301.424561
335		330.246918
336		309.565247
337		313.745575
338		332.447113
339		303.624756
340		311.985443
341		310.665314
342		307.585083
343		283.823120
344		309.785248
345		302.524658
346		298.124298
347		307.365051
348		306.264954
349		306.264954
350		310.665314
351		318.145935
352		311.765411
353		309.785248
354		316.165771
355		310.885345
356		305.824921
357		312.865509
358		331.347015
359		324.526459
360		311.985443
361		314.625641
362		307.585083
363		311.105347
364		320.346100
365		317.045837
366		307.585083
367		308.905182
368		329.146820
369		321.446198
370		326.506622
371		318.585968
372		323.206360
373		331.567017
374		321.226196
375		325.846558
376		354.228882
377		315.725739
378		324.526459
379		325.846558
380		332.007050
381		337.727539
382		323.646393
383		320.786163
384		329.366852
385		337.287506
386		328.486786
387		343.007965
388		320.566132
389		339.927704
390		350.928619
391		347.628326
392		352.468719
393		340.807770
394		348.068359
395		355.989014
396		358.189209
397		352.028687
398		357.969177
399		357.969177
400		363.909668
401		371.390259
402		381.511108
403		356.869080
404		377.770782
405		387.671600
406		391.631927
407		350.928619
408		332.667114
409		336.407410
410		319.466034
411		315.725739
412		323.646393
413		316.825836
414		323.866394
415		334.867310
416		320.786163
417		309.565247
418		300.104462
419		315.065674
420		317.705902
421		309.125183
422		319.026001
423		322.546295
424		306.264954
425		300.764526
426		316.385803
427		295.264069
428		303.624756
429		306.264954
430		311.545410
431		302.524658
432		307.365051
433		322.326263
434		310.225281
435		323.426361
436		304.724854
437		308.905182
438		309.785248
439		299.884430
440		317.265869
441		320.566132
442		305.164886
443		314.185608
444		312.645477
445		316.385803
446		327.386688
447		319.246033
448		333.107147
449		329.806885
450		346.968292
451		339.927704
452		317.705902
453		268.421875
454		262.921417
455		263.361481
456		266.881744
457		247.740189
458		253.460663
459		246.420090
460		240.699615
461		233.439026
462		236.739304
463		230.138763
464		243.559860
465		228.818649
466		222.218109
467		233.659042
468		238.279419
469		230.578796
470		229.478699
471		213.857437
472		228.158600
473		223.538223
474		220.237946
475		232.338943
476		220.898010
477		225.298370
478		204.616684
479		197.136063
480		190.755554
481		193.395767
482		198.896210
483		201.756439
484		196.035980
485		192.735718
486		233.659042
487		1598.430298
488		5790.872070
489		3557.469971
490		475.238739
491		182.834900
492		178.214523
493		175.794327
494		165.453491
495		179.534637
496		198.676193
497		186.355194
498		193.395767
499		189.215424
500		173.814163
501		179.974670
502		159.953033
503		166.333557
504		168.753754
505		152.252411
506		156.212738
507		160.393082
508		169.193787
509		152.032394
510		160.833115
511		159.072968
512		153.352493
513		158.412918
514		164.133377
515		152.912460
516		157.092804
517		159.292984
518		155.992722
519		159.513000
520		150.492264
521		163.473328
522		160.613098
523		153.132477
524		155.332657
525		160.173050
526		158.852951
527		142.131592
528		155.992722
529		157.092804
530		159.513000
531		162.813278
532		165.893524
533		173.154114
534		846.188965
535		5393.299805
536		6704.386719
537		1546.286011
538		186.795227
539		142.131592
540		137.951248
541		155.992722
542		135.751068
543		150.272247
544		140.811478
545		142.351608
546		153.132477
547		144.111740
548		147.412018
549		144.331772
550		146.311920
551		145.651871
552		149.172165
553		155.552673
554		166.773590
555		198.236160
556		165.893524
557		147.412018
558		150.932297
559		156.872787
560		152.032394
561		139.711395
562		142.131592
563		151.372345
564		149.392181
565		157.092804
566		150.492264
567		149.612198
568		152.692444
569		148.952148
570		157.312820
571		154.452591
572		156.652771
573		155.112640
574		152.252411
575		152.252411
576		160.173050
577		146.531937
578		150.932297
579		143.891724
580		152.912460
581		145.431854
582		151.812378
583		140.811478
584		147.852051
585		149.832214
586		150.052231
587		154.892624
588		157.532837
589		145.871887
590		158.192902
591		150.272247
592		143.671707
593		149.392181
594		140.371445
595		154.892624
596		157.312820
597		142.571625
598		152.912460
599		156.652771
600		149.392181
601		147.632034
602		162.593246
603		142.571625
604		144.551788
605		150.052231
606		148.292084
607		149.172165
608		161.493164
609		146.091904
610		142.351608
611		143.451691
612		142.571625
613		143.011658
614		159.733017
615		145.871887
616		155.552673
617		161.273148
618		150.272247
619		149.172165
620		144.551788
621		147.632034
622		149.832214
623		145.651871
624		148.732117
625		144.111740
626		154.672607
627		149.392181
628		143.451691
629		143.011658
630		148.512100
631		151.152313
632		159.953033
633		143.231674
634		152.912460
635		156.432755
636		148.952148
637		155.992722
638		136.411118
639		156.872787
640		159.953033
641		150.052231
642		137.511215
643		147.632034
644		151.592361
645		134.650970
646		148.072067
647		139.491364
648		145.871887
649		144.331772
650		143.671707
651		142.791641
652		141.691544
653		143.011658
654		141.471527
655		142.131592
656		141.031494
657		148.732117
658		147.412018
659		139.491364
660		128.490479
661		139.711395
662		149.832214
663		142.791641
664		140.591461
665		128.270462
666		140.591461
667		139.711395
668		139.931412
669		140.371445
670		144.111740
671		132.450790
672		137.511215
673		144.111740
674		151.812378
675		143.231674
676		139.711395
677		154.012558
678		145.431854
679		140.371445
680		142.791641
681		130.910675
682		157.092804
683		140.811478
684		133.990921
685		135.311035
686		137.951248
687		139.051331
688		136.631134
689		143.231674
690		149.392181
691		134.430954
692		134.870987
693		138.611298
694		150.932297
695		177.774490
696		153.352493
697		137.511215
698		147.412018
699		133.330872
700		142.571625
701		150.272247
702		170.073868
703		233.659042
704		270.182037
705		241.579697
706		180.634720
707		143.231674
708		140.371445
709		149.172165
710		138.831314
711		147.412018
712		139.711395
713		138.831314
714		138.171265
715		141.911560
716		134.650970
717		140.371445
718		149.832214
719		144.551788
720		148.952148
721		143.231674
722		148.512100
723		142.351608
724		135.531052
725		151.152313
726		157.972870
727		149.832214
728		137.951248
729		151.592361
730		157.532837
731		152.252411
732		150.052231
733		155.552673
734		154.232574
735		134.870987
736		148.072067
737		160.833115
738		150.492264
739		144.111740
740		152.032394
741		162.373230
742		181.294785
743		187.235260
744		160.833115
745		154.672607
746		161.273148
747		153.132477
748		150.052231
749		159.733017
750		156.432755
751		161.273148
752		151.812378
753		158.412918
754		149.172165
755		152.252411
756		156.432755
757		157.312820
758		152.472427
759		155.992722
760		175.794327
761		260.501221
762		338.607605
763		236.959320
764		164.793427
765		165.013458
766		158.632935
767		161.713181
768		156.872787
769		164.793427
770		165.013458
771		158.632935
772		161.933197
773		172.494064
774		168.753754
775		174.034180
776		167.213623
777		172.054031
778		164.353394
779		166.993607
780		184.155014
781		173.154114
782		174.034180
783		162.593246
784		169.853851
785		170.293884
786		183.054916
787		173.154114
788		177.114441
789		174.694244
790		179.094604
791		169.193787
792		175.574310
793		181.294785
794		189.875473
795		176.674408
796		189.435440
797		177.334457
798		196.916046
799		184.155014
800		192.955734
801		189.435440
802		209.677094
803		180.414703
804		185.695129
805		190.315506
806		196.916046
807		204.176636
808		194.055817
809		216.057617
810		201.536423
811		201.976471
812		205.496750
813		199.336243
814		220.017929
815		213.417389
816		221.118027
817		208.797012
818		223.978256
819		194.715866
820		182.614883
821		181.074753
822		174.474228
823		172.054031
824		184.155014
825		183.494965
826		186.135178
827		181.734818
828		180.414703
829		178.434540
830		178.214523
831		175.574310
832		177.554474
833		179.534637
834		172.494064
835		159.953033
836		176.454376
837		172.494064
838		164.133377
839		165.453491
840		170.293884
841		164.573410
842		169.853851
843		169.413803
844		157.532837
845		166.993607
846		160.393082
847		162.813278
848		165.893524
849		166.993607
850		152.032394
851		163.473328
852		167.653671
853		170.293884
854		160.833115
855		152.472427
856		157.312820
857		162.153214
858		145.871887
859		162.593246
860		157.532837
861		156.432755
862		148.512100
863		156.872787
864		159.513000
865		153.572525
866		151.592361
867		152.692444
868		150.052231
869		156.432755
870		148.072067
871		168.093704
872		153.572525
873		159.513000
874		153.792542
875		158.412918
876		147.632034
877		126.730331
878		119.469742
879		116.829521
880		127.170364
881		111.329071
882		108.688858
883		128.710495
884		108.908875
885		115.729431
886		109.788948
887		115.949448
888		122.109955
889		124.750168
890		112.429161
891		121.229881
892		114.409325
893		110.449005
894		104.508522
895		106.488678
896		106.048645
897		101.428268
898		109.348915
899		102.088318
900		107.368752
901		103.408432
902		100.988235
903		98.348015
904		101.428268
905		93.287605
906		102.968391
907		117.269562
908		292.403839
909		1112.630737
910		2558.588623
911		3160.117676
912		1943.198364
913		667.974426
914		323.426361
915		359.729309
916		241.579697
917		123.870094
918		92.187515
919		91.087425
920		84.486885
921		86.027016
922		90.647392
923		77.446312
924		84.486885
925		84.926926
926		84.046852
927		87.567139
928		84.486885
929		79.646492
930		80.086525
931		80.526566
932		78.326385
933		80.966599
934		89.987335
935		103.188408
936		112.429161
937		91.307442
938		74.586082
939		76.786263
940		79.866508
941		78.326385
942		68.205559
943		81.186615
944		71.945862
945		77.226295
946		71.505829
947		75.246132
948		78.326385
949		77.226295
950		73.485992
951		70.405739
952		78.766418
953		72.385902
954		75.686172
955		73.265968
956		72.165886
957		71.505829
958		77.886353
959		74.586082
960		76.346222
961		72.165886
962		67.765526
963		69.305649
964		77.666328
965		80.526566
966		151.592361
967		776.883301
968		2248.803223
969		2592.251221
970		1135.292480
971		255.000778
972		78.766418
973		66.665436
974		76.346222
975		70.185722
976		87.127106
977		78.766418
978		74.586082
979		78.766418
980		76.346222
981		78.326385
982		74.366058
983		73.485992
984		72.605919
985		80.746582
986		69.965706
987		77.666328
988		73.926025
989		72.385902
990		74.146042
991		72.385902
992		79.866508
993		73.926025
994		69.965706
995		83.606812
996		84.486885
997		81.626656
998		80.306549
999		77.666328
1000		79.646492
1001		73.485992
1002		75.246132
1003		82.946762
1004		80.086525
1005		75.466148
1006		76.126205
1007		74.806099
1008		74.146042
1009		81.186615
1010		71.945862
1011		82.066689
1012		69.305649
1013		68.425575
1014		74.586082
1015		73.485992
1016		78.986435
1017		73.926025
1018		82.286705
1019		77.006279
1020		76.786263
1021		77.226295
1022		73.926025
1023		73.926025
1024		82.726746
1025		72.385902
1026		77.446312
1027		73.926025
1028		77.666328
1029		72.385902
1030		71.065796
1031		80.966599
1032		82.726746
1033		71.285812
1034		72.825935
1035		82.066689
1036		71.945862
1037		72.385902
1038		77.446312
1039		75.906189
1040		76.786263
1041		76.566238
1042		74.366058
1043		74.586082
1044		74.146042
1045		69.525665
1046		78.766418
1047		76.126205
1048		79.646492
1049		70.845772
1050		73.045952
1051		71.725845
1052		73.045952
1053		79.866508
1054		71.505829
1055		70.405739
1056		84.046852
1057		69.745682
1058		75.466148
1059		76.346222
1060		73.926025
1061		78.106369
1062		79.866508
1063		76.786263
1064		74.586082
1065		69.745682
1066		78.106369
1067		75.246132
1068		74.366058
1069		65.345329
1070		69.745682
1071		75.686172
1072		77.006279
1073		77.006279
1074		73.265968
1075		75.686172
1076		72.605919
1077		76.786263
1078		69.745682
1079		71.065796
1080		75.246132
1081		69.965706
1082		73.706009
1083		75.686172
1084		81.406639
1085		62.265076
1086		66.005379
1087		63.805202
1088		67.105469
1089		70.405739
1090		61.605022
1091		62.925129
1092		61.825039
1093		65.785362
1094		62.705112
1095		64.905289
1096		68.865616
1097		61.605022
1098		68.205559
1099		60.724949
1100		65.785362
1101		64.685272
1102		62.485092
1103		63.145145
1104		60.064896
1105		68.645592
1106		64.685272
1107		68.865616
1108		63.585182
1109		60.724949
1110		59.184826
1111		58.964806
1112		60.504932
1113		69.745682
1114		59.844879
1115		58.304752
1116		64.905289
1117		73.045952
1118		71.505829
1119		69.745682
1120		69.085632
1121		62.045059
1122		65.785362
1123		53.024323
1124		57.204662
1125		63.145145
1126		62.925129
1127		64.685272
1128		63.805202
1129		64.905289
1130		57.864716
1131		67.325485
1132		64.025215
1133		62.045059
1134		64.465256
1135		64.685272
1136		61.164986
1137		59.184826
1138		63.805202
1139		57.204662
1140		71.945862
1141		115.949448
1142		168.533737
1143		164.793427
1144		106.708694
1145		74.806099
1146		59.404842
1147		66.445419
1148		60.944969
1149		60.724949
1150		64.465256
1151		63.365166
1152		63.365166
1153		68.425575
1154		61.605022
1155		66.885452
1156		63.145145
1157		61.605022
1158		58.964806
1159		61.385002
1160		60.944969
1161		62.485092
1162		60.284912
1163		59.844879
1164		59.844879
1165		53.684376
1166		57.864716
1167		60.504932
1168		61.605022
1169		59.184826
1170		58.964806
1171		63.145145
1172		59.624859
1173		67.545509
1174		61.605022
1175		71.285812
1176		68.425575
1177		67.105469
1178		55.224503
1179		63.585182
1180		59.624859
1181		61.164986
1182		61.605022
1183		58.524769
1184		59.184826
1185		61.385002
1186		60.064896
1187		67.105469
1188		69.965706
1189		73.485992
1190		68.425575
1191		60.284912
1192		63.145145
1193		65.565346
1194		67.765526
1195		58.964806
1196		62.485092
1197		61.605022
1198		60.504932
1199		67.325485
1200		61.385002
1201		59.404842
1202		69.745682
1203		72.605919
1204		60.944969
1205		70.185722
1206		62.265076
1207		68.645592
1208		66.225395
1209		63.365166
1210		64.685272
1211		64.905289
1212		56.104572
1213		67.325485
1214		67.985542
1215		64.905289
1216		64.465256
1217		69.745682
1218		61.605022
1219		67.765526
1220		61.605022
1221		67.325485
1222		60.064896
1223		63.805202
1224		67.325485
1225		65.565346
1226		65.785362
1227		59.844879
1228		67.765526
1229		69.965706
1230		62.045059
1231		63.585182
1232		63.145145
1233		65.125305
1234		62.265076
1235		67.765526
1236		69.745682
1237		69.965706
1238		66.885452
1239		66.885452
1240		65.785362
1241		66.445419
1242		73.485992
1243		69.745682
1244		65.125305
1245		72.165886
1246		67.985542
1247		61.825039
1248		65.125305
1249		74.146042
1250		65.125305
1251		71.725845
1252		64.465256
1253		65.345329
1254		68.645592
1255		61.825039
1256		63.365166
1257		56.984646
1258		58.084736
1259		55.664536
1260		54.124413
1261		58.084736
1262		53.244339
1263		56.984646
1264		60.724949
1265		49.724052
1266		55.664536
1267		54.344429
1268		49.724052
1269		53.024323
1270		52.364269
1271		48.843983
1272		49.284016
1273		58.084736
1274		49.724052
1275		45.983749
1276		47.083839
1277		50.604126
1278		46.863819
1279		49.284016
1280		48.623962
1281		52.144249
1282		45.543713
1283		48.183929
1284		39.603230
1285		48.403946
1286		41.143353
1287		51.044159
1288		65.125305
1289		117.489578
1290		165.013458
1291		137.951248
1292		82.946762
1293		51.044159
1294		42.903496
1295		37.843086
1296		40.263283
1297		40.043262
1298		39.603230
1299		45.103676
1300		37.843086
1301		40.703320
1302		44.663639
1303		38.503139
1304		36.082943
1305		30.362474
1306		31.902601
1307		35.202869
1308		36.522976
1309		32.782673
1310		33.002689
1311		34.322796
1312		33.882763
1313		30.142456
1314		25.082045
1315		28.822350
1316		33.002689
1317		27.502241
1318		27.722260
1319		24.421991
1320		29.702421
1321		24.862026
1322		31.022530
1323		35.642906
1324		26.842188
1325		28.382313
1326		25.082045
1327		22.661848
1328		27.502241
1329		27.502241
1330		25.742098
1331		24.642008
1332		26.622169
1333		25.302063
1334		33.002689
1335		41.143353
1336		86.687065
1337		172.054031
1338		185.035080
1339		113.749275
1340		47.303856
1341		24.421991
1342		27.062206
1343		24.201973
1344		19.801615
1345		28.822350
1346		68.645592
1347		218.037766
1348		504.061096
1349		748.501038
1350		603.949219
1351		278.982727
1352		84.046852
1353		30.142456
1354		19.141560
1355		24.421991
1356		21.121721
1357		26.402153
1358		21.781776
1359		23.541920
1360		21.341740
1361		33.882763
1362		28.822350
1363		30.802511
1364		25.962116
1365		23.761936
1366		23.541920
1367		22.881865
1368		24.421991
1369		18.921543
1370		20.241650
1371		17.161398
1372		22.661848
1373		20.021631
1374		21.561758
1375		21.561758
1376		17.161398
1377		19.141560
1378		22.661848
1379		19.801615
1380		20.901703
1381		20.901703
1382		20.681686
1383		20.241650
1384		20.461668
1385		21.341740
1386		18.261488
1387		19.361578
1388		16.281326
1389		22.221811
1390		18.921543
1391		23.541920
1392		23.101883
1393		35.642906
1394		86.027016
1395		132.450790
1396		128.710495
1397		78.986435
1398		36.742996
1399		21.561758
1400		19.361578
1401		18.701525
1402		17.161398
1403		16.501345
1404		19.801615
1405		20.681686
1406		19.801615
1407		23.541920
1408		18.921543
1409		18.261488
1410		16.721363
1411		19.801615
1412		20.461668
1413		19.581596
1414		17.821453
1415		23.101883
1416		22.881865
1417		19.141560
1418		22.881865
1419		17.821453
1420		21.781776
1421		18.041471
1422		18.041471
1423		19.141560
1424		18.921543
1425		16.061310
1426		21.121721
1427		18.921543
1428		25.522079
1429		17.601435
1430		20.681686
1431		20.241650
1432		20.021631
1433		22.441830
1434		17.601435
1435		23.541920
1436		19.801615
1437		20.901703
1438		18.701525
1439		20.241650
1440		16.721363
1441		23.761936
1442		22.001793
1443		18.481506
1444		17.821453
1445		19.361578
1446		23.321901
1447		16.061310
1448		19.801615
1449		17.381416
1450		15.401256
1451		16.501345
1452		19.581596
1453		13.861130
1454		18.921543
1455		18.921543
1456		15.401256
1457		19.581596
1458		20.241650
1459		18.701525
1460		20.461668
1461		17.601435
1462		17.381416
1463		19.361578
1464		19.581596
1465		19.361578
1466		18.261488
1467		19.801615
1468		20.241650
1469		18.481506
1470		17.381416
1471		19.801615
1472		16.721363
1473		16.941381
1474		16.941381
1475		21.121721
1476		16.061310
1477		18.481506
1478		17.821453
1479		20.241650
1480		22.221811
1481		18.701525
1482		14.741201
1483		18.701525
1484		14.741201
1485		17.821453
1486		17.381416
1487		14.961220
1488		17.821453
1489		16.941381
1490		14.961220
1491		19.801615
1492		17.161398
1493		17.381416
1494		19.581596
1495		18.261488
1496		16.721363
1497		20.461668
1498		18.041471
1499		19.361578
1500		17.601435
1501		18.041471
1502		16.501345
1503		20.901703
1504		20.241650
1505		18.921543
1506		19.581596
1507		21.341740
1508		16.061310
1509		22.221811
1510		19.801615
1511		19.581596
1512		16.941381
1513		14.081148
1514		15.621273
1515		14.741201
1516		14.741201
1517		16.281326
1518		12.321004
1519		14.301166
1520		14.741201
1521		14.961220
1522		17.601435
1523		16.281326
1524		13.641112
1525		13.861130
1526		16.941381
1527		17.161398
1528		14.081148
1529		14.301166
1530		17.161398
1531		14.521184
1532		16.281326
1533		14.301166
1534		14.741201
1535		18.261488
1536		15.621273
1537		15.401256
1538		14.521184
1539		13.641112
1540		15.841291
1541		14.741201
1542		16.501345
1543		16.061310
1544		15.181237
1545		14.301166
1546		14.081148
1547		16.061310
1548		15.181237
1549		12.321004
1550		15.401256
1551		14.081148
1552		14.961220
1553		16.721363
1554		16.941381
1555		20.681686
1556		16.941381
1557		15.401256
1558		16.941381
1559		18.481506
1560		15.621273
1561		16.721363
1562		15.181237
1563		15.181237
1564		22.221811
1565		21.121721
1566		25.522079
1567		42.683479
1568		54.564449
1569		60.064896
1570		41.583389
1571		28.162296
1572		21.341740
1573		17.821453
1574		15.621273
1575		16.941381
1576		18.041471
1577		18.261488
1578		15.621273
1579		13.641112
1580		15.401256
1581		14.741201
1582		13.421094
1583		17.821453
1584		18.701525
1585		13.861130
1586		17.161398
1587		13.641112
1588		13.641112
1589		13.641112
1590		17.161398
1591		15.841291
1592		11.660951
1593		16.501345
1594		14.521184
1595		15.841291
1596		16.941381
1597		18.701525
1598		14.961220
1599		16.061310
1600		13.641112
1601		19.801615
1602		16.501345
1603		16.061310
1604		15.401256
1605		16.061310
1606		15.181237
1607		14.521184
1608		14.081148
1609		16.721363
1610		15.401256
1611		17.821453
1612		15.181237
1613		14.961220
1614		14.521184
1615		13.861130
1616		16.501345
1617		12.981058
1618		15.841291
1619		15.841291
1620		14.301166
1621		13.641112
1622		16.721363
1623		16.721363
1624		17.381416
1625		20.021631
1626		16.281326
1627		16.281326
1628		15.401256
1629		14.301166
1630		15.841291
1631		19.141560
1632		14.741201
1633		14.961220
1634		15.841291
1635		15.401256
1636		16.721363
1637		13.861130
1638		16.501345
1639		15.401256
1640		15.181237
1641		15.181237
1642		14.521184
1643		14.741201
1644		13.861130
1645		13.421094
1646		15.621273
1647		17.821453
1648		13.421094
1649		16.501345
1650		12.981058
1651		14.301166
1652		15.401256
1653		15.181237
1654		15.181237
1655		19.141560
1656		13.861130
1657		16.501345
1658		19.141560
1659		18.481506
1660		14.961220
1661		19.581596
1662		20.241650
1663		17.821453
1664		16.721363
1665		18.481506
1666		13.201077
1667		14.521184
1668		16.281326
1669		19.361578
1670		16.501345
1671		17.601435
1672		18.261488
1673		17.601435
1674		18.481506
1675		17.601435
1676		16.941381
1677		17.601435
1678		16.061310
1679		14.301166
1680		16.281326
1681		11.220915
1682		15.181237
1683		11.880968
1684		14.081148
1685		16.501345
1686		12.541022
1687		12.981058
1688		13.201077
1689		12.761040
1690		12.321004
1691		16.061310
1692		14.961220
1693		16.281326
1694		14.521184
1695		13.861130
1696		13.421094
1697		11.660951
1698		16.501345
1699		11.000896
1700		13.201077
1701		13.421094
1702		13.421094
1703		12.981058
1704		11.880968
1705		9.900807
1706		12.981058
1707		10.560861
1708		10.120825
1709		11.660951
1710		12.981058
1711		10.120825
1712		7.040574
1713		9.900807
1714		14.521184
1715		11.660951
1716		12.761040
1717		14.741201
1718		12.981058
1719		11.880968
1720		8.580699
1721		11.660951
1722		8.360682
1723		7.480610
1724		10.120825
1725		6.380520
1726		9.240753
1727		6.820556
1728		7.700628
1729		6.600538
1730		7.480610
1731		5.280430
1732		5.720466
1733		6.820556
1734		4.840394
1735		5.500448
1736		6.160502
1737		8.580699
1738		6.820556
1739		7.040574
1740		5.940484
1741		6.820556
1742		6.380520
1743		8.580699
1744		4.840394
1745		5.060412
1746		5.720466
1747		6.600538
1748		6.820556
1749		5.720466
1750		5.720466
1751		7.040574
1752		5.280430
1753		4.620377
1754		6.160502
1755		5.940484
1756		7.260592
1757		5.720466
1758		7.260592
1759		4.620377
1760		5.500448
1761		5.060412
1762		6.160502
1763		7.260592
1764		5.280430
1765		5.720466
1766		5.500448
1767		9.020736
1768		20.901703
1769		34.762833
1770		60.944969
1771		66.665436
1772		56.544609
1773		64.025215
1774		104.508522
1775		145.871887
1776		143.671707
1777		87.127106
1778		40.703320
1779		16.061310
1780		4.180341
1781		5.280430
1782		3.960323
1783		4.620377
1784		5.720466
1785		3.300269
1786		3.520287
1787		4.180341
1788		5.500448
1789		2.860233
1790		5.280430
1791		3.740305
1792		3.740305
1793		3.080251
1794		4.400359
1795		6.160502
1796		4.840394
1797		4.620377
1798		4.620377
1799		4.620377
1800		5.280430
1801		3.740305
1802		4.400359
1803		4.620377
1804		3.740305
1805		3.740305
1806		5.280430
1807		5.500448
1808		4.180341
1809		4.400359
1810		5.060412
1811		4.400359
1812		4.840394
1813		3.300269
1814		4.180341
1815		5.720466
1816		4.840394
1817		6.820556
1818		4.180341
1819		3.300269
1820		3.520287
1821		4.400359
1822		5.940484
1823		3.300269
1824		4.840394
1825		4.840394
1826		5.500448
1827		3.960323
1828		3.740305
1829		5.720466
1830		3.740305
1831		5.060412
1832		3.740305
1833		4.400359
1834		5.940484
1835		2.640215
1836		6.820556
1837		4.400359
1838		6.160502
1839		4.180341
1840		3.960323
1841		2.200179
1842		3.300269
1843		4.620377
1844		3.960323
1845		4.620377
1846		5.060412
1847		3.960323
1848		5.500448
1849		3.300269
1850		3.740305
1851		3.740305
1852		4.620377
1853		4.620377
1854		3.520287
1855		3.960323
1856		4.840394
1857		4.620377
1858		4.400359
1859		3.300269
1860		4.180341
1861		4.840394
1862		5.720466
1863		5.500448
1864		4.620377
1865		2.860233
1866		3.300269
1867		2.200179
1868		3.960323
1869		5.500448
1870		3.960323
1871		5.280430
1872		5.720466
1873		3.740305
1874		5.280430
1875		7.480610
1876		5.500448
1877		3.520287
1878		4.400359
1879		3.960323
1880		5.500448
1881		4.840394
1882		2.860233
1883		3.300269
1884		3.520287
1885		3.960323
1886		3.960323
1887		5.500448
1888		3.960323
1889		4.400359
1890		3.740305
1891		4.400359
1892		3.300269
1893		3.300269
1894		3.520287
1895		3.520287
1896		4.840394
1897		4.400359
1898		3.300269
1899		4.400359
1900		4.620377
1901		4.400359
1902		2.640215
1903		5.060412
1904		3.740305
1905		3.520287
1906		3.740305
1907		3.080251
1908		5.280430
1909		3.300269
1910		3.080251
1911		5.280430
1912		3.300269
1913		4.620377
1914		2.420197
1915		3.300269
1916		3.300269
1917		3.740305
1918		2.420197
1919		3.080251
1920		2.860233
1921		4.180341
1922		2.420197
1923		4.400359
1924		2.860233
1925		4.400359
1926		4.400359
1927		4.400359
1928		3.080251
1929		3.960323
1930		2.200179
1931		4.620377
1932		4.400359
1933		3.960323
1934		3.080251
1935		3.300269
1936		4.180341
1937		3.300269
1938		5.280430
1939		2.860233
1940		3.080251
1941		3.520287
1942		5.280430
1943		6.160502
1944		7.260592
1945		6.820556
1946		4.840394
1947		3.080251
1948		2.640215
1949		4.620377
1950		3.080251
1951		3.960323
1952		4.400359
1953		3.960323
1954		2.640215
1955		3.740305
1956		1.980161
1957		2.420197
1958		3.740305
1959		4.400359
1960		4.400359
1961		1.980161
1962		3.520287
1963		4.180341
1964		2.420197
1965		2.420197
1966		2.200179
1967		3.300269
1968		3.300269
1969		3.960323
1970		3.960323
1971		3.520287
1972		3.080251
1973		2.640215
1974		4.840394
1975		3.080251
1976		3.960323
1977		3.740305
1978		2.420197
1979		2.420197
1980		3.960323
1981		3.520287
1982		2.200179
1983		2.640215
1984		3.960323
1985		2.640215
1986		4.180341
1987		3.300269
1988		2.860233
1989		3.080251
1990		3.520287
1991		1.980161
1992		3.300269
1993		4.400359
1994		2.640215
1995		1.760144
1996		3.300269
1997		3.520287
1998		2.860233
1999		2.860233
2000		3.520287
2001		2.640215
2002		3.080251
2003		2.640215
2004		1.760144
2005		3.080251
2006		2.640215
2007		3.300269
2008		1.980161
2009		2.860233
2010		2.200179
2011		3.080251
2012		2.640215
2013		4.400359
2014		3.300269
2015		2.860233
2016		5.060412
2017		2.640215
2018		3.300269
2019		3.520287
2020		3.520287
2021		5.060412
2022		3.080251
2023		3.520287
2024		4.840394
2025		2.200179
2026		3.080251
2027		1.980161
2028		3.740305
2029		3.080251
2030		2.860233
2031		2.860233
2032		1.760144
2033		3.080251
2034		3.740305
2035		2.860233
2036		3.080251
2037		3.520287
2038		3.740305
2039		3.080251
2040		4.180341
2041		2.640215
2042		3.520287
2043		3.300269
2044		3.960323
2045		2.420197
2046		3.080251
2047		3.300269
2048		2.420197
2049		1.980161
2050		2.200179
2051		3.300269
2052		2.860233
2053		1.100090
2054		2.860233
2055		2.420197
2056		5.060412
2057		3.080251
2058		2.200179
2059		3.740305
2060		3.300269
2061		2.640215
2062		2.860233
2063		3.080251
2064		3.080251
2065		2.640215
2066		3.740305
2067		2.860233
2068		2.200179
2069		3.300269
2070		2.420197
2071		2.860233
2072		3.740305
2073		1.320108
2074		2.860233
2075		2.200179
2076		3.740305
2077		2.640215
2078		2.420197
2079		2.420197
2080		3.520287
2081		1.540125
2082		2.640215
2083		1.760144
2084		2.640215
2085		3.520287
2086		1.320108
2087		1.540125
2088		1.540125
2089		3.300269
2090		1.760144
2091		1.540125
2092		1.540125
2093		2.200179
2094		0.880072
2095		2.640215
2096		1.980161
2097		1.320108
2098		1.980161
2099		1.100090
2100		1.320108
2101		1.320108
2102		1.540125
2103		1.100090
2104		1.760144
2105		2.420197
2106		1.100090
2107		1.760144
2108		2.420197
2109		1.980161
2110		1.980161
2111		1.540125
2112		0.880072
2113		1.100090
2114		1.100090
2115		0.880072
2116		0.880072
2117		1.980161
2118		0.880072
2119		1.320108
2120		1.540125
2121		1.100090
2122		0.440036
2123		1.980161
2124		1.320108
2125		1.320108
2126		2.200179
2127		0.660054
2128		1.320108
2129		1.100090
2130		0.660054
2131		0.440036
2132		0.660054
2133		1.980161
2134		1.980161
2135		0.880072
2136		0.880072
2137		0.880072
2138		1.320108
2139		1.540125
2140		0.220018
2141		0.440036
2142		0.880072
2143		2.640215
2144		1.320108
2145		1.980161
2146		1.320108
2147		3.300269
2148		4.620377
2149		10.120825
2150		17.601435
2151		21.781776
2152		17.601435
2153		11.440932
2154		6.600538
2155		3.960323
2156		1.760144
2157		0.440036
2158		0.660054
2159		1.320108
2160		1.760144
2161		1.320108
2162		1.760144
2163		0.880072
2164		0.660054
2165		1.320108
2166		0.220018
2167		0.880072
2168		0.440036
2169		0.880072
2170		1.320108
2171		1.100090
2172		1.320108
2173		0.660054
2174		0.660054
2175		1.100090
2176		0.660054
2177		0.880072
2178		0.880072
2179		1.320108
2180		1.320108
2181		1.320108
2182		1.320108
2183		1.320108
2184		0.660054
2185		1.100090
2186		0.000000
2187		0.660054
2188		1.320108
2189		0.440036
2190		0.440036
2191		1.100090
2192		0.880072
2193		0.880072
2194		1.540125
2195		2.200179
2196		1.100090
2197		5.500448
2198		3.520287
2199		3.740305
2200		1.540125
2201		0.880072
2202		1.100090
2203		0.880072
2204		1.320108
2205		0.660054
2206		0.880072
2207		1.320108
2208		0.660054
2209		0.440036
2210		0.880072
2211		0.880072
2212		1.100090
2213		1.100090
2214		0.660054
2215		1.100090
2216		0.440036
2217		0.440036
2218		0.440036
2219		0.880072
2220		0.660054
2221		0.660054
2222		1.320108
2223		1.320108
2224		0.880072
2225		0.440036
2226		0.220018
2227		0.880072
2228		0.220018
2229		0.220018
2230		0.660054
2231		1.100090
2232		0.220018
2233		0.660054
2234		0.000000
2235		0.440036
2236		0.880072
2237		0.440036
2238		1.540125
2239		0.440036
2240		0.000000
2241		1.100090
2242		1.100090
2243		0.880072
2244		0.220018
2245		0.660054
2246		0.660054
2247		0.440036
2248		0.440036
2249		0.660054
2250		1.100090
2251		0.660054
2252		0.220018
2253		1.760144
2254		0.220018
2255		0.000000
2256		0.660054
2257		0.660054
2258		0.660054
2259		0.220018
2260		0.220018
2261		1.100090
2262		0.880072
2263		0.440036
2264		0.440036
2265		1.320108
2266		0.440036
2267		1.320108
2268		1.320108
2269		0.220018
2270		0.220018
2271		0.880072
2272		0.880072
2273		1.100090
2274		1.320108
2275		0.660054
2276		0.440036
2277		0.660054
2278		1.760144
2279		0.440036
2280		0.000000
2281		0.440036
2282		0.440036
2283		0.440036
2284		0.440036
2285		1.320108
2286		0.660054
2287		1.320108
2288		1.760144
2289		0.880072
2290		0.880072
2291		0.220018
2292		0.440036
2293		0.220018
2294		0.220018
2295		0.660054
2296		0.220018
2297		0.880072
2298		0.220018
2299		0.660054
2300		1.100090
2301		0.880072
2302		0.220018
2303		0.220018
2304		0.220018
2305		0.220018
2306		0.220018
2307		0.440036
2308		0.440036
2309		0.660054
2310		0.440036
2311		0.440036
2312		0.220018
2313		0.000000
2314		0.440036
2315		0.220018
2316		1.100090
2317		0.660054
2318		0.660054
2319		0.660054
2320		0.440036
2321		0.440036
2322		0.220018
2323		0.660054
2324		0.880072
2325		1.320108
2326		0.440036
2327		0.660054
2328		0.880072
2329		0.440036
2330		0.880072
2331		0.220018
2332		0.660054
2333		0.440036
2334		0.660054
2335		0.880072
2336		0.660054
2337		1.100090
2338		0.660054
2339		0.660054
2340		0.440036
2341		0.440036
2342		0.440036
2343		0.220018
2344		0.440036
2345		0.660054
2346		0.660054
2347		0.440036
2348		0.660054
2349		0.660054
2350		0.220018
2351		0.660054
2352		0.660054
2353		1.100090
2354		0.880072
2355		0.440036
2356		0.440036
2357		0.660054
2358		0.440036
2359		0.440036
2360		0.440036
2361		0.000000
2362		0.220018
2363		0.660054
2364		0.660054
2365		0.660054
2366		0.440036
2367		0.220018
2368		0.660054
2369		0.660054
2370		0.660054
2371		1.760144
2372		1.320108
2373		0.880072
2374		0.220018
2375		1.100090
2376		0.220018
2377		0.000000
2378		0.880072
2379		0.440036
2380		0.000000
2381		1.100090
2382		0.880072
2383		0.880072
2384		1.100090
2385		0.220018
2386		0.660054
2387		0.220018
2388		0.220018
2389		0.660054
2390		0.220018
2391		0.440036
2392		0.440036
2393		0.440036
2394		0.880072
2395		0.440036
2396		0.440036
2397		0.000000
2398		0.440036
2399		0.880072
2400		0.440036
2401		0.440036
2402		0.660054
2403		0.000000
2404		0.660054
2405		0.880072
2406		0.220018
2407		0.660054
2408		0.000000
2409		0.220018
2410		0.880072
2411		0.440036
2412		0.220018
2413		0.000000
2414		0.220018
2415		0.660054
2416		0.000000
2417		1.100090
2418		0.440036
2419		0.440036
2420		0.220018
2421		0.880072
2422		0.440036
2423		0.220018
2424		0.220018
2425		0.440036
2426		1.100090
2427		0.880072
2428		0.660054
2429		0.440036
2430		1.100090
2431		0.220018
2432		0.660054
2433		0.000000
2434		0.220018
2435		0.440036
2436		0.220018
2437		0.660054
2438		0.440036
2439		0.660054
2440		0.220018
2441		0.440036
2442		0.000000
2443		0.220018
2444		0.660054
2445		0.220018
2446		0.220018
2447		1.100090
2448		1.100090
2449		0.660054
2450		0.880072
2451		0.440036
2452		1.100090
2453		0.440036
2454		0.220018
2455		0.880072
2456		0.440036
2457		0.880072
2458		0.660054
2459		0.440036
2460		0.000000
2461		1.100090
2462		0.440036
2463		0.440036
2464		0.660054
2465		0.440036
2466		0.660054
2467		0.440036
2468		0.660054
2469		0.440036
2470		0.000000
2471		0.220018
2472		0.220018
2473		0.220018
2474		0.660054
2475		0.000000
2476		0.220018
2477		0.880072
2478		0.440036
2479		0.660054
2480		0.440036
2481		0.220018
2482		0.000000
2483		0.220018
2484		0.440036
2485		0.880072
2486		0.660054
2487		0.440036
2488		0.440036
2489		0.880072
2490		0.220018
2491		0.220018
2492		0.440036
2493		0.660054
2494		0.000000
2495		0.220018
2496		0.000000
2497		0.220018
2498		0.000000
2499		0.660054
2500		0.000000
2501		0.000000
2502		0.440036
2503		0.220018
2504		0.220018
2505		0.440036
2506		0.000000
2507		0.440036
2508		0.000000
2509		0.220018
2510		0.000000
2511		0.440036
2512		1.100090
2513		0.880072
2514		1.100090
2515		0.220018
2516		0.000000
2517		0.000000
2518		0.000000
2519		0.440036
2520		0.440036
2521		0.220018
2522		0.220018
2523		0.440036
2524		0.440036
2525		0.000000
2526		0.000000
2527		0.000000
2528		0.000000
2529		0.000000
2530		0.440036
2531		0.000000
2532		0.000000
2533		0.000000
2534		0.000000
2535		0.220018
2536		0.220018
2537		0.000000
2538		0.000000
2539		0.000000
2540		0.000000
2541		0.000000
2542		0.000000
2543		0.220018
2544		0.440036
2545		0.440036
2546		0.000000
2547		0.000000
2548		0.440036
2549		0.000000
2550		0.000000
2551		0.000000
2552		0.000000
2553		0.000000
2554		0.000000
2555		0.000000
2556		0.000000
2557		0.000000
2558		0.000000
2559		0.220018
2560		0.000000
2561		0.220018
2562		0.000000
2563		0.000000
2564		0.000000
2565		0.220018
2566		0.000000
2567		0.000000
2568		0.000000
2569		0.000000
2570		0.000000
2571		0.440036
2572		0.000000
2573		0.660054
2574		0.440036
2575		1.760144
2576		3.520287
2577		6.380520
2578		4.180341
2579		2.640215
2580		1.320108
2581		0.440036
2582		0.220018
2583		0.000000
2584		0.000000
2585		0.000000
2586		0.000000
2587		0.000000
2588		0.000000
2589		0.000000
2590		0.000000
2591		0.000000
2592		0.000000
2593		0.000000
2594		0.000000
2595		0.000000
2596		0.000000
2597		0.000000
2598		0.000000
2599		0.000000
2600		0.000000
2601		0.000000
2602		0.000000
2603		0.000000
2604		0.000000
2605		0.000000
2606		0.000000
2607		0.000000
2608		0.000000
2609		0.000000
2610		0.000000
2611		0.000000
2612		0.000000
2613		0.000000
2614		0.000000
2615		0.000000
2616		0.000000
2617		0.000000
2618		0.000000
2619		0.000000
2620		0.000000
2621		0.000000
2622		0.000000
2623		0.000000
2624		0.000000
2625		0.000000
2626		0.000000
2627		0.000000
2628		0.000000
2629		0.000000
2630		0.000000
2631		0.000000
2632		0.000000
2633		0.000000
2634		0.000000
2635		0.000000
2636		0.000000
2637		0.000000
2638		0.000000
2639		0.000000
2640		0.000000
2641		0.000000
2642		0.000000
2643		0.000000
2644		0.000000
2645		0.000000
2646		0.000000
2647		0.000000
2648		0.000000
2649		0.000000
2650		0.000000
2651		0.000000
2652		0.000000
2653		0.000000
2654		0.000000
2655		0.000000
2656		0.000000
2657		0.000000
2658		0.000000
2659		0.000000
2660		0.000000
2661		0.000000
2662		0.000000
2663		0.000000
2664		0.000000
2665		0.000000
2666		0.000000
2667		0.000000
2668		0.000000
2669		0.000000
2670		0.000000
2671		0.000000
2672		0.000000
2673		0.000000
2674		0.000000
2675		0.000000
2676		0.000000
2677		0.000000
2678		0.000000
2679		0.000000
2680		0.000000
2681		0.000000
2682		0.000000
2683		0.000000
2684		0.000000
2685		0.000000
2686		0.000000
2687		0.000000
2688		0.000000
2689		0.000000
2690		0.000000
2691		0.000000
2692		0.000000
2693		0.000000
2694		0.000000
2695		0.000000
2696		0.000000
2697		0.000000
2698		0.000000
2699		0.000000
2700		0.000000
2701		0.000000
2702		0.000000
2703		0.000000
2704		0.000000
2705		0.000000
2706		0.000000
2707		0.000000
2708		0.000000
2709		0.000000
2710		0.000000
2711		0.000000
2712		0.000000
2713		0.000000
2714		0.000000
2715		0.000000
2716		0.000000
2717		0.000000
2718		0.000000
2719		0.000000
2720		0.000000
2721		0.000000
2722		0.000000
2723		0.000000
2724		0.000000
2725		0.000000
2726		0.000000
2727		0.000000
2728		0.000000
2729		0.000000
2730		0.000000
2731		0.000000
2732		0.000000
2733		0.000000
2734		0.000000
2735		0.000000
2736		0.000000
2737		0.000000
2738		0.000000
2739		0.000000
2740		0.000000
2741		0.000000
2742		0.000000
2743		0.000000
2744		0.000000
2745		0.000000
2746		0.000000
2747		0.000000
2748		0.000000
2749		0.000000
2750		0.000000
2751		0.000000
2752		0.000000
2753		0.000000
2754		0.000000
2755		0.000000
2756		0.000000
2757		0.000000
2758		0.000000
2759		0.000000
2760		0.000000
2761		0.000000
2762		0.000000
2763		0.000000
2764		0.000000
2765		0.000000
2766		0.000000
2767		0.000000
2768		0.000000
2769		0.000000
2770		0.000000
2771		0.000000
2772		0.000000
2773		0.000000
2774		0.000000
2775		0.000000
2776		0.000000
2777		0.000000
2778		0.000000
2779		0.000000
2780		0.000000
2781		0.000000
2782		0.000000
2783		0.000000
2784		0.000000
2785		0.000000
2786		0.000000
2787		0.000000
2788		0.000000
2789		0.000000
2790		0.000000
2791		0.000000
2792		0.000000
2793		0.000000
2794		0.000000
2795		0.000000
2796		0.000000
2797		0.000000
2798		0.000000
2799		0.000000
2800		0.000000
2801		0.000000
2802		0.000000
2803		0.000000
2804		0.000000
2805		0.000000
2806		0.000000
2807		0.000000
2808		0.000000
2809		0.000000
2810		0.000000
2811		0.000000
2812		0.000000
2813		0.000000
2814		0.000000
2815		0.000000
2816		0.000000
2817		0.000000
2818		0.000000
2819		0.000000
2820		0.000000
2821		0.000000
2822		0.000000
2823		0.000000
2824		0.000000
2825		0.000000
2826		0.000000
2827		0.000000
2828		0.000000
2829		0.000000
2830		0.000000
2831		0.000000
2832		0.000000
2833		0.000000
2834		0.000000
2835		0.000000
2836		0.000000
2837		0.000000
2838		0.000000
2839		0.000000
2840		0.000000
2841		0.000000
2842		0.000000
2843		0.000000
2844		0.000000
2845		0.000000
2846		0.000000
2847		0.000000
2848		0.000000
2849		0.000000
2850		0.000000
2851		0.000000
2852		0.000000
2853		0.000000
2854		0.000000
2855		0.000000
2856		0.000000
2857		0.000000
2858		0.000000
2859		0.000000
2860		0.000000
2861		0.000000
2862		0.000000
2863		0.000000
2864		0.000000
2865		0.000000
2866		0.000000
2867		0.000000
2868		0.000000
2869		0.000000
2870		0.000000
2871		0.000000
2872		0.000000
2873		0.000000
2874		0.000000
2875		0.000000
2876		0.000000
2877		0.000000
2878		0.000000
2879		0.000000
2880		0.000000
2881		0.000000
2882		0.000000
2883		0.000000
2884		0.000000
2885		0.000000
2886		0.000000
2887		0.000000
2888		0.000000
2889		0.000000
2890		0.000000
2891		0.000000
2892		0.000000
2893		0.000000
2894		0.000000
2895		0.000000
2896		0.000000
2897		0.000000
2898		0.000000
2899		0.000000
2900		0.000000
2901		0.000000
2902		0.000000
2903		0.000000
2904		0.000000
2905		0.000000
2906		0.000000
2907		0.000000
2908		0.000000
2909		0.000000
2910		0.000000
2911		0.000000
2912		0.000000
2913		0.000000
2914		0.000000
2915		0.000000
2916		0.000000
2917		0.000000
2918		0.000000
2919		0.000000
2920		0.000000
2921		0.000000
2922		0.000000
2923		0.000000
2924		0.000000
2925		0.000000
2926		0.000000
2927		0.000000
2928		0.000000
2929		0.000000
2930		0.000000
2931		0.000000
2932		0.000000
2933		0.000000
2934		0.000000
2935		0.000000
2936		0.000000
2937		0.000000
2938		0.000000
2939		0.000000
2940		0.000000
2941		0.000000
2942		0.000000
2943		0.000000
2944		0.000000
2945		0.000000
2946		0.000000
2947		0.000000
2948		0.000000
2949		0.000000
2950		0.000000
2951		0.000000
2952		0.000000
2953		0.000000
2954		0.000000
2955		0.000000
2956		0.000000
2957		0.000000
2958		0.000000
2959		0.000000
2960		0.000000
2961		0.000000
2962		0.000000
2963		0.000000
2964		0.000000
2965		0.000000
2966		0.000000
2967		0.000000
2968		0.000000
2969		0.000000
2970		0.000000
2971		0.000000
2972		0.000000
2973		0.000000
2974		0.000000
2975		0.000000
2976		0.000000
2977		0.000000
2978		0.000000
2979		0.000000
2980		0.000000
2981		0.000000
2982		0.000000
2983		0.000000
2984		0.000000
2985		0.000000
2986		0.000000
2987		0.000000
2988		0.000000
2989		0.000000
2990		0.000000
2991		0.000000
2992		0.000000
2993		0.000000
2994		0.000000
2995		0.000000
2996		0.000000
2997		0.000000
2998		0.000000
2999		0.000000
3000		0.000000
3001		0.000000
3002		0.000000
3003		0.000000
3004		0.000000
3005		0.000000
3006		0.000000
3007		0.000000
3008		0.000000
3009		0.000000
3010		0.000000
3011		0.000000
3012		0.000000
3013		0.000000
3014		0.000000
3015		0.000000
3016		0.000000
3017		0.000000
3018		0.000000
3019		0.000000
3020		0.000000
3021		0.000000
3022		0.000000
3023		0.000000
3024		0.000000
3025		0.000000
3026		0.000000
3027		0.000000
3028		0.000000
3029		0.000000
3030		0.000000
3031		0.000000
3032		0.000000
3033		0.000000
3034		0.000000
3035		0.000000
3036		0.000000
3037		0.000000
3038		0.000000
3039		0.000000
3040		0.000000
3041		0.000000
3042		0.000000
3043		0.000000
3044		0.000000
3045		0.000000
3046		0.000000
3047		0.000000
3048		0.000000
3049		0.000000
3050		0.000000
3051		0.000000
3052		0.000000
3053		0.000000
3054		0.000000
3055		0.000000
3056		0.000000
3057		0.000000
3058		0.000000
3059		0.000000
3060		0.000000
3061		0.000000
3062		0.000000
3063		0.000000
3064		0.000000
3065		0.000000
3066		0.000000
3067		0.000000
3068		0.000000
3069		0.000000
3070		0.000000
3071		0.000000
3072		0.000000
3073		0.000000
3074		0.000000
3075		0.000000
3076		0.000000
3077		0.000000
3078		0.000000
3079		0.000000
3080		0.000000
3081		0.000000
3082		0.000000
3083		0.000000
3084		0.000000
3085		0.000000
3086		0.000000
3087		0.000000
3088		0.000000
3089		0.000000
3090		0.000000
3091		0.000000
3092		0.000000
3093		0.000000
3094		0.000000
3095		0.000000
3096		0.000000
3097		0.000000
3098		0.000000
3099		0.000000
3100		0.000000
3101		0.000000
3102		0.000000
3103		0.000000
3104		0.000000
3105		0.000000
3106		0.000000
3107		0.000000
3108		0.000000
3109		0.000000
3110		0.000000
3111		0.000000
3112		0.000000
3113		0.000000
3114		0.000000
3115		0.000000
3116		0.000000
3117		0.000000
3118		0.000000
3119		0.000000
3120		0.000000
3121		0.000000
3122		0.000000
3123		0.000000
3124		0.000000
3125		0.000000
3126		0.000000
3127		0.000000
3128		0.000000
3129		0.000000
3130		0.000000
3131		0.000000
3132		0.000000
3133		0.000000
3134		0.000000
3135		0.000000
3136		0.000000
3137		0.000000
3138		0.000000
3139		0.000000
3140		0.000000
3141		0.000000
3142		0.000000
3143		0.000000
3144		0.000000
3145		0.000000
3146		0.000000
3147		0.000000
3148		0.000000
3149		0.000000
3150		0.000000
3151		0.000000
3152		0.000000
3153		0.000000
3154		0.000000
3155		0.000000
3156		0.000000
3157		0.000000
3158		0.000000
3159		0.000000
3160		0.000000
3161		0.000000
3162		0.000000
3163		0.000000
3164		0.000000
3165		0.000000
3166		0.000000
3167		0.000000
3168		0.000000
3169		0.000000
3170		0.000000
3171		0.000000
3172		0.000000
3173		0.000000
3174		0.000000
3175		0.000000
3176		0.000000
3177		0.000000
3178		0.000000
3179		0.000000
3180		0.000000
3181		0.000000
3182		0.000000
3183		0.000000
3184		0.000000
3185		0.000000
3186		0.000000
3187		0.000000
3188		0.000000
3189		0.000000
3190		0.000000
3191		0.000000
3192		0.000000
3193		0.000000
3194		0.000000
3195		0.000000
3196		0.000000
3197		0.000000
3198		0.000000
3199		0.000000
3200		0.000000
3201		0.000000
3202		0.000000
3203		0.000000
3204		0.000000
3205		0.000000
3206		0.000000
3207		0.000000
3208		0.000000
3209		0.000000
3210		0.000000
3211		0.000000
3212		0.000000
3213		0.000000
3214		0.000000
3215		0.000000
3216		0.000000
3217		0.000000
3218		0.000000
3219		0.000000
3220		0.000000
3221		0.000000
3222		0.000000
3223		0.000000
3224		0.000000
3225		0.000000
3226		0.000000
3227		0.000000
3228		0.000000
3229		0.000000
3230		0.000000
3231		0.000000
3232		0.000000
3233		0.000000
3234		0.000000
3235		0.000000
3236		0.000000
3237		0.000000
3238		0.000000
3239		0.000000
3240		0.000000
3241		0.000000
3242		0.000000
3243		0.000000
3244		0.000000
3245		0.000000
3246		0.000000
3247		0.000000
3248		0.000000
3249		0.000000
3250		0.000000
3251		0.000000
3252		0.000000
3253		0.000000
3254		0.000000
3255		0.000000
3256		0.000000
3257		0.000000
3258		0.000000
3259		0.000000
3260		0.000000
3261		0.000000
3262		0.000000
3263		0.000000
3264		0.000000
3265		0.000000
3266		0.000000
3267		0.000000
3268		0.000000
3269		0.000000
3270		0.000000
3271		0.000000
3272		0.000000
3273		0.000000
3274		0.000000
3275		0.000000
3276		0.000000
3277		0.000000
3278		0.000000
3279		0.000000
3280		0.000000
3281		0.000000
3282		0.000000
3283		0.000000
3284		0.000000
3285		0.000000
3286		0.000000
3287		0.000000
3288		0.000000
3289		0.000000
3290		0.000000
3291		0.000000
3292		0.000000
3293		0.000000
3294		0.000000
3295		0.000000
3296		0.000000
3297		0.000000
3298		0.000000
3299		0.000000
3300		0.000000
3301		0.000000
3302		0.000000
3303		0.000000
3304		0.000000
3305		0.000000
3306		0.000000
3307		0.000000
3308		0.000000
3309		0.000000
3310		0.000000
3311		0.000000
3312		0.000000
3313		0.000000
3314		0.000000
3315		0.000000
3316		0.000000
3317		0.000000
3318		0.000000
3319		0.000000
3320		0.000000
3321		0.000000
3322		0.000000
3323		0.000000
3324		0.000000
3325		0.000000
3326		0.000000
3327		0.000000
3328		0.000000
3329		0.000000
3330		0.000000
3331		0.000000
3332		0.000000
3333		0.000000
3334		0.000000
3335		0.000000
3336		0.000000
3337		0.000000
3338		0.000000
3339		0.000000
3340		0.000000
3341		0.000000
3342		0.000000
3343		0.000000
3344		0.000000
3345		0.000000
3346		0.000000
3347		0.000000
3348		0.000000
3349		0.000000
3350		0.000000
3351		0.000000
3352		0.000000
3353		0.000000
3354		0.000000
3355		0.000000
3356		0.000000
3357		0.000000
3358		0.000000
3359		0.000000
3360		0.000000
3361		0.000000
3362		0.000000
3363		0.000000
3364		0.000000
3365		0.000000
3366		0.000000
3367		0.000000
3368		0.000000
3369		0.000000
3370		0.000000
3371		0.000000
3372		0.000000
3373		0.000000
3374		0.000000
3375		0.000000
3376		0.000000
3377		0.000000
3378		0.000000
3379		0.000000
3380		0.000000
3381		0.000000
3382		0.000000
3383		0.000000
3384		0.000000
3385		0.000000
3386		0.000000
3387		0.000000
3388		0.000000
3389		0.000000
3390		0.000000
3391		0.000000
3392		0.000000
3393		0.000000
3394		0.000000
3395		0.000000
3396		0.000000
3397		0.000000
3398		0.000000
3399		0.000000
3400		0.000000
3401		0.000000
3402		0.000000
3403		0.000000
3404		0.000000
3405		0.000000
3406		0.000000
3407		0.000000
3408		0.000000
3409		0.000000
3410		0.000000
3411		0.000000
3412		0.000000
3413		0.000000
3414		0.000000
3415		0.000000
3416		0.000000
3417		0.000000
3418		0.000000
3419		0.000000
3420		0.000000
3421		0.000000
3422		0.000000
3423		0.000000
3424		0.000000
3425		0.000000
3426		0.000000
3427		0.000000
3428		0.000000
3429		0.000000
3430		0.000000
3431		0.000000
3432		0.000000
3433		0.000000
3434		0.000000
3435		0.000000
3436		0.000000
3437		0.000000
3438		0.000000
3439		0.000000
3440		0.000000
3441		0.000000
3442		0.000000
3443		0.000000
3444		0.000000
3445		0.000000
3446		0.000000
3447		0.000000
3448		0.000000
3449		0.000000
3450		0.000000
3451		0.000000
3452		0.000000
3453		0.000000
3454		0.000000
3455		0.000000
3456		0.000000
3457		0.000000
3458		0.000000
3459		0.000000
3460		0.000000
3461		0.000000
3462		0.000000
3463		0.000000
3464		0.000000
3465		0.000000
3466		0.000000
3467		0.000000
3468		0.000000
3469		0.000000
3470		0.000000
3471		0.000000
3472		0.000000
3473		0.000000
3474		0.000000
3475		0.000000
3476		0.000000
3477		0.000000
3478		0.000000
3479		0.000000
3480		0.000000
3481		0.000000
3482		0.000000
3483		0.000000
3484		0.000000
3485		0.000000
3486		0.000000
3487		0.000000
3488		0.000000
3489		0.000000
3490		0.000000
3491		0.000000
3492		0.000000
3493		0.000000
3494		0.000000
3495		0.000000
3496		0.000000
3497		0.000000
3498		0.000000
3499		0.000000
3500		0.000000
3501		0.000000
3502		0.000000
3503		0.000000
3504		0.000000
3505		0.000000
3506		0.000000
3507		0.000000
3508		0.000000
3509		0.000000
3510		0.000000
3511		0.000000
3512		0.000000
3513		0.000000
3514		0.000000
3515		0.000000
3516		0.000000
3517		0.000000
3518		0.000000
3519		0.000000
3520		0.000000
3521		0.000000
3522		0.000000
3523		0.000000
3524		0.000000
3525		0.000000
3526		0.000000
3527		0.000000
3528		0.000000
3529		0.000000
3530		0.000000
3531		0.000000
3532		0.000000
3533		0.000000
3534		0.000000
3535		0.000000
3536		0.000000
3537		0.000000
3538		0.000000
3539		0.000000
3540		0.000000
3541		0.000000
3542		0.000000
3543		0.000000
3544		0.000000
3545		0.000000
3546		0.000000
3547		0.000000
3548		0.000000
3549		0.000000
3550		0.000000
3551		0.000000
3552		0.000000
3553		0.000000
3554		0.000000
3555		0.000000
3556		0.000000
3557		0.000000
3558		0.000000
3559		0.000000
3560		0.000000
3561		0.000000
3562		0.000000
3563		0.000000
3564		0.000000
3565		0.000000
3566		0.000000
3567		0.000000
3568		0.000000
3569		0.000000
3570		0.000000
3571		0.000000
3572		0.000000
3573		0.000000
3574		0.000000
3575		0.000000
3576		0.000000
3577		0.000000
3578		0.000000
3579		0.000000
3580		0.000000
3581		0.000000
3582		0.000000
3583		0.000000
3584		0.000000
3585		0.000000
3586		0.000000
3587		0.000000
3588		0.000000
3589		0.000000
3590		0.000000
3591		0.000000
3592		0.000000
3593		0.000000
3594		0.000000
3595		0.000000
3596		0.000000
3597		0.000000
3598		0.000000
3599		0.000000
3600		0.000000
3601		0.000000
3602		0.000000
3603		0.000000
3604		0.000000
3605		0.000000
3606		0.000000
3607		0.000000
3608		0.000000
3609		0.000000
3610		0.000000
3611		0.000000
3612		0.000000
3613		0.000000
3614		0.000000
3615		0.000000
3616		0.000000
3617		0.000000
3618		0.000000
3619		0.000000
3620		0.000000
3621		0.000000
3622		0.000000
3623		0.000000
3624		0.000000
3625		0.000000
3626		0.000000
3627		0.000000
3628		0.000000
3629		0.000000
3630		0.000000
3631		0.000000
3632		0.000000
3633		0.000000
3634		0.000000
3635		0.000000
3636		0.000000
3637		0.000000
3638		0.000000
3639		0.000000
3640		0.000000
3641		0.000000
3642		0.000000
3643		0.000000
3644		0.000000
3645		0.000000
3646		0.000000
3647		0.000000
3648		0.000000
3649		0.000000
3650		0.000000
3651		0.000000
3652		0.000000
3653		0.000000
3654		0.000000
3655		0.000000
3656		0.000000
3657		0.000000
3658		0.000000
3659		0.000000
3660		0.000000
3661		0.000000
3662		0.000000
3663		0.000000
3664		0.000000
3665		0.000000
3666		0.000000
3667		0.000000
3668		0.000000
3669		0.000000
3670		0.000000
3671		0.000000
3672		0.000000
3673		0.000000
3674		0.000000
3675		0.000000
3676		0.000000
3677		0.000000
3678		0.000000
3679		0.000000
3680		0.000000
3681		0.000000
3682		0.000000
3683		0.000000
3684		0.000000
3685		0.000000
3686		0.000000
3687		0.000000
3688		0.000000
3689		0.000000
3690		0.000000
3691		0.000000
3692		0.000000
3693		0.000000
3694		0.000000
3695		0.000000
3696		0.000000
3697		0.000000
3698		0.000000
3699		0.000000
3700		0.000000
3701		0.000000
3702		0.000000
3703		0.000000
3704		0.000000
3705		0.000000
3706		0.000000
3707		0.000000
3708		0.000000
3709		0.000000
3710		0.000000
3711		0.000000
3712		0.000000
3713		0.000000
3714		0.000000
3715		0.000000
3716		0.000000
3717		0.000000
3718		0.000000
3719		0.000000
3720		0.000000
3721		0.000000
3722		0.000000
3723		0.000000
3724		0.000000
3725		0.000000
3726		0.000000
3727		0.000000
3728		0.000000
3729		0.000000
3730		0.000000
3731		0.000000
3732		0.000000
3733		0.000000
3734		0.000000
3735		0.000000
3736		0.000000
3737		0.000000
3738		0.000000
3739		0.000000
3740		0.000000
3741		0.000000
3742		0.000000
3743		0.000000
3744		0.000000
3745		0.000000
3746		0.000000
3747		0.000000
3748		0.000000
3749		0.000000
3750		0.000000
3751		0.000000
3752		0.000000
3753		0.000000
3754		0.000000
3755		0.000000
3756		0.000000
3757		0.000000
3758		0.000000
3759		0.000000
3760		0.000000
3761		0.000000
3762		0.000000
3763		0.000000
3764		0.000000
3765		0.000000
3766		0.000000
3767		0.000000
3768		0.000000
3769		0.000000
3770		0.000000
3771		0.000000
3772		0.000000
3773		0.000000
3774		0.000000
3775		0.000000
3776		0.000000
3777		0.000000
3778		0.000000
3779		0.000000
3780		0.000000
3781		0.000000
3782		0.000000
3783		0.000000
3784		0.000000
3785		0.000000
3786		0.000000
3787		0.000000
3788		0.000000
3789		0.000000
3790		0.000000
3791		0.000000
3792		0.000000
3793		0.000000
3794		0.000000
3795		0.000000
3796		0.000000
3797		0.000000
3798		0.000000
3799		0.000000
3800		0.000000
3801		0.000000
3802		0.000000
3803		0.000000
3804		0.000000
3805		0.000000
3806		0.000000
3807		0.000000
3808		0.000000
3809		0.000000
3810		0.000000
3811		0.000000
3812		0.000000
3813		0.000000
3814		0.000000
3815		0.000000
3816		0.000000
3817		0.000000
3818		0.000000
3819		0.000000
3820		0.000000
3821		0.000000
3822		0.000000
3823		0.000000
3824		0.000000
3825		0.000000
3826		0.000000
3827		0.000000
3828		0.000000
3829		0.000000
3830		0.000000
3831		0.000000
3832		0.000000
3833		0.000000
3834		0.000000
3835		0.000000
3836		0.000000
3837		0.000000
3838		0.000000
3839		0.000000
3840		0.000000
3841		0.000000
3842		0.000000
3843		0.000000
3844		0.000000
3845		0.000000
3846		0.000000
3847		0.000000
3848		0.000000
3849		0.000000
3850		0.000000
3851		0.000000
3852		0.000000
3853		0.000000
3854		0.000000
3855		0.000000
3856		0.000000
3857		0.000000
3858		0.000000
3859		0.000000
3860		0.000000
3861		0.000000
3862		0.000000
3863		0.000000
3864		0.000000
3865		0.000000
3866		0.000000
3867		0.000000
3868		0.000000
3869		0.000000
3870		0.000000
3871		0.000000
3872		0.000000
3873		0.000000
3874		0.000000
3875		0.000000
3876		0.000000
3877		0.000000
3878		0.000000
3879		0.000000
3880		0.000000
3881		0.000000
3882		0.000000
3883		0.000000
3884		0.000000
3885		0.000000
3886		0.000000
3887		0.000000
3888		0.000000
3889		0.000000
3890		0.000000
3891		0.000000
3892		0.000000
3893		0.000000
3894		0.000000
3895		0.000000
3896		0.000000
3897		0.000000
3898		0.000000
3899		0.000000
3900		0.000000
3901		0.000000
3902		0.000000
3903		0.000000
3904		0.000000
3905		0.000000
3906		0.000000
3907		0.000000
3908		0.000000
3909		0.000000
3910		0.000000
3911		0.000000
3912		0.000000
3913		0.000000
3914		0.000000
3915		0.000000
3916		0.000000
3917		0.000000
3918		0.000000
3919		0.000000
3920		0.000000
3921		0.000000
3922		0.000000
3923		0.000000
3924		0.000000
3925		0.000000
3926		0.000000
3927		0.000000
3928		0.000000
3929		0.000000
3930		0.000000
3931		0.000000
3932		0.000000
3933		0.000000
3934		0.000000
3935		0.000000
3936		0.000000
3937		0.000000
3938		0.000000
3939		0.000000
3940		0.000000
3941		0.000000
3942		0.000000
3943		0.000000
3944		0.000000
3945		0.000000
3946		0.000000
3947		0.000000
3948		0.000000
3949		0.000000
3950		0.000000
3951		0.000000
3952		0.000000
3953		0.000000
3954		0.000000
3955		0.000000
3956		0.000000
3957		0.000000
3958		0.000000
3959		0.000000
3960		0.000000
3961		0.000000
3962		0.000000
3963		0.000000
3964		0.000000
3965		0.000000
3966		0.000000
3967		0.000000
3968		0.000000
3969		0.000000
3970		0.000000
3971		0.000000
3972		0.000000
3973		0.000000
3974		0.000000
3975		0.000000
3976		0.000000
3977		0.000000
3978		0.000000
3979		0.000000
3980		0.000000
3981		0.000000
3982		0.000000
3983		0.000000
3984		0.000000
3985		0.000000
3986		0.000000
3987		0.000000
3988		0.000000
3989		0.000000
3990		0.000000
3991		0.000000
3992		0.000000
3993		0.000000
3994		0.000000
3995		0.000000
3996		0.000000
3997		0.000000
3998		0.000000
3999		0.000000
4000		0.000000
4001		0.000000
4002		0.000000
4003		0.000000
4004		0.000000
4005		0.000000
4006		0.000000
4007		0.000000
4008		0.000000
4009		0.000000
4010		0.000000
4011		0.000000
4012		0.000000
4013		0.000000
4014		0.000000
4015		0.000000
4016		0.000000
4017		0.000000
4018		0.000000
4019		0.000000
4020		0.000000
4021		0.000000
4022		0.000000
4023		0.000000
4024		0.000000
4025		0.000000
4026		0.000000
4027		0.000000
4028		0.000000
4029		0.000000
4030		0.000000
4031		0.000000
4032		0.000000
4033		0.000000
4034		0.000000
4035		0.000000
4036		0.000000
4037		0.000000
4038		0.000000
4039		0.000000
4040		0.000000
4041		0.000000
4042		0.000000
4043		0.000000
4044		0.000000
4045		0.000000
4046		0.000000
4047		0.000000
4048		0.000000
4049		0.000000
4050		0.000000
4051		0.000000
4052		0.000000
4053		0.000000
4054		0.000000
4055		0.000000
4056		0.000000
4057		0.000000
4058		0.000000
4059		0.000000
4060		0.000000
4061		0.000000
4062		0.000000
4063		0.000000
4064		0.000000
4065		0.000000
4066		0.000000
4067		0.000000
4068		0.000000
4069		0.000000
4070		0.000000
4071		0.000000
4072		0.000000
4073		0.000000
4074		0.000000
4075		0.000000
4076		0.000000
4077		0.000000
4078		0.000000
4079		0.000000
4080		0.000000
4081		0.000000
4082		0.000000
4083		0.000000
4084		0.000000
4085		0.000000
4086		0.000000
4087		0.000000
4088		0.000000
4089		0.000000
4090		0.000000
4091		0.000000
4092		0.000000
4093		0.000000
4094		0.000000
4095		0.000000
