0		0.000000
1		0.000000
2		0.000000
3		0.000000
4		0.000000
5		0.000000
6		0.000000
7		0.000000
8		0.000000
9		0.000000
10		0.000000
11		0.000000
12		0.000000
13		0.000000
14		0.000000
15		0.000000
16		0.000000
17		0.000000
18		0.000000
19		0.000000
20		0.000000
21		0.000000
22		0.000000
23		0.000000
24		0.000000
25		0.000000
26		0.000000
27		0.000000
28		0.000000
29		0.000000
30		0.000000
31		0.000000
32		0.000000
33		0.000000
34		0.000000
35		0.000000
36		0.000000
37		0.000000
38		0.000000
39		0.000000
40		0.000000
41		0.000000
42		0.000000
43		0.000000
44		0.000000
45		0.000000
46		0.000000
47		0.000000
48		0.000000
49		0.000000
50		0.000000
51		0.000000
52		0.000000
53		0.000000
54		0.000000
55		0.000000
56		0.000000
57		0.000000
58		0.000000
59		0.000000
60		0.000000
61		0.000000
62		0.000000
63		0.000000
64		0.000000
65		0.000000
66		0.000000
67		0.000000
68		0.000000
69		0.000000
70		0.000000
71		0.000000
72		0.000000
73		0.000000
74		0.000000
75		0.000000
76		0.000000
77		0.000000
78		0.000000
79		0.000000
80		0.000000
81		0.000000
82		0.000000
83		0.000000
84		0.000000
85		0.000000
86		0.000000
87		0.000000
88		0.000000
89		0.000000
90		0.000000
91		0.000000
92		0.000000
93		0.000000
94		0.000000
95		0.000000
96		0.000000
97		0.000000
98		0.000000
99		0.000000
100		0.000000
101		0.000000
102		0.000000
103		0.000000
104		0.000000
105		0.000000
106		0.000000
107		0.000000
108		0.000000
109		133558.906250
110		15572.995117
111		327.480072
112		308.006989
113		306.819611
114		313.231476
115		324.867828
116		329.617340
117		308.481934
118		333.179504
119		319.405853
120		320.118286
121		331.042206
122		324.155396
123		321.068207
124		327.005096
125		338.878937
126		325.105286
127		346.240692
128		323.442963
129		357.877045
130		334.841827
131		338.878937
132		353.602478
133		361.914154
134		361.201721
135		371.888153
136		388.036560
137		390.173859
138		393.261047
139		420.095886
140		384.474426
141		339.353882
142		345.053314
143		336.979126
144		343.628479
145		352.415100
146		371.413208
147		359.301910
148		373.313019
149		373.075562
150		393.973480
151		412.971588
152		422.233185
153		441.706238
154		455.479889
155		456.904755
156		452.630157
157		471.153320
158		485.164459
159		487.776672
160		504.162567
161		507.249756
162		528.622620
163		541.446350
164		533.609619
165		542.871216
166		547.858215
167		568.518677
168		559.257080
169		573.743164
170		572.793274
171		596.778381
172		624.325684
173		617.438843
174		634.299683
175		613.164246
176		638.099304
177		646.173523
178		666.596497
179		679.657654
180		664.221741
181		717.416443
182		1416.784668
183		5816.036621
184		2164.835693
185		525.297974
186		513.661621
187		494.188538
188		524.110596
189		496.325836
190		531.234863
191		547.858215
192		567.806274
193		565.194031
194		555.457458
195		566.856384
196		552.845215
197		561.869324
198		548.333191
199		565.194031
200		570.656006
201		587.754272
202		583.242249
203		608.414734
204		568.043762
205		561.869324
206		548.333191
207		570.893433
208		558.069702
209		559.732056
210		534.797058
211		533.372192
212		543.108704
213		548.095703
214		503.212646
215		523.160706
216		511.049377
217		502.262756
218		499.175568
219		485.876862
220		511.524323
221		483.502106
222		492.763702
223		473.528107
224		481.602295
225		470.915863
226		460.704376
227		468.541107
228		481.364807
229		475.427917
230		463.791565
231		442.656158
232		445.743347
233		450.967834
234		461.416809
235		452.155212
236		439.568970
237		437.431671
238		444.318481
239		425.557861
240		417.008698
241		434.581970
242		429.357483
243		425.795319
244		445.743347
245		424.132996
246		419.858429
247		422.233185
248		386.374237
249		380.912262
250		389.936371
251		379.724884
252		405.372345
253		406.559723
254		390.648804
255		389.698914
256		373.075562
257		373.787964
258		366.426208
259		389.936371
260		370.938263
261		381.862183
262		355.027344
263		378.537506
264		365.951263
265		356.927155
266		354.077423
267		350.752747
268		347.665558
269		360.964233
270		365.951263
271		348.615479
272		365.238831
273		353.364990
274		350.040344
275		346.478180
276		360.726776
277		342.441071
278		349.802856
279		334.366882
280		338.878937
281		336.741638
282		345.053314
283		335.316772
284		340.541260
285		359.539398
286		329.379883
287		353.602478
288		343.390991
289		327.717529
290		342.678558
291		324.155396
292		318.693420
293		312.993988
294		316.318665
295		322.255585
296		322.255585
297		319.880829
298		316.318665
299		312.044098
300		317.981018
301		320.593231
302		320.355774
303		327.717529
304		323.680450
305		318.218475
306		319.880829
307		306.582123
308		318.930908
309		310.856720
310		323.680450
311		332.229584
312		318.455963
313		310.144287
314		387.561615
315		1332.243042
316		1517.949707
317		424.132996
318		304.682312
319		299.457825
320		298.982880
321		304.207367
322		313.943909
323		283.546906
324		297.558014
325		313.468964
326		287.109070
327		286.871582
328		298.032990
329		287.584015
330		293.283447
331		291.146149
332		291.858582
333		292.096069
334		309.906799
335		293.520935
336		295.420746
337		304.207367
338		300.407745
339		295.420746
340		286.159149
341		278.084961
342		288.771393
343		307.294556
344		304.444855
345		291.383636
346		287.109070
347		296.133179
348		298.982880
349		288.533936
350		284.021881
351		303.732422
352		288.533936
353		284.496826
354		292.571014
355		280.222260
356		286.634125
357		305.157288
358		306.582123
359		281.172150
360		289.958771
361		292.808502
362		278.322418
363		288.058960
364		292.571014
365		291.621124
366		301.832611
367		299.695312
368		293.995880
369		302.545044
370		294.233368
371		299.932800
372		299.932800
373		300.645233
374		303.494934
375		313.706421
376		311.569153
377		305.394745
378		303.494934
379		303.257477
380		298.982880
381		341.728638
382		322.968018
383		310.144287
384		327.005096
385		331.754639
386		310.856720
387		323.680450
388		313.231476
389		340.541260
390		354.552368
391		344.815857
392		336.029205
393		317.031097
394		345.528290
395		340.541260
396		327.005096
397		333.416962
398		328.192505
399		352.652557
400		340.066315
401		353.364990
402		372.363129
403		365.476288
404		363.576477
405		380.437317
406		374.262939
407		347.665558
408		307.294556
409		285.684204
410		272.860474
411		290.671204
412		276.422607
413		286.396637
414		283.071960
415		284.971771
416		279.509827
417		264.311310
418		276.422607
419		276.422607
420		248.162918
421		268.110931
422		264.786285
423		254.812256
424		255.049744
425		248.875351
426		250.062729
427		259.324310
428		246.975540
429		252.912445
430		242.938431
431		246.975540
432		240.326202
433		239.376297
434		237.001526
435		243.888336
436		256.237122
437		237.238998
438		236.764053
439		240.563675
440		231.064621
441		222.040512
442		232.964432
443		216.103592
444		221.328079
445		201.380051
446		212.303970
447		208.741821
448		209.454254
449		221.803024
450		208.266876
451		214.203781
452		215.628647
453		200.667618
454		208.029388
455		207.316971
456		205.654633
457		227.739944
458		211.354065
459		227.264984
460		208.504349
461		214.678741
462		214.678741
463		198.530334
464		194.018280
465		186.656509
466		204.704727
467		200.905106
468		195.680618
469		194.493240
470		181.669510
471		184.281754
472		194.730713
473		177.632401
474		182.619415
475		199.955200
476		189.981186
477		183.331848
478		186.419037
479		180.719604
480		183.806793
481		183.806793
482		185.944077
483		183.806793
484		172.645401
485		183.331848
486		237.713959
487		2083.856201
488		7805.852051
489		4783.013672
490		563.769165
491		171.695496
492		172.645401
493		168.370819
494		170.033157
495		169.558212
496		158.634293
497		156.971954
498		156.259521
499		163.621292
500		156.734482
501		170.270630
502		170.508118
503		159.584198
504		152.934845
505		155.072144
506		155.072144
507		154.359711
508		164.096252
509		149.135223
510		160.771576
511		157.209427
512		166.945969
513		162.908859
514		161.958954
515		164.571198
516		154.597183
517		159.109238
518		162.671387
519		152.459900
520		232.726944
521		627.412842
522		757.787415
523		275.710205
524		150.797562
525		156.259521
526		158.159332
527		152.934845
528		150.560089
529		156.971954
530		156.496994
531		151.747467
532		156.496994
533		152.697372
534		149.372711
535		159.346710
536		158.871765
537		147.710373
538		161.484009
539		140.111130
540		152.697372
541		162.433914
542		159.821671
543		153.172333
544		177.869888
545		383.524506
546		774.885742
547		458.329590
548		181.906982
549		152.934845
550		157.921860
551		155.547089
552		160.771576
553		163.621292
554		151.984940
555		148.185318
556		163.858765
557		166.945969
558		155.309616
559		170.983063
560		165.283630
561		185.706604
562		336.741638
563		364.526398
564		192.830902
565		141.298508
566		167.420914
567		145.335602
568		147.710373
569		140.111130
570		155.072144
571		147.710373
572		146.997940
573		149.372711
574		161.958954
575		149.847656
576		145.335602
577		155.784576
578		263.598877
579		663.034302
580		592.266357
581		233.914337
582		156.496994
583		145.573074
584		160.771576
585		143.673264
586		160.059143
587		159.821671
588		195.443146
589		222.990417
590		228.214890
591		192.830902
592		169.558212
593		152.459900
594		155.784576
595		168.370819
596		155.072144
597		159.584198
598		159.109238
599		169.558212
600		160.059143
601		150.322617
602		158.159332
603		154.359711
604		156.259521
605		150.797562
606		161.484009
607		162.196442
608		155.072144
609		166.708481
610		158.396805
611		148.185318
612		154.359711
613		152.697372
614		157.684387
615		154.597183
616		151.747467
617		148.897751
618		151.747467
619		151.272522
620		168.133347
621		160.296616
622		163.858765
623		159.346710
624		160.771576
625		171.458023
626		175.257645
627		155.784576
628		150.560089
629		174.545212
630		157.209427
631		166.233536
632		150.085129
633		170.745590
634		170.983063
635		165.758575
636		165.283630
637		161.009048
638		166.471008
639		165.758575
640		179.057266
641		164.333725
642		169.558212
643		156.734482
644		151.747467
645		178.107361
646		167.895874
647		156.971954
648		178.107361
649		164.571198
650		174.307739
651		174.782684
652		165.521103
653		162.671387
654		173.357834
655		162.196442
656		167.420914
657		159.821671
658		173.595306
659		169.795685
660		164.808670
661		170.745590
662		179.294739
663		176.919983
664		173.120346
665		166.945969
666		173.595306
667		187.368942
668		166.945969
669		179.057266
670		181.669510
671		194.255753
672		185.469131
673		175.970078
674		180.719604
675		189.268753
676		185.469131
677		192.118469
678		182.619415
679		198.530334
680		188.081375
681		184.044266
682		185.231659
683		186.181564
684		181.669510
685		211.116592
686		196.393051
687		213.966309
688		197.580429
689		205.654633
690		204.704727
691		206.129578
692		208.266876
693		219.903214
694		245.550674
695		286.871582
696		232.251999
697		208.979294
698		214.441254
699		212.066498
700		225.365173
701		226.077606
702		217.053497
703		222.277985
704		232.251999
705		230.114700
706		238.426392
707		187.368942
708		170.033157
709		170.270630
710		170.745590
711		170.983063
712		177.394928
713		175.732590
714		187.368942
715		169.558212
716		165.758575
717		169.558212
718		153.172333
719		160.771576
720		168.845779
721		159.584198
722		154.359711
723		160.771576
724		148.185318
725		155.784576
726		145.335602
727		155.309616
728		161.958954
729		149.135223
730		151.747467
731		149.372711
732		140.823547
733		145.098129
734		138.686264
735		145.098129
736		142.960846
737		144.623169
738		132.274399
739		140.823547
740		129.662155
741		133.699265
742		130.137115
743		127.524872
744		122.775337
745		119.688148
746		125.862534
747		117.788330
748		107.814323
749		119.925621
750		128.474777
751		137.973831
752		148.422806
753		127.999825
754		118.263283
755		97.840309
756		103.777222
757		103.539742
758		104.014694
759		103.064789
760		118.500763
761		115.651047
762		106.389465
763		101.402458
764		99.740120
765		109.239182
766		107.339371
767		104.489647
768		96.415451
769		102.114883
770		106.389465
771		104.252174
772		105.677032
773		104.727127
774		102.114883
775		108.051796
776		104.964607
777		94.278160
778		92.140877
779		94.515640
780		94.515640
781		101.877411
782		96.890404
783		96.890404
784		85.491531
785		100.215073
786		92.378349
787		91.428444
788		95.465546
789		84.779106
790		94.278160
791		86.203964
792		96.415451
793		172.407928
794		801.483093
795		2762.088867
796		4685.173340
797		3666.636719
798		1404.673340
799		293.045959
800		104.489647
801		86.203964
802		89.291153
803		85.016579
804		83.829193
805		95.940498
806		88.816200
807		93.803207
808		91.428444
809		89.528633
810		82.641815
811		86.203964
812		87.866295
813		92.140877
814		85.966484
815		87.866295
816		86.678917
817		89.766106
818		90.241058
819		95.940498
820		97.602829
821		90.241058
822		91.428444
823		86.203964
824		93.803207
825		101.402458
826		89.053680
827		83.591721
828		85.254059
829		92.853302
830		99.740120
831		143.673264
832		172.645401
833		143.198318
834		113.038803
835		96.652924
836		95.703018
837		96.652924
838		98.552742
839		99.265167
840		99.977600
841		91.428444
842		90.716011
843		88.341248
844		92.853302
845		92.853302
846		102.352364
847		96.415451
848		89.766106
849		91.903397
850		101.877411
851		117.313377
852		104.964607
853		97.127876
854		104.964607
855		95.703018
856		99.740120
857		102.352364
858		107.101891
859		100.452553
860		98.077789
861		104.964607
862		101.877411
863		107.814323
864		103.539742
865		116.838425
866		107.814323
867		96.890404
868		113.988708
869		145.810562
870		232.251999
871		225.602661
872		142.960846
873		99.740120
874		84.541626
875		98.552742
876		94.753113
877		94.753113
878		96.177971
879		94.753113
880		92.853302
881		92.140877
882		97.602829
883		90.953491
884		96.652924
885		90.003586
886		94.515640
887		90.241058
888		92.853302
889		95.228065
890		92.853302
891		99.740120
892		88.578728
893		92.615829
894		90.716011
895		101.639931
896		103.064789
897		95.703018
898		87.866295
899		98.552742
900		93.090782
901		83.591721
902		89.291153
903		96.177971
904		92.853302
905		90.241058
906		100.215073
907		88.816200
908		86.916389
909		86.916389
910		91.190971
911		95.465546
912		91.903397
913		90.716011
914		84.066673
915		90.716011
916		90.003586
917		84.779106
918		94.278160
919		97.365356
920		94.753113
921		90.003586
922		86.678917
923		83.354240
924		87.391342
925		90.716011
926		90.478539
927		80.979477
928		91.903397
929		92.853302
930		94.278160
931		90.241058
932		92.615829
933		94.278160
934		104.727127
935		88.578728
936		88.578728
937		94.753113
938		90.478539
939		94.990593
940		88.578728
941		93.090782
942		85.729012
943		101.877411
944		90.003586
945		89.528633
946		82.641815
947		78.129761
948		87.866295
949		85.966484
950		75.042564
951		71.955376
952		78.129761
953		84.304153
954		78.842194
955		76.704903
956		112.326378
957		316.556152
958		619.576111
959		561.156921
960		241.988525
961		96.652924
962		83.116768
963		76.467422
964		77.892288
965		82.641815
966		71.480423
967		80.979477
968		86.916389
969		78.842194
970		69.818085
971		70.055565
972		67.205841
973		71.480423
974		68.155746
975		66.968369
976		69.580605
977		74.092659
978		73.617706
979		74.567612
980		66.018463
981		70.293037
982		68.630699
983		70.767990
984		70.767990
985		67.680794
986		65.068558
987		62.218838
988		66.018463
989		66.255936
990		71.955376
991		62.218838
992		67.443321
993		69.580605
994		68.393227
995		65.306030
996		61.506409
997		62.931267
998		61.506409
999		64.593605
1000		65.068558
1001		70.767990
1002		94.753113
1003		102.827316
1004		85.729012
1005		67.918274
1006		60.556503
1007		64.118652
1008		58.419212
1009		60.793980
1010		58.656689
1011		61.981361
1012		55.569496
1013		62.456314
1014		63.643696
1015		64.831078
1016		62.456314
1017		53.669685
1018		60.556503
1019		64.831078
1020		81.691910
1021		132.749344
1022		150.797562
1023		105.914513
1024		66.730888
1025		62.693790
1026		61.506409
1027		66.493416
1028		67.918274
1029		58.656689
1030		65.543510
1031		65.780983
1032		70.055565
1033		68.155746
1034		61.506409
1035		65.780983
1036		90.241058
1037		340.778748
1038		871.776123
1039		1097.141357
1040		577.067871
1041		161.484009
1042		75.517517
1043		69.343132
1044		60.081551
1045		60.556503
1046		66.255936
1047		68.393227
1048		68.155746
1049		70.293037
1050		68.630699
1051		59.131641
1052		68.868179
1053		67.205841
1054		65.543510
1055		74.567612
1056		68.868179
1057		68.868179
1058		63.168743
1059		61.981361
1060		59.606598
1061		70.055565
1062		63.643696
1063		59.606598
1064		63.643696
1065		62.931267
1066		69.818085
1067		66.018463
1068		60.793980
1069		63.406219
1070		66.730888
1071		70.767990
1072		64.593605
1073		65.306030
1074		62.693790
1075		65.543510
1076		64.118652
1077		63.881172
1078		68.630699
1079		72.430328
1080		68.155746
1081		70.767990
1082		71.480423
1083		75.992470
1084		76.704903
1085		73.142754
1086		64.593605
1087		71.242943
1088		70.767990
1089		72.192848
1090		69.580605
1091		73.617706
1092		71.480423
1093		65.780983
1094		68.868179
1095		79.079666
1096		78.367241
1097		87.153870
1098		82.404335
1099		64.831078
1100		64.593605
1101		70.767990
1102		73.855186
1103		64.593605
1104		65.068558
1105		66.493416
1106		69.105652
1107		68.868179
1108		69.580605
1109		63.406219
1110		61.981361
1111		67.205841
1112		61.743885
1113		69.580605
1114		60.319027
1115		58.656689
1116		70.293037
1117		63.406219
1118		68.393227
1119		66.730888
1120		63.643696
1121		62.693790
1122		62.693790
1123		66.493416
1124		58.181736
1125		60.793980
1126		70.767990
1127		68.630699
1128		61.743885
1129		61.743885
1130		69.580605
1131		63.881172
1132		66.730888
1133		64.118652
1134		56.044449
1135		58.181736
1136		62.693790
1137		59.369118
1138		61.268932
1139		54.857067
1140		61.743885
1141		60.793980
1142		61.506409
1143		60.556503
1144		68.393227
1145		59.369118
1146		62.693790
1147		67.918274
1148		63.881172
1149		57.944260
1150		64.118652
1151		66.018463
1152		70.767990
1153		60.319027
1154		68.393227
1155		64.593605
1156		59.844074
1157		66.968369
1158		60.081551
1159		65.543510
1160		67.918274
1161		59.369118
1162		65.543510
1163		62.693790
1164		60.556503
1165		70.055565
1166		65.306030
1167		59.369118
1168		71.005470
1169		53.194733
1170		57.469307
1171		61.268932
1172		64.356125
1173		75.517517
1174		150.322617
1175		255.762161
1176		276.660095
1177		161.009048
1178		75.280045
1179		70.530518
1180		61.506409
1181		53.194733
1182		53.907162
1183		59.369118
1184		55.569496
1185		54.382114
1186		57.944260
1187		54.857067
1188		54.144638
1189		56.756878
1190		62.456314
1191		55.569496
1192		55.569496
1193		61.268932
1194		57.944260
1195		52.244823
1196		54.619591
1197		51.294918
1198		53.669685
1199		63.168743
1200		52.007347
1201		57.231831
1202		55.094543
1203		53.432209
1204		61.981361
1205		54.857067
1206		56.519402
1207		66.493416
1208		72.430328
1209		72.430328
1210		78.367241
1211		70.530518
1212		67.918274
1213		57.231831
1214		61.031456
1215		59.606598
1216		56.994354
1217		49.157631
1218		50.107536
1219		50.345013
1220		56.994354
1221		58.894165
1222		49.395107
1223		52.957256
1224		58.419212
1225		58.419212
1226		90.003586
1227		191.643524
1228		347.665558
1229		380.674805
1230		232.251999
1231		105.202080
1232		75.992470
1233		84.304153
1234		84.541626
1235		75.517517
1236		71.242943
1237		63.881172
1238		66.493416
1239		64.118652
1240		64.831078
1241		65.543510
1242		62.456314
1243		65.306030
1244		75.280045
1245		68.393227
1246		65.306030
1247		65.543510
1248		64.593605
1249		74.092659
1250		78.129761
1251		74.567612
1252		67.443321
1253		65.306030
1254		68.393227
1255		72.192848
1256		62.456314
1257		62.693790
1258		65.543510
1259		62.931267
1260		63.881172
1261		63.643696
1262		67.918274
1263		73.855186
1264		61.506409
1265		72.430328
1266		79.792099
1267		84.541626
1268		75.754997
1269		71.005470
1270		68.393227
1271		68.868179
1272		66.018463
1273		61.981361
1274		67.680794
1275		64.356125
1276		69.105652
1277		72.667801
1278		72.905281
1279		60.081551
1280		71.242943
1281		63.168743
1282		66.730888
1283		63.406219
1284		64.593605
1285		68.393227
1286		72.192848
1287		66.255936
1288		70.767990
1289		74.330139
1290		71.005470
1291		66.968369
1292		73.855186
1293		67.680794
1294		67.205841
1295		73.380234
1296		72.430328
1297		68.630699
1298		74.330139
1299		74.330139
1300		78.604713
1301		87.391342
1302		118.738235
1303		166.708481
1304		155.547089
1305		122.775337
1306		89.291153
1307		86.916389
1308		73.380234
1309		75.754997
1310		83.116768
1311		78.129761
1312		76.467422
1313		77.892288
1314		79.554619
1315		76.229950
1316		89.766106
1317		80.979477
1318		77.417336
1319		81.216957
1320		81.691910
1321		82.404335
1322		80.742004
1323		75.280045
1324		83.116768
1325		87.866295
1326		86.203964
1327		83.354240
1328		86.916389
1329		91.428444
1330		85.016579
1331		82.404335
1332		80.742004
1333		94.040688
1334		84.066673
1335		87.391342
1336		93.090782
1337		90.241058
1338		99.027695
1339		90.478539
1340		79.792099
1341		67.680794
1342		74.092659
1343		76.942383
1344		75.992470
1345		66.730888
1346		80.029572
1347		71.005470
1348		67.918274
1349		72.667801
1350		69.818085
1351		66.730888
1352		67.680794
1353		71.955376
1354		76.229950
1355		73.617706
1356		68.630699
1357		66.018463
1358		65.306030
1359		65.543510
1360		71.717896
1361		78.604713
1362		64.831078
1363		73.617706
1364		63.643696
1365		68.630699
1366		70.293037
1367		64.831078
1368		65.780983
1369		70.767990
1370		65.780983
1371		56.281925
1372		66.730888
1373		63.643696
1374		61.031456
1375		65.068558
1376		69.105652
1377		64.593605
1378		55.569496
1379		56.519402
1380		63.881172
1381		58.419212
1382		58.894165
1383		52.482304
1384		55.569496
1385		54.382114
1386		47.732773
1387		49.157631
1388		54.382114
1389		55.569496
1390		47.732773
1391		51.294918
1392		51.294918
1393		52.957256
1394		47.732773
1395		47.257820
1396		49.395107
1397		44.645576
1398		46.782867
1399		48.920155
1400		51.532394
1401		47.020344
1402		50.107536
1403		39.896049
1404		46.545391
1405		47.732773
1406		47.257820
1407		49.395107
1408		49.395107
1409		45.832962
1410		45.358006
1411		44.883053
1412		44.170624
1413		41.558384
1414		36.096424
1415		35.621471
1416		40.608479
1417		45.595486
1418		51.532394
1419		50.345013
1420		48.682678
1421		42.033337
1422		38.233711
1423		38.946144
1424		35.621471
1425		37.046329
1426		35.383995
1427		36.096424
1428		38.946144
1429		35.858948
1430		36.571377
1431		37.046329
1432		77.179855
1433		337.929016
1434		938.507019
1435		1539.322510
1436		1394.699341
1437		714.091797
1438		215.153687
1439		63.168743
1440		43.695671
1441		34.671566
1442		37.758759
1443		33.484184
1444		35.383995
1445		37.758759
1446		32.771755
1447		33.246708
1448		36.571377
1449		41.320908
1450		43.933147
1451		50.582489
1452		43.458195
1453		37.283806
1454		33.959137
1455		35.383995
1456		35.621471
1457		32.059326
1458		26.597366
1459		36.333900
1460		35.858948
1461		32.296803
1462		32.059326
1463		29.684559
1464		26.122412
1465		33.246708
1466		29.684559
1467		28.497177
1468		31.584372
1469		29.922037
1470		28.497177
1471		28.497177
1472		29.684559
1473		33.721661
1474		31.821848
1475		45.120529
1476		47.495296
1477		40.845955
1478		33.959137
1479		31.346895
1480		27.072319
1481		33.246708
1482		28.734653
1483		30.159513
1484		28.022224
1485		31.821848
1486		30.159513
1487		28.259701
1488		28.734653
1489		25.884935
1490		25.647459
1491		30.871943
1492		30.871943
1493		33.721661
1494		28.734653
1495		28.734653
1496		34.909042
1497		29.209606
1498		33.721661
1499		36.571377
1500		33.484184
1501		31.821848
1502		32.771755
1503		31.584372
1504		38.471191
1505		29.447083
1506		34.671566
1507		56.519402
1508		130.612061
1509		268.348419
1510		415.108887
1511		378.537506
1512		215.628647
1513		76.229950
1514		38.471191
1515		25.647459
1516		26.359890
1517		25.647459
1518		30.396990
1519		30.634466
1520		29.684559
1521		31.821848
1522		28.972130
1523		25.409983
1524		23.510172
1525		31.109419
1526		26.597366
1527		31.346895
1528		30.159513
1529		31.109419
1530		27.309795
1531		24.697554
1532		26.834843
1533		29.684559
1534		27.072319
1535		27.547272
1536		29.684559
1537		29.684559
1538		27.072319
1539		28.972130
1540		23.272696
1541		22.560265
1542		30.396990
1543		27.072319
1544		29.684559
1545		25.647459
1546		28.497177
1547		24.935030
1548		28.259701
1549		25.172506
1550		26.597366
1551		25.409983
1552		26.122412
1553		27.072319
1554		23.510172
1555		19.710548
1556		25.647459
1557		28.734653
1558		26.834843
1559		27.072319
1560		25.172506
1561		29.922037
1562		22.085312
1563		27.309795
1564		23.510172
1565		20.185501
1566		23.510172
1567		25.884935
1568		27.072319
1569		23.985125
1570		21.610359
1571		24.935030
1572		25.409983
1573		21.135406
1574		24.222601
1575		25.884935
1576		24.222601
1577		26.359890
1578		20.897930
1579		23.510172
1580		26.834843
1581		20.185501
1582		18.998117
1583		19.948025
1584		22.085312
1585		19.948025
1586		25.172506
1587		24.697554
1588		22.085312
1589		22.560265
1590		20.422977
1591		22.560265
1592		22.797743
1593		24.222601
1594		19.473072
1595		25.409983
1596		25.647459
1597		22.322788
1598		21.610359
1599		21.847836
1600		23.985125
1601		20.660454
1602		21.372883
1603		25.172506
1604		19.948025
1605		25.409983
1606		26.834843
1607		32.771755
1608		37.758759
1609		36.808853
1610		29.922037
1611		22.797743
1612		27.072319
1613		23.747648
1614		20.422977
1615		18.523165
1616		23.747648
1617		22.322788
1618		27.309795
1619		19.235596
1620		17.335783
1621		22.085312
1622		18.285688
1623		19.710548
1624		20.422977
1625		19.235596
1626		21.135406
1627		18.760641
1628		21.610359
1629		22.322788
1630		22.797743
1631		21.610359
1632		22.560265
1633		21.372883
1634		19.710548
1635		16.623354
1636		21.135406
1637		18.523165
1638		18.048212
1639		17.335783
1640		20.660454
1641		20.422977
1642		19.948025
1643		23.985125
1644		27.547272
1645		38.946144
1646		33.009232
1647		29.922037
1648		28.497177
1649		24.697554
1650		19.710548
1651		18.048212
1652		18.760641
1653		16.623354
1654		17.098307
1655		21.847836
1656		17.098307
1657		21.372883
1658		20.185501
1659		18.998117
1660		17.335783
1661		18.523165
1662		19.235596
1663		15.910924
1664		18.285688
1665		20.897930
1666		20.660454
1667		17.810736
1668		18.523165
1669		18.285688
1670		14.248589
1671		20.422977
1672		12.348777
1673		15.910924
1674		15.435971
1675		18.998117
1676		18.285688
1677		21.847836
1678		18.048212
1679		21.135406
1680		21.847836
1681		24.222601
1682		25.647459
1683		23.272696
1684		21.372883
1685		18.760641
1686		17.810736
1687		15.435971
1688		18.760641
1689		14.248589
1690		19.710548
1691		19.710548
1692		13.536160
1693		19.473072
1694		17.573259
1695		18.998117
1696		15.673448
1697		14.486065
1698		16.148401
1699		15.673448
1700		17.098307
1701		16.148401
1702		18.048212
1703		17.573259
1704		16.385878
1705		17.335783
1706		14.486065
1707		19.473072
1708		20.185501
1709		18.048212
1710		17.810736
1711		20.185501
1712		15.673448
1713		15.673448
1714		21.372883
1715		18.998117
1716		19.710548
1717		15.435971
1718		19.473072
1719		17.573259
1720		22.085312
1721		19.948025
1722		14.961019
1723		19.473072
1724		28.022224
1725		42.508289
1726		48.445202
1727		47.020344
1728		36.333900
1729		23.035219
1730		20.185501
1731		17.573259
1732		18.285688
1733		17.810736
1734		17.335783
1735		15.198495
1736		15.435971
1737		16.385878
1738		17.335783
1739		15.673448
1740		15.198495
1741		18.285688
1742		16.623354
1743		14.961019
1744		14.961019
1745		15.198495
1746		12.111300
1747		14.486065
1748		18.760641
1749		13.536160
1750		16.385878
1751		11.161394
1752		14.486065
1753		13.773636
1754		11.636348
1755		16.385878
1756		11.398871
1757		15.435971
1758		13.061206
1759		15.910924
1760		11.398871
1761		13.773636
1762		9.499059
1763		15.910924
1764		12.348777
1765		13.298683
1766		17.810736
1767		9.261582
1768		14.011112
1769		14.723541
1770		15.198495
1771		13.298683
1772		13.773636
1773		14.486065
1774		11.398871
1775		17.098307
1776		11.636348
1777		13.298683
1778		7.836724
1779		11.398871
1780		12.586253
1781		12.586253
1782		9.736536
1783		14.011112
1784		13.773636
1785		14.248589
1786		13.061206
1787		13.298683
1788		12.348777
1789		9.974012
1790		11.636348
1791		12.111300
1792		12.586253
1793		13.298683
1794		11.873824
1795		12.348777
1796		12.823730
1797		12.823730
1798		10.686441
1799		12.111300
1800		12.586253
1801		11.636348
1802		11.636348
1803		12.823730
1804		9.499059
1805		10.211489
1806		11.398871
1807		9.974012
1808		12.111300
1809		14.486065
1810		10.923918
1811		15.910924
1812		23.035219
1813		53.907162
1814		71.717896
1815		93.803207
1816		73.142754
1817		42.033337
1818		18.048212
1819		10.211489
1820		9.736536
1821		10.448965
1822		9.499059
1823		7.836724
1824		9.261582
1825		9.736536
1826		10.448965
1827		9.024106
1828		9.736536
1829		8.311677
1830		8.786630
1831		9.736536
1832		7.836724
1833		11.161394
1834		9.974012
1835		10.211489
1836		10.448965
1837		8.549153
1838		11.636348
1839		9.974012
1840		10.448965
1841		10.686441
1842		10.686441
1843		5.699436
1844		10.686441
1845		11.161394
1846		10.448965
1847		7.361771
1848		10.686441
1849		8.074201
1850		9.736536
1851		6.886818
1852		9.024106
1853		8.786630
1854		9.261582
1855		7.124294
1856		8.074201
1857		6.411865
1858		10.923918
1859		9.261582
1860		7.836724
1861		6.411865
1862		11.161394
1863		8.549153
1864		7.836724
1865		5.699436
1866		8.311677
1867		7.836724
1868		9.024106
1869		9.736536
1870		8.074201
1871		9.261582
1872		7.836724
1873		8.074201
1874		9.024106
1875		10.686441
1876		6.411865
1877		8.549153
1878		7.361771
1879		8.074201
1880		10.686441
1881		9.024106
1882		7.599247
1883		6.886818
1884		5.936912
1885		9.024106
1886		15.673448
1887		22.797743
1888		31.584372
1889		36.571377
1890		35.621471
1891		24.222601
1892		18.048212
1893		9.974012
1894		9.499059
1895		6.174388
1896		8.311677
1897		6.886818
1898		6.886818
1899		5.699436
1900		6.649342
1901		7.124294
1902		8.311677
1903		9.024106
1904		4.037100
1905		7.599247
1906		5.699436
1907		4.749529
1908		7.599247
1909		6.174388
1910		7.124294
1911		6.886818
1912		9.024106
1913		10.923918
1914		12.111300
1915		16.385878
1916		14.486065
1917		20.660454
1918		10.448965
1919		8.311677
1920		8.786630
1921		8.311677
1922		7.124294
1923		5.699436
1924		7.124294
1925		5.461959
1926		7.599247
1927		7.124294
1928		9.024106
1929		7.836724
1930		7.361771
1931		7.124294
1932		6.174388
1933		7.836724
1934		8.549153
1935		11.161394
1936		8.311677
1937		6.649342
1938		7.124294
1939		7.599247
1940		6.411865
1941		7.361771
1942		5.461959
1943		9.024106
1944		7.124294
1945		5.461959
1946		8.311677
1947		8.074201
1948		7.599247
1949		6.174388
1950		7.836724
1951		7.361771
1952		5.699436
1953		6.411865
1954		8.549153
1955		4.987006
1956		8.786630
1957		5.936912
1958		7.836724
1959		7.836724
1960		4.987006
1961		7.124294
1962		6.411865
1963		7.599247
1964		5.936912
1965		6.886818
1966		6.411865
1967		8.074201
1968		5.461959
1969		6.174388
1970		8.786630
1971		5.699436
1972		8.549153
1973		6.886818
1974		8.074201
1975		7.361771
1976		7.361771
1977		5.936912
1978		7.361771
1979		9.024106
1980		8.549153
1981		7.124294
1982		8.311677
1983		7.361771
1984		6.174388
1985		6.174388
1986		5.699436
1987		8.074201
1988		4.749529
1989		10.686441
1990		9.024106
1991		10.923918
1992		7.599247
1993		10.686441
1994		8.786630
1995		5.936912
1996		7.361771
1997		8.311677
1998		6.649342
1999		8.311677
2000		6.174388
2001		6.411865
2002		6.886818
2003		5.699436
2004		6.886818
2005		9.261582
2006		8.311677
2007		7.836724
2008		10.923918
2009		4.274577
2010		7.599247
2011		6.649342
2012		8.786630
2013		9.261582
2014		8.311677
2015		5.461959
2016		6.649342
2017		5.461959
2018		6.174388
2019		8.074201
2020		9.024106
2021		8.786630
2022		6.886818
2023		9.974012
2024		7.361771
2025		3.562147
2026		6.886818
2027		7.599247
2028		8.074201
2029		9.736536
2030		8.549153
2031		6.411865
2032		6.411865
2033		6.886818
2034		7.361771
2035		6.174388
2036		6.411865
2037		6.886818
2038		7.836724
2039		6.649342
2040		5.224483
2041		5.461959
2042		8.074201
2043		8.074201
2044		6.174388
2045		4.512053
2046		5.224483
2047		6.411865
2048		5.461959
2049		7.124294
2050		5.461959
2051		5.224483
2052		4.274577
2053		4.987006
2054		5.224483
2055		6.886818
2056		4.274577
2057		5.224483
2058		4.749529
2059		5.699436
2060		4.274577
2061		4.987006
2062		4.037100
2063		6.174388
2064		5.699436
2065		5.224483
2066		4.274577
2067		4.274577
2068		3.799624
2069		2.612241
2070		4.987006
2071		3.324671
2072		4.987006
2073		2.849718
2074		3.324671
2075		5.461959
2076		3.562147
2077		2.374765
2078		3.562147
2079		3.087194
2080		4.274577
2081		4.274577
2082		2.374765
2083		2.612241
2084		3.799624
2085		3.562147
2086		4.274577
2087		4.274577
2088		2.849718
2089		5.224483
2090		3.562147
2091		2.849718
2092		2.849718
2093		4.037100
2094		2.137288
2095		4.037100
2096		3.562147
2097		2.137288
2098		3.799624
2099		4.274577
2100		3.324671
2101		4.274577
2102		3.087194
2103		3.562147
2104		4.512053
2105		3.799624
2106		2.612241
2107		3.324671
2108		3.324671
2109		3.324671
2110		4.037100
2111		4.274577
2112		2.612241
2113		3.324671
2114		3.324671
2115		2.612241
2116		2.849718
2117		2.137288
2118		3.087194
2119		6.411865
2120		15.435971
2121		30.634466
2122		47.257820
2123		52.957256
2124		41.320908
2125		24.222601
2126		8.074201
2127		3.562147
2128		2.374765
2129		1.899812
2130		2.137288
2131		2.137288
2132		2.137288
2133		2.137288
2134		0.712429
2135		1.899812
2136		1.187382
2137		3.087194
2138		2.374765
2139		3.562147
2140		1.662335
2141		3.562147
2142		0.949906
2143		3.087194
2144		0.949906
2145		2.849718
2146		1.187382
2147		2.612241
2148		1.187382
2149		2.137288
2150		2.137288
2151		2.374765
2152		2.612241
2153		2.612241
2154		1.424859
2155		2.374765
2156		2.374765
2157		1.662335
2158		1.187382
2159		1.424859
2160		1.662335
2161		1.899812
2162		3.324671
2163		2.137288
2164		0.712429
2165		2.137288
2166		1.187382
2167		2.612241
2168		2.612241
2169		1.424859
2170		1.899812
2171		1.424859
2172		1.662335
2173		2.612241
2174		1.187382
2175		1.662335
2176		1.662335
2177		1.662335
2178		1.662335
2179		0.712429
2180		1.424859
2181		1.424859
2182		0.712429
2183		0.949906
2184		1.187382
2185		1.662335
2186		1.424859
2187		0.712429
2188		2.374765
2189		1.662335
2190		1.899812
2191		1.424859
2192		0.949906
2193		1.187382
2194		3.799624
2195		4.749529
2196		10.448965
2197		16.623354
2198		16.623354
2199		12.111300
2200		7.836724
2201		3.087194
2202		2.849718
2203		0.949906
2204		3.087194
2205		1.187382
2206		2.137288
2207		1.662335
2208		1.424859
2209		0.712429
2210		2.612241
2211		1.424859
2212		1.424859
2213		2.137288
2214		0.712429
2215		0.474953
2216		1.187382
2217		1.187382
2218		1.662335
2219		1.899812
2220		0.712429
2221		1.424859
2222		0.712429
2223		0.949906
2224		1.187382
2225		1.424859
2226		1.424859
2227		1.424859
2228		0.712429
2229		1.662335
2230		0.949906
2231		0.474953
2232		1.899812
2233		1.187382
2234		1.187382
2235		1.662335
2236		0.000000
2237		1.899812
2238		0.712429
2239		0.474953
2240		0.474953
2241		0.474953
2242		1.899812
2243		1.424859
2244		0.474953
2245		0.712429
2246		1.424859
2247		1.899812
2248		1.424859
2249		1.899812
2250		1.424859
2251		0.712429
2252		1.899812
2253		0.712429
2254		0.712429
2255		0.949906
2256		0.949906
2257		0.712429
2258		0.949906
2259		1.899812
2260		0.712429
2261		0.712429
2262		1.187382
2263		1.899812
2264		2.374765
2265		0.949906
2266		2.137288
2267		2.137288
2268		1.187382
2269		1.187382
2270		1.187382
2271		0.237476
2272		1.424859
2273		1.424859
2274		0.000000
2275		0.237476
2276		2.137288
2277		1.662335
2278		1.187382
2279		1.899812
2280		2.374765
2281		0.474953
2282		1.424859
2283		0.949906
2284		0.237476
2285		1.187382
2286		0.949906
2287		0.712429
2288		0.474953
2289		0.949906
2290		1.424859
2291		1.424859
2292		1.187382
2293		1.424859
2294		0.712429
2295		1.187382
2296		0.949906
2297		1.187382
2298		0.949906
2299		1.187382
2300		0.237476
2301		1.899812
2302		0.474953
2303		0.712429
2304		0.474953
2305		0.712429
2306		0.712429
2307		0.949906
2308		0.237476
2309		1.187382
2310		0.474953
2311		0.712429
2312		1.424859
2313		0.949906
2314		0.474953
2315		0.712429
2316		1.424859
2317		0.237476
2318		1.662335
2319		0.712429
2320		0.712429
2321		0.949906
2322		0.712429
2323		0.712429
2324		0.000000
2325		1.187382
2326		0.712429
2327		0.237476
2328		0.474953
2329		0.474953
2330		0.474953
2331		1.187382
2332		0.237476
2333		1.424859
2334		0.474953
2335		0.237476
2336		0.474953
2337		1.424859
2338		0.949906
2339		0.237476
2340		0.474953
2341		0.949906
2342		1.424859
2343		0.237476
2344		1.187382
2345		0.949906
2346		0.000000
2347		0.949906
2348		0.949906
2349		0.949906
2350		0.712429
2351		0.237476
2352		0.474953
2353		0.474953
2354		1.424859
2355		1.662335
2356		0.949906
2357		1.187382
2358		0.000000
2359		0.949906
2360		0.712429
2361		0.000000
2362		0.712429
2363		0.237476
2364		0.949906
2365		0.712429
2366		0.237476
2367		0.712429
2368		0.712429
2369		0.949906
2370		0.949906
2371		0.474953
2372		0.474953
2373		0.949906
2374		0.949906
2375		1.899812
2376		0.237476
2377		0.474953
2378		0.474953
2379		0.474953
2380		0.000000
2381		0.712429
2382		0.949906
2383		0.474953
2384		0.712429
2385		0.474953
2386		1.187382
2387		0.949906
2388		0.474953
2389		0.237476
2390		0.000000
2391		0.949906
2392		0.712429
2393		0.712429
2394		0.949906
2395		0.474953
2396		0.474953
2397		0.000000
2398		0.237476
2399		1.187382
2400		0.712429
2401		0.237476
2402		1.662335
2403		0.000000
2404		1.187382
2405		0.237476
2406		0.237476
2407		1.662335
2408		0.237476
2409		0.474953
2410		0.474953
2411		0.949906
2412		0.474953
2413		0.474953
2414		1.187382
2415		0.474953
2416		0.712429
2417		1.187382
2418		0.949906
2419		0.712429
2420		0.474953
2421		0.237476
2422		0.474953
2423		0.474953
2424		0.712429
2425		0.712429
2426		0.474953
2427		0.237476
2428		0.000000
2429		0.237476
2430		0.712429
2431		0.712429
2432		1.424859
2433		0.949906
2434		0.237476
2435		0.474953
2436		0.237476
2437		0.237476
2438		0.237476
2439		0.237476
2440		0.712429
2441		0.237476
2442		1.187382
2443		0.949906
2444		0.237476
2445		0.474953
2446		0.474953
2447		0.712429
2448		0.474953
2449		0.474953
2450		0.474953
2451		0.474953
2452		0.000000
2453		0.000000
2454		0.237476
2455		0.237476
2456		0.237476
2457		0.237476
2458		0.237476
2459		0.474953
2460		0.237476
2461		0.237476
2462		0.000000
2463		0.000000
2464		0.712429
2465		0.474953
2466		0.474953
2467		0.237476
2468		0.474953
2469		0.237476
2470		0.474953
2471		0.237476
2472		0.237476
2473		0.474953
2474		0.000000
2475		0.474953
2476		0.237476
2477		0.474953
2478		0.000000
2479		0.000000
2480		0.000000
2481		0.000000
2482		0.237476
2483		0.000000
2484		0.000000
2485		0.237476
2486		0.000000
2487		0.712429
2488		0.474953
2489		0.000000
2490		0.000000
2491		0.000000
2492		0.474953
2493		0.000000
2494		0.237476
2495		0.712429
2496		0.237476
2497		0.237476
2498		0.712429
2499		1.662335
2500		0.949906
2501		2.612241
2502		3.087194
2503		4.037100
2504		1.899812
2505		0.949906
2506		0.712429
2507		0.237476
2508		0.000000
2509		0.237476
2510		0.000000
2511		0.237476
2512		0.000000
2513		0.000000
2514		0.000000
2515		0.237476
2516		0.474953
2517		0.000000
2518		0.474953
2519		0.000000
2520		0.000000
2521		0.000000
2522		0.000000
2523		0.000000
2524		0.000000
2525		0.000000
2526		0.237476
2527		0.000000
2528		0.000000
2529		0.000000
2530		0.474953
2531		0.000000
2532		0.000000
2533		0.000000
2534		0.000000
2535		0.000000
2536		0.237476
2537		0.237476
2538		0.000000
2539		0.000000
2540		0.000000
2541		0.000000
2542		0.237476
2543		0.000000
2544		0.000000
2545		0.000000
2546		0.000000
2547		0.000000
2548		0.000000
2549		0.000000
2550		0.000000
2551		0.000000
2552		0.000000
2553		0.000000
2554		0.000000
2555		0.000000
2556		0.000000
2557		0.000000
2558		0.000000
2559		0.000000
2560		0.000000
2561		0.000000
2562		0.000000
2563		0.000000
2564		0.000000
2565		0.000000
2566		0.000000
2567		0.000000
2568		0.000000
2569		0.000000
2570		0.000000
2571		0.000000
2572		0.000000
2573		0.949906
2574		0.237476
2575		1.424859
2576		1.424859
2577		2.137288
2578		0.712429
2579		0.000000
2580		0.712429
2581		0.000000
2582		0.000000
2583		0.000000
2584		0.000000
2585		0.000000
2586		0.000000
2587		0.000000
2588		0.000000
2589		0.000000
2590		0.000000
2591		0.000000
2592		0.000000
2593		0.000000
2594		0.000000
2595		0.000000
2596		0.000000
2597		0.000000
2598		0.000000
2599		0.000000
2600		0.000000
2601		0.000000
2602		0.000000
2603		0.000000
2604		0.000000
2605		0.000000
2606		0.000000
2607		0.000000
2608		0.000000
2609		0.000000
2610		0.000000
2611		0.000000
2612		0.000000
2613		0.000000
2614		0.000000
2615		0.000000
2616		0.000000
2617		0.000000
2618		0.000000
2619		0.000000
2620		0.000000
2621		0.000000
2622		0.000000
2623		0.000000
2624		0.000000
2625		0.000000
2626		0.000000
2627		0.000000
2628		0.000000
2629		0.000000
2630		0.000000
2631		0.000000
2632		0.000000
2633		0.000000
2634		0.000000
2635		0.000000
2636		0.000000
2637		0.000000
2638		0.000000
2639		0.000000
2640		0.000000
2641		0.000000
2642		0.000000
2643		0.000000
2644		0.000000
2645		0.000000
2646		0.000000
2647		0.000000
2648		0.000000
2649		0.000000
2650		0.000000
2651		0.000000
2652		0.000000
2653		0.000000
2654		0.000000
2655		0.000000
2656		0.000000
2657		0.000000
2658		0.000000
2659		0.000000
2660		0.000000
2661		0.000000
2662		0.000000
2663		0.000000
2664		0.000000
2665		0.000000
2666		0.000000
2667		0.000000
2668		0.000000
2669		0.000000
2670		0.000000
2671		0.000000
2672		0.000000
2673		0.000000
2674		0.000000
2675		0.000000
2676		0.000000
2677		0.000000
2678		0.000000
2679		0.000000
2680		0.000000
2681		0.000000
2682		0.000000
2683		0.000000
2684		0.000000
2685		0.000000
2686		0.000000
2687		0.000000
2688		0.000000
2689		0.000000
2690		0.000000
2691		0.000000
2692		0.000000
2693		0.000000
2694		0.000000
2695		0.000000
2696		0.000000
2697		0.000000
2698		0.000000
2699		0.000000
2700		0.000000
2701		0.000000
2702		0.000000
2703		0.000000
2704		0.000000
2705		0.000000
2706		0.000000
2707		0.000000
2708		0.000000
2709		0.000000
2710		0.000000
2711		0.000000
2712		0.000000
2713		0.000000
2714		0.000000
2715		0.000000
2716		0.000000
2717		0.000000
2718		0.000000
2719		0.000000
2720		0.000000
2721		0.000000
2722		0.000000
2723		0.000000
2724		0.000000
2725		0.000000
2726		0.000000
2727		0.000000
2728		0.000000
2729		0.000000
2730		0.000000
2731		0.000000
2732		0.000000
2733		0.000000
2734		0.000000
2735		0.000000
2736		0.000000
2737		0.000000
2738		0.000000
2739		0.000000
2740		0.000000
2741		0.000000
2742		0.000000
2743		0.000000
2744		0.000000
2745		0.000000
2746		0.000000
2747		0.000000
2748		0.000000
2749		0.000000
2750		0.000000
2751		0.000000
2752		0.000000
2753		0.000000
2754		0.000000
2755		0.000000
2756		0.000000
2757		0.000000
2758		0.000000
2759		0.000000
2760		0.000000
2761		0.000000
2762		0.000000
2763		0.000000
2764		0.000000
2765		0.000000
2766		0.000000
2767		0.000000
2768		0.000000
2769		0.000000
2770		0.000000
2771		0.000000
2772		0.000000
2773		0.000000
2774		0.000000
2775		0.000000
2776		0.000000
2777		0.000000
2778		0.000000
2779		0.000000
2780		0.000000
2781		0.000000
2782		0.000000
2783		0.000000
2784		0.000000
2785		0.000000
2786		0.000000
2787		0.000000
2788		0.000000
2789		0.000000
2790		0.000000
2791		0.000000
2792		0.000000
2793		0.000000
2794		0.000000
2795		0.000000
2796		0.000000
2797		0.000000
2798		0.000000
2799		0.000000
2800		0.000000
2801		0.000000
2802		0.000000
2803		0.000000
2804		0.000000
2805		0.000000
2806		0.000000
2807		0.000000
2808		0.000000
2809		0.000000
2810		0.000000
2811		0.000000
2812		0.000000
2813		0.000000
2814		0.000000
2815		0.000000
2816		0.000000
2817		0.000000
2818		0.000000
2819		0.000000
2820		0.000000
2821		0.000000
2822		0.000000
2823		0.000000
2824		0.000000
2825		0.000000
2826		0.000000
2827		0.000000
2828		0.000000
2829		0.000000
2830		0.000000
2831		0.000000
2832		0.000000
2833		0.000000
2834		0.000000
2835		0.000000
2836		0.000000
2837		0.000000
2838		0.000000
2839		0.000000
2840		0.000000
2841		0.000000
2842		0.000000
2843		0.000000
2844		0.000000
2845		0.000000
2846		0.000000
2847		0.000000
2848		0.000000
2849		0.000000
2850		0.000000
2851		0.000000
2852		0.000000
2853		0.000000
2854		0.000000
2855		0.000000
2856		0.000000
2857		0.000000
2858		0.000000
2859		0.000000
2860		0.000000
2861		0.000000
2862		0.000000
2863		0.000000
2864		0.000000
2865		0.000000
2866		0.000000
2867		0.000000
2868		0.000000
2869		0.000000
2870		0.000000
2871		0.000000
2872		0.000000
2873		0.000000
2874		0.000000
2875		0.000000
2876		0.000000
2877		0.000000
2878		0.000000
2879		0.000000
2880		0.000000
2881		0.000000
2882		0.000000
2883		0.000000
2884		0.000000
2885		0.000000
2886		0.000000
2887		0.000000
2888		0.000000
2889		0.000000
2890		0.000000
2891		0.000000
2892		0.000000
2893		0.000000
2894		0.000000
2895		0.000000
2896		0.000000
2897		0.000000
2898		0.000000
2899		0.000000
2900		0.000000
2901		0.000000
2902		0.000000
2903		0.000000
2904		0.000000
2905		0.000000
2906		0.000000
2907		0.000000
2908		0.000000
2909		0.000000
2910		0.000000
2911		0.000000
2912		0.000000
2913		0.000000
2914		0.000000
2915		0.000000
2916		0.000000
2917		0.000000
2918		0.000000
2919		0.000000
2920		0.000000
2921		0.000000
2922		0.000000
2923		0.000000
2924		0.000000
2925		0.000000
2926		0.000000
2927		0.000000
2928		0.000000
2929		0.000000
2930		0.000000
2931		0.000000
2932		0.000000
2933		0.000000
2934		0.000000
2935		0.000000
2936		0.000000
2937		0.000000
2938		0.000000
2939		0.000000
2940		0.000000
2941		0.000000
2942		0.000000
2943		0.000000
2944		0.000000
2945		0.000000
2946		0.000000
2947		0.000000
2948		0.000000
2949		0.000000
2950		0.000000
2951		0.000000
2952		0.000000
2953		0.000000
2954		0.000000
2955		0.000000
2956		0.000000
2957		0.000000
2958		0.000000
2959		0.000000
2960		0.000000
2961		0.000000
2962		0.000000
2963		0.000000
2964		0.000000
2965		0.000000
2966		0.000000
2967		0.000000
2968		0.000000
2969		0.000000
2970		0.000000
2971		0.000000
2972		0.000000
2973		0.000000
2974		0.000000
2975		0.000000
2976		0.000000
2977		0.000000
2978		0.000000
2979		0.000000
2980		0.000000
2981		0.000000
2982		0.000000
2983		0.000000
2984		0.000000
2985		0.000000
2986		0.000000
2987		0.000000
2988		0.000000
2989		0.000000
2990		0.000000
2991		0.000000
2992		0.000000
2993		0.000000
2994		0.000000
2995		0.000000
2996		0.000000
2997		0.000000
2998		0.000000
2999		0.000000
3000		0.000000
3001		0.000000
3002		0.000000
3003		0.000000
3004		0.000000
3005		0.000000
3006		0.000000
3007		0.000000
3008		0.000000
3009		0.000000
3010		0.000000
3011		0.000000
3012		0.000000
3013		0.000000
3014		0.000000
3015		0.000000
3016		0.000000
3017		0.000000
3018		0.000000
3019		0.000000
3020		0.000000
3021		0.000000
3022		0.000000
3023		0.000000
3024		0.000000
3025		0.000000
3026		0.000000
3027		0.000000
3028		0.000000
3029		0.000000
3030		0.000000
3031		0.000000
3032		0.000000
3033		0.000000
3034		0.000000
3035		0.000000
3036		0.000000
3037		0.000000
3038		0.000000
3039		0.000000
3040		0.000000
3041		0.000000
3042		0.000000
3043		0.000000
3044		0.000000
3045		0.000000
3046		0.000000
3047		0.000000
3048		0.000000
3049		0.000000
3050		0.000000
3051		0.000000
3052		0.000000
3053		0.000000
3054		0.000000
3055		0.000000
3056		0.000000
3057		0.000000
3058		0.000000
3059		0.000000
3060		0.000000
3061		0.000000
3062		0.000000
3063		0.000000
3064		0.000000
3065		0.000000
3066		0.000000
3067		0.000000
3068		0.000000
3069		0.000000
3070		0.000000
3071		0.000000
3072		0.000000
3073		0.000000
3074		0.000000
3075		0.000000
3076		0.000000
3077		0.000000
3078		0.000000
3079		0.000000
3080		0.000000
3081		0.000000
3082		0.000000
3083		0.000000
3084		0.000000
3085		0.000000
3086		0.000000
3087		0.000000
3088		0.000000
3089		0.000000
3090		0.000000
3091		0.000000
3092		0.000000
3093		0.000000
3094		0.000000
3095		0.000000
3096		0.000000
3097		0.000000
3098		0.000000
3099		0.000000
3100		0.000000
3101		0.000000
3102		0.000000
3103		0.000000
3104		0.000000
3105		0.000000
3106		0.000000
3107		0.000000
3108		0.000000
3109		0.000000
3110		0.000000
3111		0.000000
3112		0.000000
3113		0.000000
3114		0.000000
3115		0.000000
3116		0.000000
3117		0.000000
3118		0.000000
3119		0.000000
3120		0.000000
3121		0.000000
3122		0.000000
3123		0.000000
3124		0.000000
3125		0.000000
3126		0.000000
3127		0.000000
3128		0.000000
3129		0.000000
3130		0.000000
3131		0.000000
3132		0.000000
3133		0.000000
3134		0.000000
3135		0.000000
3136		0.000000
3137		0.000000
3138		0.000000
3139		0.000000
3140		0.000000
3141		0.000000
3142		0.000000
3143		0.000000
3144		0.000000
3145		0.000000
3146		0.000000
3147		0.000000
3148		0.000000
3149		0.000000
3150		0.000000
3151		0.000000
3152		0.000000
3153		0.000000
3154		0.000000
3155		0.000000
3156		0.000000
3157		0.000000
3158		0.000000
3159		0.000000
3160		0.000000
3161		0.000000
3162		0.000000
3163		0.000000
3164		0.000000
3165		0.000000
3166		0.000000
3167		0.000000
3168		0.000000
3169		0.000000
3170		0.000000
3171		0.000000
3172		0.000000
3173		0.000000
3174		0.000000
3175		0.000000
3176		0.000000
3177		0.000000
3178		0.000000
3179		0.000000
3180		0.000000
3181		0.000000
3182		0.000000
3183		0.000000
3184		0.000000
3185		0.000000
3186		0.000000
3187		0.000000
3188		0.000000
3189		0.000000
3190		0.000000
3191		0.000000
3192		0.000000
3193		0.000000
3194		0.000000
3195		0.000000
3196		0.000000
3197		0.000000
3198		0.000000
3199		0.000000
3200		0.000000
3201		0.000000
3202		0.000000
3203		0.000000
3204		0.000000
3205		0.000000
3206		0.000000
3207		0.000000
3208		0.000000
3209		0.000000
3210		0.000000
3211		0.000000
3212		0.000000
3213		0.000000
3214		0.000000
3215		0.000000
3216		0.000000
3217		0.000000
3218		0.000000
3219		0.000000
3220		0.000000
3221		0.000000
3222		0.000000
3223		0.000000
3224		0.000000
3225		0.000000
3226		0.000000
3227		0.000000
3228		0.000000
3229		0.000000
3230		0.000000
3231		0.000000
3232		0.000000
3233		0.000000
3234		0.000000
3235		0.000000
3236		0.000000
3237		0.000000
3238		0.000000
3239		0.000000
3240		0.000000
3241		0.000000
3242		0.000000
3243		0.000000
3244		0.000000
3245		0.000000
3246		0.000000
3247		0.000000
3248		0.000000
3249		0.000000
3250		0.000000
3251		0.000000
3252		0.000000
3253		0.000000
3254		0.000000
3255		0.000000
3256		0.000000
3257		0.000000
3258		0.000000
3259		0.000000
3260		0.000000
3261		0.000000
3262		0.000000
3263		0.000000
3264		0.000000
3265		0.000000
3266		0.000000
3267		0.000000
3268		0.000000
3269		0.000000
3270		0.000000
3271		0.000000
3272		0.000000
3273		0.000000
3274		0.000000
3275		0.000000
3276		0.000000
3277		0.000000
3278		0.000000
3279		0.000000
3280		0.000000
3281		0.000000
3282		0.000000
3283		0.000000
3284		0.000000
3285		0.000000
3286		0.000000
3287		0.000000
3288		0.000000
3289		0.000000
3290		0.000000
3291		0.000000
3292		0.000000
3293		0.000000
3294		0.000000
3295		0.000000
3296		0.000000
3297		0.000000
3298		0.000000
3299		0.000000
3300		0.000000
3301		0.000000
3302		0.000000
3303		0.000000
3304		0.000000
3305		0.000000
3306		0.000000
3307		0.000000
3308		0.000000
3309		0.000000
3310		0.000000
3311		0.000000
3312		0.000000
3313		0.000000
3314		0.000000
3315		0.000000
3316		0.000000
3317		0.000000
3318		0.000000
3319		0.000000
3320		0.000000
3321		0.000000
3322		0.000000
3323		0.000000
3324		0.000000
3325		0.000000
3326		0.000000
3327		0.000000
3328		0.000000
3329		0.000000
3330		0.000000
3331		0.000000
3332		0.000000
3333		0.000000
3334		0.000000
3335		0.000000
3336		0.000000
3337		0.000000
3338		0.000000
3339		0.000000
3340		0.000000
3341		0.000000
3342		0.000000
3343		0.000000
3344		0.000000
3345		0.000000
3346		0.000000
3347		0.000000
3348		0.000000
3349		0.000000
3350		0.000000
3351		0.000000
3352		0.000000
3353		0.000000
3354		0.000000
3355		0.000000
3356		0.000000
3357		0.000000
3358		0.000000
3359		0.000000
3360		0.000000
3361		0.000000
3362		0.000000
3363		0.000000
3364		0.000000
3365		0.000000
3366		0.000000
3367		0.000000
3368		0.000000
3369		0.000000
3370		0.000000
3371		0.000000
3372		0.000000
3373		0.000000
3374		0.000000
3375		0.000000
3376		0.000000
3377		0.000000
3378		0.000000
3379		0.000000
3380		0.000000
3381		0.000000
3382		0.000000
3383		0.000000
3384		0.000000
3385		0.000000
3386		0.000000
3387		0.000000
3388		0.000000
3389		0.000000
3390		0.000000
3391		0.000000
3392		0.000000
3393		0.000000
3394		0.000000
3395		0.000000
3396		0.000000
3397		0.000000
3398		0.000000
3399		0.000000
3400		0.000000
3401		0.000000
3402		0.000000
3403		0.000000
3404		0.000000
3405		0.000000
3406		0.000000
3407		0.000000
3408		0.000000
3409		0.000000
3410		0.000000
3411		0.000000
3412		0.000000
3413		0.000000
3414		0.000000
3415		0.000000
3416		0.000000
3417		0.000000
3418		0.000000
3419		0.000000
3420		0.000000
3421		0.000000
3422		0.000000
3423		0.000000
3424		0.000000
3425		0.000000
3426		0.000000
3427		0.000000
3428		0.000000
3429		0.000000
3430		0.000000
3431		0.000000
3432		0.000000
3433		0.000000
3434		0.000000
3435		0.000000
3436		0.000000
3437		0.000000
3438		0.000000
3439		0.000000
3440		0.000000
3441		0.000000
3442		0.000000
3443		0.000000
3444		0.000000
3445		0.000000
3446		0.000000
3447		0.000000
3448		0.000000
3449		0.000000
3450		0.000000
3451		0.000000
3452		0.000000
3453		0.000000
3454		0.000000
3455		0.000000
3456		0.000000
3457		0.000000
3458		0.000000
3459		0.000000
3460		0.000000
3461		0.000000
3462		0.000000
3463		0.000000
3464		0.000000
3465		0.000000
3466		0.000000
3467		0.000000
3468		0.000000
3469		0.000000
3470		0.000000
3471		0.000000
3472		0.000000
3473		0.000000
3474		0.000000
3475		0.000000
3476		0.000000
3477		0.000000
3478		0.000000
3479		0.000000
3480		0.000000
3481		0.000000
3482		0.000000
3483		0.000000
3484		0.000000
3485		0.000000
3486		0.000000
3487		0.000000
3488		0.000000
3489		0.000000
3490		0.000000
3491		0.000000
3492		0.000000
3493		0.000000
3494		0.000000
3495		0.000000
3496		0.000000
3497		0.000000
3498		0.000000
3499		0.000000
3500		0.000000
3501		0.000000
3502		0.000000
3503		0.000000
3504		0.000000
3505		0.000000
3506		0.000000
3507		0.000000
3508		0.000000
3509		0.000000
3510		0.000000
3511		0.000000
3512		0.000000
3513		0.000000
3514		0.000000
3515		0.000000
3516		0.000000
3517		0.000000
3518		0.000000
3519		0.000000
3520		0.000000
3521		0.000000
3522		0.000000
3523		0.000000
3524		0.000000
3525		0.000000
3526		0.000000
3527		0.000000
3528		0.000000
3529		0.000000
3530		0.000000
3531		0.000000
3532		0.000000
3533		0.000000
3534		0.000000
3535		0.000000
3536		0.000000
3537		0.000000
3538		0.000000
3539		0.000000
3540		0.000000
3541		0.000000
3542		0.000000
3543		0.000000
3544		0.000000
3545		0.000000
3546		0.000000
3547		0.000000
3548		0.000000
3549		0.000000
3550		0.000000
3551		0.000000
3552		0.000000
3553		0.000000
3554		0.000000
3555		0.000000
3556		0.000000
3557		0.000000
3558		0.000000
3559		0.000000
3560		0.000000
3561		0.000000
3562		0.000000
3563		0.000000
3564		0.000000
3565		0.000000
3566		0.000000
3567		0.000000
3568		0.000000
3569		0.000000
3570		0.000000
3571		0.000000
3572		0.000000
3573		0.000000
3574		0.000000
3575		0.000000
3576		0.000000
3577		0.000000
3578		0.000000
3579		0.000000
3580		0.000000
3581		0.000000
3582		0.000000
3583		0.000000
3584		0.000000
3585		0.000000
3586		0.000000
3587		0.000000
3588		0.000000
3589		0.000000
3590		0.000000
3591		0.000000
3592		0.000000
3593		0.000000
3594		0.000000
3595		0.000000
3596		0.000000
3597		0.000000
3598		0.000000
3599		0.000000
3600		0.000000
3601		0.000000
3602		0.000000
3603		0.000000
3604		0.000000
3605		0.000000
3606		0.000000
3607		0.000000
3608		0.000000
3609		0.000000
3610		0.000000
3611		0.000000
3612		0.000000
3613		0.000000
3614		0.000000
3615		0.000000
3616		0.000000
3617		0.000000
3618		0.000000
3619		0.000000
3620		0.000000
3621		0.000000
3622		0.000000
3623		0.000000
3624		0.000000
3625		0.000000
3626		0.000000
3627		0.000000
3628		0.000000
3629		0.000000
3630		0.000000
3631		0.000000
3632		0.000000
3633		0.000000
3634		0.000000
3635		0.000000
3636		0.000000
3637		0.000000
3638		0.000000
3639		0.000000
3640		0.000000
3641		0.000000
3642		0.000000
3643		0.000000
3644		0.000000
3645		0.000000
3646		0.000000
3647		0.000000
3648		0.000000
3649		0.000000
3650		0.000000
3651		0.000000
3652		0.000000
3653		0.000000
3654		0.000000
3655		0.000000
3656		0.000000
3657		0.000000
3658		0.000000
3659		0.000000
3660		0.000000
3661		0.000000
3662		0.000000
3663		0.000000
3664		0.000000
3665		0.000000
3666		0.000000
3667		0.000000
3668		0.000000
3669		0.000000
3670		0.000000
3671		0.000000
3672		0.000000
3673		0.000000
3674		0.000000
3675		0.000000
3676		0.000000
3677		0.000000
3678		0.000000
3679		0.000000
3680		0.000000
3681		0.000000
3682		0.000000
3683		0.000000
3684		0.000000
3685		0.000000
3686		0.000000
3687		0.000000
3688		0.000000
3689		0.000000
3690		0.000000
3691		0.000000
3692		0.000000
3693		0.000000
3694		0.000000
3695		0.000000
3696		0.000000
3697		0.000000
3698		0.000000
3699		0.000000
3700		0.000000
3701		0.000000
3702		0.000000
3703		0.000000
3704		0.000000
3705		0.000000
3706		0.000000
3707		0.000000
3708		0.000000
3709		0.000000
3710		0.000000
3711		0.000000
3712		0.000000
3713		0.000000
3714		0.000000
3715		0.000000
3716		0.000000
3717		0.000000
3718		0.000000
3719		0.000000
3720		0.000000
3721		0.000000
3722		0.000000
3723		0.000000
3724		0.000000
3725		0.000000
3726		0.000000
3727		0.000000
3728		0.000000
3729		0.000000
3730		0.000000
3731		0.000000
3732		0.000000
3733		0.000000
3734		0.000000
3735		0.000000
3736		0.000000
3737		0.000000
3738		0.000000
3739		0.000000
3740		0.000000
3741		0.000000
3742		0.000000
3743		0.000000
3744		0.000000
3745		0.000000
3746		0.000000
3747		0.000000
3748		0.000000
3749		0.000000
3750		0.000000
3751		0.000000
3752		0.000000
3753		0.000000
3754		0.000000
3755		0.000000
3756		0.000000
3757		0.000000
3758		0.000000
3759		0.000000
3760		0.000000
3761		0.000000
3762		0.000000
3763		0.000000
3764		0.000000
3765		0.000000
3766		0.000000
3767		0.000000
3768		0.000000
3769		0.000000
3770		0.000000
3771		0.000000
3772		0.000000
3773		0.000000
3774		0.000000
3775		0.000000
3776		0.000000
3777		0.000000
3778		0.000000
3779		0.000000
3780		0.000000
3781		0.000000
3782		0.000000
3783		0.000000
3784		0.000000
3785		0.000000
3786		0.000000
3787		0.000000
3788		0.000000
3789		0.000000
3790		0.000000
3791		0.000000
3792		0.000000
3793		0.000000
3794		0.000000
3795		0.000000
3796		0.000000
3797		0.000000
3798		0.000000
3799		0.000000
3800		0.000000
3801		0.000000
3802		0.000000
3803		0.000000
3804		0.000000
3805		0.000000
3806		0.000000
3807		0.000000
3808		0.000000
3809		0.000000
3810		0.000000
3811		0.000000
3812		0.000000
3813		0.000000
3814		0.000000
3815		0.000000
3816		0.000000
3817		0.000000
3818		0.000000
3819		0.000000
3820		0.000000
3821		0.000000
3822		0.000000
3823		0.000000
3824		0.000000
3825		0.000000
3826		0.000000
3827		0.000000
3828		0.000000
3829		0.000000
3830		0.000000
3831		0.000000
3832		0.000000
3833		0.000000
3834		0.000000
3835		0.000000
3836		0.000000
3837		0.000000
3838		0.000000
3839		0.000000
3840		0.000000
3841		0.000000
3842		0.000000
3843		0.000000
3844		0.000000
3845		0.000000
3846		0.000000
3847		0.000000
3848		0.000000
3849		0.000000
3850		0.000000
3851		0.000000
3852		0.000000
3853		0.000000
3854		0.000000
3855		0.000000
3856		0.000000
3857		0.000000
3858		0.000000
3859		0.000000
3860		0.000000
3861		0.000000
3862		0.000000
3863		0.000000
3864		0.000000
3865		0.000000
3866		0.000000
3867		0.000000
3868		0.000000
3869		0.000000
3870		0.000000
3871		0.000000
3872		0.000000
3873		0.000000
3874		0.000000
3875		0.000000
3876		0.000000
3877		0.000000
3878		0.000000
3879		0.000000
3880		0.000000
3881		0.000000
3882		0.000000
3883		0.000000
3884		0.000000
3885		0.000000
3886		0.000000
3887		0.000000
3888		0.000000
3889		0.000000
3890		0.000000
3891		0.000000
3892		0.000000
3893		0.000000
3894		0.000000
3895		0.000000
3896		0.000000
3897		0.000000
3898		0.000000
3899		0.000000
3900		0.000000
3901		0.000000
3902		0.000000
3903		0.000000
3904		0.000000
3905		0.000000
3906		0.000000
3907		0.000000
3908		0.000000
3909		0.000000
3910		0.000000
3911		0.000000
3912		0.000000
3913		0.000000
3914		0.000000
3915		0.000000
3916		0.000000
3917		0.000000
3918		0.000000
3919		0.000000
3920		0.000000
3921		0.000000
3922		0.000000
3923		0.000000
3924		0.000000
3925		0.000000
3926		0.000000
3927		0.000000
3928		0.000000
3929		0.000000
3930		0.000000
3931		0.000000
3932		0.000000
3933		0.000000
3934		0.000000
3935		0.000000
3936		0.000000
3937		0.000000
3938		0.000000
3939		0.000000
3940		0.000000
3941		0.000000
3942		0.000000
3943		0.000000
3944		0.000000
3945		0.000000
3946		0.000000
3947		0.000000
3948		0.000000
3949		0.000000
3950		0.000000
3951		0.000000
3952		0.000000
3953		0.000000
3954		0.000000
3955		0.000000
3956		0.000000
3957		0.000000
3958		0.000000
3959		0.000000
3960		0.000000
3961		0.000000
3962		0.000000
3963		0.000000
3964		0.000000
3965		0.000000
3966		0.000000
3967		0.000000
3968		0.000000
3969		0.000000
3970		0.000000
3971		0.000000
3972		0.000000
3973		0.000000
3974		0.000000
3975		0.000000
3976		0.000000
3977		0.000000
3978		0.000000
3979		0.000000
3980		0.000000
3981		0.000000
3982		0.000000
3983		0.000000
3984		0.000000
3985		0.000000
3986		0.000000
3987		0.000000
3988		0.000000
3989		0.000000
3990		0.000000
3991		0.000000
3992		0.000000
3993		0.000000
3994		0.000000
3995		0.000000
3996		0.000000
3997		0.000000
3998		0.000000
3999		0.000000
4000		0.000000
4001		0.000000
4002		0.000000
4003		0.000000
4004		0.000000
4005		0.000000
4006		0.000000
4007		0.000000
4008		0.000000
4009		0.000000
4010		0.000000
4011		0.000000
4012		0.000000
4013		0.000000
4014		0.000000
4015		0.000000
4016		0.000000
4017		0.000000
4018		0.000000
4019		0.000000
4020		0.000000
4021		0.000000
4022		0.000000
4023		0.000000
4024		0.000000
4025		0.000000
4026		0.000000
4027		0.000000
4028		0.000000
4029		0.000000
4030		0.000000
4031		0.000000
4032		0.000000
4033		0.000000
4034		0.000000
4035		0.000000
4036		0.000000
4037		0.000000
4038		0.000000
4039		0.000000
4040		0.000000
4041		0.000000
4042		0.000000
4043		0.000000
4044		0.000000
4045		0.000000
4046		0.000000
4047		0.000000
4048		0.000000
4049		0.000000
4050		0.000000
4051		0.000000
4052		0.000000
4053		0.000000
4054		0.000000
4055		0.000000
4056		0.000000
4057		0.000000
4058		0.000000
4059		0.000000
4060		0.000000
4061		0.000000
4062		0.000000
4063		0.000000
4064		0.000000
4065		0.000000
4066		0.000000
4067		0.000000
4068		0.000000
4069		0.000000
4070		0.000000
4071		0.000000
4072		0.000000
4073		0.000000
4074		0.000000
4075		0.000000
4076		0.000000
4077		0.000000
4078		0.000000
4079		0.000000
4080		0.000000
4081		0.000000
4082		0.000000
4083		0.000000
4084		0.000000
4085		0.000000
4086		0.000000
4087		0.000000
4088		0.000000
4089		0.000000
4090		0.000000
4091		0.000000
4092		0.000000
4093		0.000000
4094		0.000000
4095		0.000000
