0		0.000000
1		0.000000
2		0.000000
3		0.000000
4		0.000000
5		0.000000
6		0.000000
7		0.000000
8		0.000000
9		0.000000
10		0.000000
11		0.000000
12		0.000000
13		0.000000
14		0.000000
15		0.000000
16		0.000000
17		0.000000
18		0.000000
19		0.000000
20		0.000000
21		0.000000
22		0.000000
23		0.000000
24		0.000000
25		0.000000
26		0.000000
27		0.000000
28		0.000000
29		0.000000
30		0.000000
31		0.000000
32		0.000000
33		0.000000
34		0.000000
35		0.000000
36		0.000000
37		0.000000
38		0.000000
39		0.000000
40		0.000000
41		0.000000
42		0.000000
43		0.000000
44		0.000000
45		0.000000
46		0.000000
47		0.000000
48		0.000000
49		0.000000
50		0.000000
51		0.000000
52		0.000000
53		0.000000
54		0.000000
55		0.000000
56		0.000000
57		0.000000
58		0.000000
59		0.000000
60		0.000000
61		0.000000
62		0.000000
63		0.000000
64		0.000000
65		0.000000
66		0.000000
67		0.000000
68		0.000000
69		0.000000
70		0.000000
71		0.000000
72		0.000000
73		0.000000
74		0.000000
75		0.000000
76		0.000000
77		0.000000
78		0.000000
79		0.000000
80		0.000000
81		0.000000
82		0.000000
83		0.000000
84		0.000000
85		0.000000
86		0.000000
87		0.000000
88		0.000000
89		0.000000
90		0.000000
91		0.000000
92		0.000000
93		0.000000
94		0.000000
95		0.000000
96		0.000000
97		0.000000
98		0.000000
99		0.000000
100		0.000000
101		0.000000
102		0.000000
103		0.000000
104		0.000000
105		0.000000
106		0.000000
107		0.000000
108		0.000000
109		135676.921875
110		15941.465820
111		365.999298
112		339.647339
113		335.743347
114		355.751312
115		347.943329
116		350.627319
117		340.623352
118		332.571350
119		358.191315
120		345.747345
121		358.923309
122		349.163330
123		348.431335
124		337.451355
125		355.507324
126		363.803314
127		369.903290
128		355.019318
129		363.559296
130		369.903290
131		373.807281
132		364.291290
133		378.199280
134		411.383209
135		389.911255
136		407.967224
137		419.679199
138		442.859161
139		445.299133
140		404.063232
141		367.707306
142		365.511292
143		359.655304
144		370.635284
145		387.959259
146		367.951294
147		388.203247
148		399.427246
149		410.651215
150		401.623230
151		411.139221
152		460.915131
153		480.679077
154		510.203033
155		480.679077
156		466.771118
157		505.079041
158		500.443054
159		530.698975
160		532.406982
161		528.747009
162		568.762939
163		569.006897
164		588.526855
165		609.754822
166		608.290833
167		605.850830
168		589.258850
169		611.706848
170		635.130798
171		652.210754
172		660.750732
173		669.046692
174		677.586670
175		694.910645
176		693.202698
177		718.578613
178		748.590576
179		748.346558
180		760.302551
181		801.538452
182		1751.428589
183		7897.044922
184		2839.422607
185		558.514954
186		525.330994
187		519.718994
188		521.427002
189		523.867004
190		548.266968
191		588.526855
192		592.430847
193		590.234863
194		576.326904
195		577.302917
196		580.474915
197		629.274780
198		621.222778
199		614.878845
200		604.386841
201		598.774841
202		594.382874
203		583.158875
204		582.182861
205		596.822876
206		608.534851
207		567.298889
208		583.402893
209		549.242920
210		567.054932
211		541.678955
212		546.802979
213		546.558960
214		550.706970
215		506.787018
216		531.430969
217		541.434937
218		508.251038
219		504.103027
220		518.010986
221		491.415070
222		511.423004
223		507.031036
224		489.707062
225		489.951050
226		485.315063
227		496.783051
228		476.043091
229		475.555084
230		463.843109
231		478.971069
232		474.579102
233		469.699097
234		442.615143
235		470.919098
236		459.451111
237		456.035126
238		449.935150
239		445.787140
240		434.807159
241		447.251129
242		453.595123
243		455.547119
244		443.347137
245		440.663147
246		449.203125
247		410.895203
248		399.671234
249		426.023193
250		406.015228
251		410.407227
252		406.259216
253		405.771210
254		420.167206
255		410.651215
256		410.163208
257		397.963226
258		390.887238
259		398.207245
260		390.643250
261		395.523254
262		371.367279
263		369.903290
264		365.267303
265		380.395264
266		382.591278
267		377.223267
268		383.567261
269		370.635284
270		364.047302
271		368.439301
272		365.999298
273		386.495270
274		378.443268
275		389.179260
276		362.095306
277		370.391296
278		371.367279
279		383.567261
280		373.319275
281		296.215424
282		387.959259
283		374.295288
284		357.703308
285		353.555328
286		361.119293
287		352.091339
288		364.291290
289		352.579315
290		341.355347
291		342.087341
292		353.311310
293		336.475342
294		353.799316
295		350.139343
296		356.483307
297		351.847321
298		347.943329
299		325.495361
300		339.159363
301		326.959381
302		337.451355
303		325.495361
304		335.743347
305		336.475342
306		333.547363
307		328.911377
308		339.647339
309		323.543365
310		335.499359
311		325.007385
312		341.599335
313		316.223389
314		385.031250
315		1453.261230
316		1663.100830
317		464.575104
318		317.443390
319		321.103394
320		321.347382
321		309.147400
322		323.055389
323		312.075409
324		312.563416
325		320.859375
326		311.099396
327		314.271393
328		327.203369
329		315.491394
330		316.955383
331		312.563416
332		322.079376
333		322.079376
334		325.983368
335		302.071411
336		320.371399
337		324.031372
338		316.223389
339		325.739380
340		303.535431
341		312.807404
342		300.363434
343		308.659393
344		312.075409
345		307.195404
346		322.811371
347		302.803406
348		309.391418
349		331.351379
350		313.051392
351		315.979401
352		317.199402
353		325.495361
354		327.203369
355		298.655426
356		315.247406
357		310.123413
358		315.979401
359		304.267426
360		319.151398
361		323.543365
362		305.731415
363		326.715363
364		336.231354
365		309.147400
366		324.031372
367		332.327362
368		323.543365
369		330.619354
370		340.623352
371		325.983368
372		329.887360
373		317.443390
374		331.351379
375		319.883392
376		332.571350
377		332.083374
378		350.383331
379		327.203369
380		330.863373
381		341.599335
382		353.799316
383		325.739380
384		345.747345
385		342.575348
386		353.311310
387		356.239319
388		349.651337
389		381.859253
390		399.183228
391		357.947327
392		386.983246
393		359.167297
394		362.339294
395		365.267303
396		373.807281
397		386.007263
398		390.155243
399		387.471252
400		384.055267
401		392.595245
402		390.643250
403		404.551239
404		409.675201
405		406.503235
406		415.531189
407		366.731293
408		317.443390
409		300.119415
410		305.243408
411		303.047424
412		299.875427
413		286.211456
414		289.383453
415		295.727448
416		273.523468
417		276.451477
418		293.775452
419		270.595490
420		277.915466
421		265.227478
422		274.743469
423		275.475464
424		259.615509
425		267.667480
426		266.447479
427		272.791473
428		257.419495
429		251.319519
430		243.755539
431		254.247513
432		246.195526
433		253.515518
434		244.487534
435		236.923538
436		236.435547
437		228.871567
438		226.187561
439		235.215546
440		240.339539
441		222.527573
442		215.939590
443		229.847565
444		243.267532
445		217.159576
446		225.211563
447		215.451584
448		215.939590
449		223.015579
450		210.327591
451		212.523590
452		212.523590
453		226.431564
454		211.303589
455		211.303589
456		203.983612
457		222.283569
458		204.959610
459		205.935608
460		208.131607
461		198.859619
462		210.815598
463		200.811615
464		199.347610
465		202.763611
466		201.055618
467		195.687622
468		206.911606
469		204.471603
470		204.471603
471		199.835617
472		198.127625
473		204.227615
474		196.663620
475		197.151627
476		192.271637
477		201.543610
478		200.567612
479		193.979630
480		199.347610
481		192.759628
482		191.295639
483		184.951645
484		189.831635
485		231.555557
486		805.198425
487		3589.233154
488		7347.558105
489		5666.401367
490		1687.500732
491		325.739380
492		169.335678
493		170.799667
494		173.483673
495		177.875656
496		187.391647
497		171.043671
498		176.899658
499		174.703659
500		174.459671
501		176.655655
502		174.947662
503		169.091675
504		175.923660
505		159.087692
506		184.219650
507		185.927643
508		178.607651
509		179.095657
510		192.027634
511		177.631653
512		182.023651
513		178.119659
514		175.191666
515		176.411667
516		181.535645
517		185.927643
518		188.611633
519		175.679657
520		189.831635
521		175.679657
522		192.515625
523		195.687622
524		181.047653
525		179.827652
526		174.703659
527		187.635635
528		180.315659
529		192.515625
530		191.051636
531		184.707642
532		186.415649
533		187.391647
534		191.051636
535		193.735626
536		182.267654
537		195.199631
538		194.223633
539		198.127625
540		200.567612
541		211.547592
542		192.271637
543		192.515625
544		192.271637
545		203.983612
546		201.543610
547		208.863602
548		213.255585
549		218.135574
550		213.499588
551		199.591614
552		207.155609
553		208.863602
554		204.471603
555		212.767593
556		213.011597
557		215.939590
558		210.327591
559		224.723572
560		224.235565
561		285.723450
562		460.671112
563		494.831055
564		279.867462
565		213.987595
566		221.795578
567		203.983612
568		207.643600
569		212.279587
570		212.035599
571		214.231583
572		206.911606
573		216.671585
574		230.579559
575		223.503571
576		212.767593
577		224.723572
578		233.751556
579		228.139557
580		216.427582
581		215.939590
582		233.751556
583		238.143539
584		236.923538
585		234.239548
586		237.899536
587		236.923538
588		248.635529
589		245.707535
590		238.143539
591		242.779541
592		242.047531
593		263.031494
594		256.443512
595		244.243530
596		241.559540
597		271.815491
598		272.791473
599		266.203491
600		271.083466
601		277.671478
602		282.307465
603		259.615509
604		277.183472
605		301.339417
606		287.187439
607		213.743591
608		210.571594
609		202.519608
610		203.251617
611		187.391647
612		213.255585
613		195.199631
614		194.955627
615		192.271637
616		195.199631
617		177.875656
618		175.191666
619		180.803650
620		188.123642
621		181.535645
622		196.175629
623		178.851654
624		174.703659
625		177.143661
626		175.191666
627		177.387665
628		173.239670
629		173.971664
630		162.747681
631		157.379700
632		155.671707
633		156.647705
634		147.863724
635		145.423721
636		149.083710
637		155.427704
638		146.643723
639		156.891693
640		147.863724
641		132.247742
642		131.759750
643		132.735748
644		124.927757
645		120.291771
646		127.611755
647		128.099747
648		127.611755
649		121.999763
650		119.315773
651		132.979752
652		121.023766
653		111.751785
654		120.291771
655		116.143776
656		114.679779
657		105.407799
658		108.823792
659		103.211800
660		97.111816
661		101.991806
662		108.823792
663		103.211800
664		103.943802
665		100.771805
666		107.115791
667		103.455803
668		97.843811
669		102.723801
670		97.843811
671		103.211800
672		93.939819
673		93.207825
674		92.231827
675		89.791824
676		89.791824
677		98.087814
678		105.163795
679		96.135818
680		100.039810
681		86.375832
682		90.035828
683		88.083832
684		80.275848
685		76.127853
686		84.423836
687		92.475822
688		85.643837
689		80.763847
690		87.839828
691		129.319748
692		651.478760
693		2806.482666
694		6022.884277
695		5621.017090
696		2291.887695
697		443.347137
698		115.655777
699		79.787849
700		77.835854
701		82.471840
702		72.467857
703		81.739845
704		78.323853
705		80.031845
706		69.295868
707		86.863831
708		69.783867
709		75.639854
710		75.151855
711		84.179840
712		70.271866
713		76.859856
714		75.883858
715		82.715843
716		76.127853
717		81.251846
718		76.615852
719		81.251846
720		78.079849
721		77.347855
722		70.027863
723		74.663857
724		78.811852
725		81.251846
726		81.739845
727		78.323853
728		69.295868
729		69.295868
730		81.251846
731		64.659874
732		72.711861
733		79.543846
734		68.319870
735		80.763847
736		82.959839
737		77.347855
738		74.419861
739		84.911835
740		76.615852
741		71.491859
742		70.515862
743		71.979858
744		81.007843
745		76.127853
746		78.811852
747		79.787849
748		87.839828
749		68.075867
750		88.571831
751		81.251846
752		80.519844
753		77.347855
754		85.399834
755		82.715843
756		89.059830
757		88.571831
758		81.007843
759		81.983841
760		92.475822
761		82.227844
762		87.107834
763		82.715843
764		86.619835
765		82.471840
766		84.667839
767		126.635757
768		279.135468
769		334.523346
770		167.139679
771		88.327827
772		66.611870
773		69.295868
774		78.079849
775		72.467857
776		81.739845
777		81.251846
778		75.395859
779		83.203842
780		71.979858
781		75.395859
782		63.195877
783		70.759865
784		74.907860
785		75.639854
786		68.563866
787		84.911835
788		73.687859
789		65.635872
790		72.467857
791		70.759865
792		79.787849
793		66.367874
794		69.783867
795		64.659874
796		68.319870
797		66.611870
798		74.907860
799		67.343872
800		67.587868
801		69.295868
802		70.759865
803		76.371857
804		79.055847
805		63.439877
806		62.463879
807		66.855873
808		76.859856
809		68.807869
810		79.543846
811		72.223862
812		68.807869
813		61.243881
814		63.195877
815		65.879875
816		64.415878
817		60.511883
818		70.515862
819		67.099869
820		65.879875
821		67.099869
822		66.611870
823		64.659874
824		73.443863
825		69.783867
826		67.587868
827		67.831871
828		65.635872
829		64.171875
830		65.879875
831		66.367874
832		58.315887
833		59.047886
834		62.219879
835		63.439877
836		61.731880
837		59.779884
838		68.563866
839		61.487881
840		60.755882
841		66.367874
842		69.539864
843		62.463879
844		57.827888
845		64.659874
846		66.367874
847		56.363892
848		63.683876
849		57.095890
850		71.247864
851		60.755882
852		61.731880
853		58.803886
854		56.119892
855		60.755882
856		60.267883
857		58.315887
858		65.391876
859		60.023884
860		59.047886
861		58.559887
862		52.215900
863		63.439877
864		61.731880
865		55.631893
866		60.511883
867		64.659874
868		63.927876
869		62.219879
870		54.167896
871		56.607891
872		62.707878
873		65.391876
874		58.315887
875		61.975880
876		54.167896
877		65.391876
878		56.607891
879		60.755882
880		57.583889
881		61.731880
882		57.827888
883		57.827888
884		56.363892
885		54.655895
886		55.143894
887		56.363892
888		60.999882
889		58.803886
890		56.119892
891		62.463879
892		50.751904
893		53.191898
894		48.799908
895		60.023884
896		62.219879
897		60.999882
898		60.755882
899		56.607891
900		82.471840
901		115.655777
902		99.307808
903		67.587868
904		51.971901
905		61.731880
906		54.411896
907		53.435898
908		58.315887
909		57.095890
910		52.215900
911		59.779884
912		52.703899
913		65.635872
914		51.971901
915		56.363892
916		52.459900
917		53.191898
918		58.071888
919		55.875893
920		52.459900
921		51.971901
922		54.167896
923		49.775906
924		53.435898
925		48.799908
926		57.827888
927		53.191898
928		50.019905
929		58.559887
930		51.483902
931		53.435898
932		48.311909
933		54.167896
934		54.655895
935		55.875893
936		54.167896
937		48.067909
938		53.435898
939		53.923897
940		55.631893
941		62.951878
942		58.071888
943		55.387894
944		56.119892
945		52.947899
946		66.611870
947		57.095890
948		57.827888
949		46.359913
950		56.607891
951		52.215900
952		54.655895
953		50.019905
954		59.291885
955		53.435898
956		57.095890
957		52.703899
958		56.607891
959		56.607891
960		56.119892
961		53.191898
962		50.263905
963		52.459900
964		61.243881
965		54.899895
966		52.459900
967		60.511883
968		63.439877
969		60.511883
970		58.803886
971		62.463879
972		59.291885
973		54.411896
974		64.171875
975		63.195877
976		59.047886
977		64.903877
978		54.411896
979		60.511883
980		60.999882
981		59.535885
982		60.511883
983		60.023884
984		66.123871
985		54.411896
986		52.703899
987		59.291885
988		54.899895
989		58.559887
990		59.535885
991		57.095890
992		50.019905
993		49.775906
994		52.703899
995		51.727901
996		45.383911
997		52.215900
998		53.191898
999		54.167896
1000		45.383911
1001		48.311909
1002		56.607891
1003		46.847912
1004		49.287907
1005		44.407913
1006		45.383911
1007		47.091911
1008		53.679897
1009		47.823910
1010		47.579910
1011		47.823910
1012		50.995903
1013		46.847912
1014		42.211918
1015		48.555908
1016		45.139912
1017		46.115913
1018		53.923897
1019		39.527924
1020		44.651913
1021		37.819927
1022		47.091911
1023		39.283924
1024		40.991920
1025		43.187916
1026		40.991920
1027		39.771923
1028		41.479919
1029		42.211918
1030		41.235920
1031		38.551926
1032		41.479919
1033		42.455917
1034		37.331928
1035		39.283924
1036		41.967918
1037		48.311909
1038		38.307926
1039		42.699917
1040		41.235920
1041		39.039925
1042		47.335911
1043		36.599930
1044		45.871914
1045		40.015923
1046		45.627911
1047		37.575928
1048		35.379932
1049		40.259922
1050		48.555908
1051		40.747921
1052		47.091911
1053		44.407913
1054		42.211918
1055		40.259922
1056		43.675915
1057		40.503922
1058		40.991920
1059		46.359913
1060		38.551926
1061		40.259922
1062		38.551926
1063		43.675915
1064		40.259922
1065		44.651913
1066		41.967918
1067		43.187916
1068		34.891933
1069		42.211918
1070		46.115913
1071		49.531906
1072		119.315773
1073		332.327362
1074		419.679199
1075		256.199493
1076		78.811852
1077		45.383911
1078		37.087929
1079		40.259922
1080		42.455917
1081		43.187916
1082		39.527924
1083		33.183937
1084		33.915936
1085		37.331928
1086		37.575928
1087		35.379932
1088		41.235920
1089		40.015923
1090		36.599930
1091		37.575928
1092		38.551926
1093		41.235920
1094		33.915936
1095		33.915936
1096		38.551926
1097		37.331928
1098		38.551926
1099		42.943916
1100		40.747921
1101		39.039925
1102		38.307926
1103		39.527924
1104		41.967918
1105		41.235920
1106		40.747921
1107		41.235920
1108		40.259922
1109		39.771923
1110		41.723919
1111		33.183937
1112		41.479919
1113		37.087929
1114		38.551926
1115		37.819927
1116		42.455917
1117		37.819927
1118		32.695938
1119		39.039925
1120		33.915936
1121		35.867931
1122		47.579910
1123		82.715843
1124		142.495728
1125		167.627686
1126		100.527809
1127		57.583889
1128		50.507904
1129		46.359913
1130		48.067909
1131		45.139912
1132		53.679897
1133		43.431915
1134		46.359913
1135		45.139912
1136		47.579910
1137		45.871914
1138		43.675915
1139		49.775906
1140		48.311909
1141		49.287907
1142		50.019905
1143		49.287907
1144		46.603912
1145		44.895912
1146		52.459900
1147		59.047886
1148		60.999882
1149		55.143894
1150		48.799908
1151		49.043907
1152		49.043907
1153		45.383911
1154		46.359913
1155		43.187916
1156		45.383911
1157		43.187916
1158		39.283924
1159		43.675915
1160		43.431915
1161		54.655895
1162		46.115913
1163		50.507904
1164		46.359913
1165		53.191898
1166		42.455917
1167		46.847912
1168		44.895912
1169		46.359913
1170		49.043907
1171		49.531906
1172		50.995903
1173		51.727901
1174		52.703899
1175		49.531906
1176		51.239902
1177		52.947899
1178		47.823910
1179		51.727901
1180		53.191898
1181		46.603912
1182		43.675915
1183		54.167896
1184		45.139912
1185		50.995903
1186		49.043907
1187		55.631893
1188		45.139912
1189		52.947899
1190		50.995903
1191		51.483902
1192		48.067909
1193		53.435898
1194		47.091911
1195		56.119892
1196		56.851891
1197		49.531906
1198		73.931862
1199		95.647820
1200		84.423836
1201		60.999882
1202		63.683876
1203		56.363892
1204		59.779884
1205		55.631893
1206		56.363892
1207		46.847912
1208		57.583889
1209		56.607891
1210		48.555908
1211		60.267883
1212		56.363892
1213		54.899895
1214		57.583889
1215		51.239902
1216		51.971901
1217		58.315887
1218		59.535885
1219		57.095890
1220		58.559887
1221		53.923897
1222		56.851891
1223		55.631893
1224		64.903877
1225		48.799908
1226		60.511883
1227		57.827888
1228		54.655895
1229		57.339890
1230		60.023884
1231		61.487881
1232		58.071888
1233		55.143894
1234		55.631893
1235		64.659874
1236		57.583889
1237		55.875893
1238		66.855873
1239		63.195877
1240		57.583889
1241		58.803886
1242		58.071888
1243		60.755882
1244		53.435898
1245		63.439877
1246		52.947899
1247		60.999882
1248		63.683876
1249		61.487881
1250		63.439877
1251		65.635872
1252		64.903877
1253		63.927876
1254		61.243881
1255		64.415878
1256		58.071888
1257		60.755882
1258		62.951878
1259		70.759865
1260		58.071888
1261		65.635872
1262		68.563866
1263		60.999882
1264		58.315887
1265		60.755882
1266		64.903877
1267		63.683876
1268		61.975880
1269		57.827888
1270		62.707878
1271		67.343872
1272		49.531906
1273		61.487881
1274		65.635872
1275		63.195877
1276		59.779884
1277		60.755882
1278		56.119892
1279		58.559887
1280		61.243881
1281		62.219879
1282		59.535885
1283		62.219879
1284		55.387894
1285		62.707878
1286		59.291885
1287		61.243881
1288		58.071888
1289		55.631893
1290		60.999882
1291		54.167896
1292		58.803886
1293		58.559887
1294		65.147873
1295		53.191898
1296		63.927876
1297		56.851891
1298		52.459900
1299		58.803886
1300		64.903877
1301		53.435898
1302		57.827888
1303		57.827888
1304		56.851891
1305		57.339890
1306		65.391876
1307		57.095890
1308		61.731880
1309		60.023884
1310		58.315887
1311		63.195877
1312		49.531906
1313		58.559887
1314		62.219879
1315		58.559887
1316		57.583889
1317		67.099869
1318		56.119892
1319		60.267883
1320		59.535885
1321		62.951878
1322		59.291885
1323		64.903877
1324		62.463879
1325		65.391876
1326		64.415878
1327		66.123871
1328		70.271866
1329		123.951759
1330		305.731415
1331		529.966980
1332		511.179016
1333		280.843475
1334		125.659760
1335		75.639854
1336		74.663857
1337		69.295868
1338		63.683876
1339		70.515862
1340		84.911835
1341		82.471840
1342		76.859856
1343		66.855873
1344		75.151855
1345		69.295868
1346		81.251846
1347		70.759865
1348		75.639854
1349		65.879875
1350		76.127853
1351		75.395859
1352		71.491859
1353		67.099869
1354		76.859856
1355		72.467857
1356		66.855873
1357		69.295868
1358		76.859856
1359		84.179840
1360		77.591850
1361		72.223862
1362		73.931862
1363		77.591850
1364		75.151855
1365		89.791824
1366		71.247864
1367		75.151855
1368		72.955856
1369		75.395859
1370		68.563866
1371		72.955856
1372		83.203842
1373		70.027863
1374		76.371857
1375		69.783867
1376		74.175858
1377		72.467857
1378		81.495842
1379		75.395859
1380		74.907860
1381		81.007843
1382		83.691841
1383		76.371857
1384		75.639854
1385		76.615852
1386		81.983841
1387		79.787849
1388		91.255821
1389		83.935837
1390		74.907860
1391		77.347855
1392		74.663857
1393		80.763847
1394		80.763847
1395		76.859856
1396		83.203842
1397		83.935837
1398		79.787849
1399		79.299850
1400		80.031845
1401		86.863831
1402		93.939819
1403		102.235802
1404		123.219765
1405		188.611633
1406		216.183578
1407		189.099640
1408		121.999763
1409		104.431801
1410		88.571831
1411		93.207825
1412		89.547829
1413		90.279823
1414		95.647820
1415		96.867813
1416		98.819809
1417		96.623817
1418		94.915817
1419		104.675797
1420		99.063812
1421		87.839828
1422		93.451820
1423		104.431801
1424		98.575813
1425		95.159821
1426		101.991806
1427		94.671822
1428		99.795807
1429		100.527809
1430		107.115791
1431		96.623817
1432		99.307808
1433		108.091789
1434		109.799789
1435		100.283806
1436		109.067787
1437		101.991806
1438		100.283806
1439		113.459785
1440		118.583771
1441		102.479805
1442		94.671822
1443		93.695824
1444		91.743828
1445		86.619835
1446		95.159821
1447		88.327827
1448		91.987823
1449		90.279823
1450		81.739845
1451		83.203842
1452		86.131836
1453		80.763847
1454		91.011826
1455		84.179840
1456		88.571831
1457		82.959839
1458		85.155838
1459		82.959839
1460		80.763847
1461		82.471840
1462		85.155838
1463		79.299850
1464		85.399834
1465		88.327827
1466		81.983841
1467		77.591850
1468		79.543846
1469		79.787849
1470		87.351830
1471		74.907860
1472		80.031845
1473		74.907860
1474		72.955856
1475		75.395859
1476		71.003860
1477		68.563866
1478		69.295868
1479		72.223862
1480		67.343872
1481		67.343872
1482		70.515862
1483		71.979858
1484		68.075867
1485		69.539864
1486		59.047886
1487		66.611870
1488		64.903877
1489		67.831871
1490		66.123871
1491		54.411896
1492		61.487881
1493		54.167896
1494		63.927876
1495		53.923897
1496		51.483902
1497		58.315887
1498		57.095890
1499		58.071888
1500		53.923897
1501		59.535885
1502		56.607891
1503		61.731880
1504		55.387894
1505		58.315887
1506		50.751904
1507		50.019905
1508		51.727901
1509		53.923897
1510		47.091911
1511		51.239902
1512		52.215900
1513		55.143894
1514		43.187916
1515		49.531906
1516		47.335911
1517		54.411896
1518		39.039925
1519		46.359913
1520		49.775906
1521		39.283924
1522		36.355930
1523		46.847912
1524		43.675915
1525		43.919914
1526		34.891933
1527		40.503922
1528		42.699917
1529		39.039925
1530		42.943916
1531		44.163914
1532		44.407913
1533		40.991920
1534		55.875893
1535		147.619720
1536		555.830933
1537		1343.705444
1538		1986.644165
1539		1678.716797
1540		821.058411
1541		262.543488
1542		66.367874
1543		51.483902
1544		42.943916
1545		48.799908
1546		41.479919
1547		40.015923
1548		43.919914
1549		41.479919
1550		38.063927
1551		46.115913
1552		39.039925
1553		45.383911
1554		36.843929
1555		33.427937
1556		36.111931
1557		42.699917
1558		33.427937
1559		36.843929
1560		37.331928
1561		35.623932
1562		32.695938
1563		37.575928
1564		30.743940
1565		34.159935
1566		35.867931
1567		35.867931
1568		36.111931
1569		37.087929
1570		33.915936
1571		29.035944
1572		31.719938
1573		29.279943
1574		31.963938
1575		30.743940
1576		33.427937
1577		30.743940
1578		34.403934
1579		34.403934
1580		35.135933
1581		27.083948
1582		32.695938
1583		35.379932
1584		38.307926
1585		32.451939
1586		31.963938
1587		29.035944
1588		34.403934
1589		35.135933
1590		31.963938
1591		33.671936
1592		35.623932
1593		38.307926
1594		36.355930
1595		37.087929
1596		37.575928
1597		36.599930
1598		38.063927
1599		35.135933
1600		33.915936
1601		39.283924
1602		39.283924
1603		36.111931
1604		41.479919
1605		35.379932
1606		38.551926
1607		38.795925
1608		39.039925
1609		53.923897
1610		109.311790
1611		234.727554
1612		457.987122
1613		513.863037
1614		362.339294
1615		166.895676
1616		61.243881
1617		29.279943
1618		29.279943
1619		34.403934
1620		40.747921
1621		34.647934
1622		31.963938
1623		31.475939
1624		33.183937
1625		30.743940
1626		35.379932
1627		33.915936
1628		32.207939
1629		33.183937
1630		32.451939
1631		31.963938
1632		31.719938
1633		30.499941
1634		31.719938
1635		28.547945
1636		29.523943
1637		33.427937
1638		34.403934
1639		28.547945
1640		30.011942
1641		38.307926
1642		30.255941
1643		28.303946
1644		30.499941
1645		29.035944
1646		30.255941
1647		31.719938
1648		27.083948
1649		29.767942
1650		30.743940
1651		34.647934
1652		29.767942
1653		30.743940
1654		27.815947
1655		24.399954
1656		24.643953
1657		27.327948
1658		29.035944
1659		24.643953
1660		34.403934
1661		28.547945
1662		32.451939
1663		25.375952
1664		24.155954
1665		28.303946
1666		22.935957
1667		25.619951
1668		30.499941
1669		27.327948
1670		29.279943
1671		26.107950
1672		31.963938
1673		28.791945
1674		22.203957
1675		29.523943
1676		28.059946
1677		24.399954
1678		30.743940
1679		28.059946
1680		26.839949
1681		25.131952
1682		30.987940
1683		30.499941
1684		26.595949
1685		23.911955
1686		25.863951
1687		28.059946
1688		31.963938
1689		21.227959
1690		26.839949
1691		26.839949
1692		27.083948
1693		29.035944
1694		29.035944
1695		21.715958
1696		29.035944
1697		32.451939
1698		31.475939
1699		23.179956
1700		29.767942
1701		28.547945
1702		23.911955
1703		26.351950
1704		31.719938
1705		31.231939
1706		25.131952
1707		27.083948
1708		30.743940
1709		38.795925
1710		50.019905
1711		56.607891
1712		50.751904
1713		37.575928
1714		27.327948
1715		22.691956
1716		24.399954
1717		24.155954
1718		25.375952
1719		29.279943
1720		25.131952
1721		27.327948
1722		26.107950
1723		24.643953
1724		22.447956
1725		24.155954
1726		27.083948
1727		22.935957
1728		24.155954
1729		29.767942
1730		29.035944
1731		23.911955
1732		27.815947
1733		23.667955
1734		23.179956
1735		26.839949
1736		21.959957
1737		25.619951
1738		21.471958
1739		22.447956
1740		25.863951
1741		24.643953
1742		23.911955
1743		26.839949
1744		27.571947
1745		27.815947
1746		26.595949
1747		25.619951
1748		21.959957
1749		24.155954
1750		21.227959
1751		25.863951
1752		22.935957
1753		24.399954
1754		26.351950
1755		23.911955
1756		26.839949
1757		22.691956
1758		24.399954
1759		22.447956
1760		23.911955
1761		22.935957
1762		24.155954
1763		25.131952
1764		23.667955
1765		23.423956
1766		20.739960
1767		20.007961
1768		26.839949
1769		20.007961
1770		21.227959
1771		19.763962
1772		24.155954
1773		23.667955
1774		24.887953
1775		22.935957
1776		26.351950
1777		21.715958
1778		21.959957
1779		22.447956
1780		28.791945
1781		23.911955
1782		23.423956
1783		24.399954
1784		29.523943
1785		30.743940
1786		30.011942
1787		28.059946
1788		22.935957
1789		20.739960
1790		23.667955
1791		25.375952
1792		22.203957
1793		23.667955
1794		19.519962
1795		21.715958
1796		22.935957
1797		23.179956
1798		24.643953
1799		21.715958
1800		22.447956
1801		25.131952
1802		23.179956
1803		22.447956
1804		26.839949
1805		22.447956
1806		25.619951
1807		24.643953
1808		22.935957
1809		23.667955
1810		24.643953
1811		23.667955
1812		23.179956
1813		25.375952
1814		26.595949
1815		27.083948
1816		25.863951
1817		25.131952
1818		21.227959
1819		22.447956
1820		26.107950
1821		20.495960
1822		30.011942
1823		21.959957
1824		30.255941
1825		24.643953
1826		29.279943
1827		22.691956
1828		26.351950
1829		28.791945
1830		24.887953
1831		23.423956
1832		21.959957
1833		21.715958
1834		17.323967
1835		21.227959
1836		21.715958
1837		20.739960
1838		20.739960
1839		19.275963
1840		25.863951
1841		21.715958
1842		22.691956
1843		22.203957
1844		17.811966
1845		21.471958
1846		21.227959
1847		19.763962
1848		20.007961
1849		21.471958
1850		20.983959
1851		22.203957
1852		21.227959
1853		19.031963
1854		18.055965
1855		15.371970
1856		20.007961
1857		16.591969
1858		19.519962
1859		16.103970
1860		16.835968
1861		17.079967
1862		16.835968
1863		18.543964
1864		15.371970
1865		14.639972
1866		20.251961
1867		14.639972
1868		16.347969
1869		15.859969
1870		18.299965
1871		15.859969
1872		17.323967
1873		19.763962
1874		16.591969
1875		18.543964
1876		18.299965
1877		14.395972
1878		12.931975
1879		12.199977
1880		15.615970
1881		14.883971
1882		19.519962
1883		13.419974
1884		13.907973
1885		15.371970
1886		16.591969
1887		16.591969
1888		21.715958
1889		18.543964
1890		14.639972
1891		15.371970
1892		15.371970
1893		18.299965
1894		15.127971
1895		13.663974
1896		15.371970
1897		15.859969
1898		15.127971
1899		15.615970
1900		15.127971
1901		14.639972
1902		14.883971
1903		15.371970
1904		18.055965
1905		16.347969
1906		15.615970
1907		12.931975
1908		16.591969
1909		14.151973
1910		12.443976
1911		14.151973
1912		16.591969
1913		16.103970
1914		22.447956
1915		44.895912
1916		88.327827
1917		131.759750
1918		130.295746
1919		86.375832
1920		50.019905
1921		26.595949
1922		16.835968
1923		15.859969
1924		11.955977
1925		15.371970
1926		18.055965
1927		11.223978
1928		13.419974
1929		13.419974
1930		12.931975
1931		12.687976
1932		10.735979
1933		10.979979
1934		12.931975
1935		12.443976
1936		14.151973
1937		9.271982
1938		12.687976
1939		11.223978
1940		14.883971
1941		13.419974
1942		12.443976
1943		10.735979
1944		12.931975
1945		10.491980
1946		11.223978
1947		11.467978
1948		11.711978
1949		12.687976
1950		9.027983
1951		10.491980
1952		12.443976
1953		15.371970
1954		10.979979
1955		14.151973
1956		12.931975
1957		10.003981
1958		9.027983
1959		10.003981
1960		11.223978
1961		13.419974
1962		11.711978
1963		11.955977
1964		10.491980
1965		10.247980
1966		10.735979
1967		12.199977
1968		8.783983
1969		11.467978
1970		12.687976
1971		12.199977
1972		16.103970
1973		9.027983
1974		12.199977
1975		9.759981
1976		13.907973
1977		9.271982
1978		9.027983
1979		13.175975
1980		9.027983
1981		10.979979
1982		11.223978
1983		7.807985
1984		12.199977
1985		12.931975
1986		12.687976
1987		13.907973
1988		13.175975
1989		18.787964
1990		25.619951
1991		34.647934
1992		46.359913
1993		38.551926
1994		27.327948
1995		19.031963
1996		12.687976
1997		11.467978
1998		9.271982
1999		12.687976
2000		12.199977
2001		10.491980
2002		9.759981
2003		12.931975
2004		10.979979
2005		12.199977
2006		11.223978
2007		9.759981
2008		12.931975
2009		11.955977
2010		10.491980
2011		13.907973
2012		11.711978
2013		10.979979
2014		12.443976
2015		10.491980
2016		12.931975
2017		14.395972
2018		12.199977
2019		10.003981
2020		17.567966
2021		13.175975
2022		15.127971
2023		10.979979
2024		14.151973
2025		11.955977
2026		12.443976
2027		9.515982
2028		12.687976
2029		11.955977
2030		11.467978
2031		11.467978
2032		10.979979
2033		11.223978
2034		12.687976
2035		10.979979
2036		9.759981
2037		9.027983
2038		9.027983
2039		11.711978
2040		9.759981
2041		9.271982
2042		9.515982
2043		10.735979
2044		14.151973
2045		11.467978
2046		8.783983
2047		9.515982
2048		6.831987
2049		10.003981
2050		9.027983
2051		7.319986
2052		9.515982
2053		8.051985
2054		10.247980
2055		11.467978
2056		8.295984
2057		9.515982
2058		8.783983
2059		10.003981
2060		8.295984
2061		5.123990
2062		7.075986
2063		6.587987
2064		8.783983
2065		8.783983
2066		7.075986
2067		7.807985
2068		7.563985
2069		9.027983
2070		7.319986
2071		6.343988
2072		6.343988
2073		7.319986
2074		6.587987
2075		6.587987
2076		9.271982
2077		6.831987
2078		5.611989
2079		7.807985
2080		7.319986
2081		5.855989
2082		3.659993
2083		6.343988
2084		4.879991
2085		6.587987
2086		5.611989
2087		8.295984
2088		6.343988
2089		6.099988
2090		6.343988
2091		5.855989
2092		4.391992
2093		4.635991
2094		6.587987
2095		5.123990
2096		6.831987
2097		5.123990
2098		4.635991
2099		6.587987
2100		5.367990
2101		5.123990
2102		5.123990
2103		6.587987
2104		4.391992
2105		6.099988
2106		5.123990
2107		2.195996
2108		6.343988
2109		4.147992
2110		4.635991
2111		4.635991
2112		3.903992
2113		6.099988
2114		4.635991
2115		5.123990
2116		2.683995
2117		4.147992
2118		2.683995
2119		4.879991
2120		10.003981
2121		28.303946
2122		52.459900
2123		82.227844
2124		96.379814
2125		70.027863
2126		41.723919
2127		18.787964
2128		7.075986
2129		3.903992
2130		3.171994
2131		3.659993
2132		4.635991
2133		2.195996
2134		4.147992
2135		5.123990
2136		4.147992
2137		2.927994
2138		4.391992
2139		1.707997
2140		3.415993
2141		1.707997
2142		2.439995
2143		2.927994
2144		3.659993
2145		3.415993
2146		1.951996
2147		3.903992
2148		2.927994
2149		2.195996
2150		1.707997
2151		2.439995
2152		3.903992
2153		2.439995
2154		2.439995
2155		0.975998
2156		2.195996
2157		4.147992
2158		4.147992
2159		2.195996
2160		1.219998
2161		2.683995
2162		2.683995
2163		2.683995
2164		3.903992
2165		2.195996
2166		3.171994
2167		2.683995
2168		3.415993
2169		2.927994
2170		2.439995
2171		3.659993
2172		5.123990
2173		3.659993
2174		1.951996
2175		2.439995
2176		3.171994
2177		2.683995
2178		2.683995
2179		1.951996
2180		1.951996
2181		3.171994
2182		2.927994
2183		2.439995
2184		1.951996
2185		3.659993
2186		1.707997
2187		1.951996
2188		3.171994
2189		0.731999
2190		1.463997
2191		2.439995
2192		2.683995
2193		2.439995
2194		2.683995
2195		5.611989
2196		9.027983
2197		11.711978
2198		20.495960
2199		23.423956
2200		16.835968
2201		9.759981
2202		4.391992
2203		3.415993
2204		2.683995
2205		1.463997
2206		1.951996
2207		1.951996
2208		2.439995
2209		2.439995
2210		2.927994
2211		1.219998
2212		1.951996
2213		1.463997
2214		2.195996
2215		2.195996
2216		2.439995
2217		1.707997
2218		2.439995
2219		1.707997
2220		2.439995
2221		1.707997
2222		1.951996
2223		0.975998
2224		1.463997
2225		0.731999
2226		3.171994
2227		1.951996
2228		1.707997
2229		2.683995
2230		3.659993
2231		1.463997
2232		1.219998
2233		2.195996
2234		2.439995
2235		1.463997
2236		1.951996
2237		1.463997
2238		1.219998
2239		1.463997
2240		1.707997
2241		1.951996
2242		1.219998
2243		0.487999
2244		1.463997
2245		1.707997
2246		1.707997
2247		1.219998
2248		1.463997
2249		0.975998
2250		0.975998
2251		1.463997
2252		3.415993
2253		1.219998
2254		1.951996
2255		0.731999
2256		1.219998
2257		1.463997
2258		0.975998
2259		1.219998
2260		1.219998
2261		1.707997
2262		1.707997
2263		0.731999
2264		1.463997
2265		1.951996
2266		1.951996
2267		1.707997
2268		1.707997
2269		0.975998
2270		1.219998
2271		0.731999
2272		1.219998
2273		0.975998
2274		1.707997
2275		2.195996
2276		1.951996
2277		1.463997
2278		0.731999
2279		2.439995
2280		1.219998
2281		0.975998
2282		1.463997
2283		2.439995
2284		1.463997
2285		0.975998
2286		0.975998
2287		2.195996
2288		1.951996
2289		1.707997
2290		0.975998
2291		1.707997
2292		1.951996
2293		1.951996
2294		2.195996
2295		2.195996
2296		2.683995
2297		1.951996
2298		2.683995
2299		1.707997
2300		1.951996
2301		0.731999
2302		2.195996
2303		1.219998
2304		0.975998
2305		1.219998
2306		1.463997
2307		1.951996
2308		0.244000
2309		1.219998
2310		1.951996
2311		1.463997
2312		0.731999
2313		1.951996
2314		1.463997
2315		1.707997
2316		1.219998
2317		1.463997
2318		1.707997
2319		0.487999
2320		1.219998
2321		0.244000
2322		0.244000
2323		0.244000
2324		2.195996
2325		1.951996
2326		1.951996
2327		0.244000
2328		0.487999
2329		1.219998
2330		1.463997
2331		1.951996
2332		1.951996
2333		0.487999
2334		1.707997
2335		0.000000
2336		0.487999
2337		0.487999
2338		1.219998
2339		0.487999
2340		0.731999
2341		0.975998
2342		0.975998
2343		0.975998
2344		0.975998
2345		0.487999
2346		0.731999
2347		1.463997
2348		0.975998
2349		0.975998
2350		0.487999
2351		1.707997
2352		1.463997
2353		0.975998
2354		1.219998
2355		0.731999
2356		1.219998
2357		0.731999
2358		1.219998
2359		0.731999
2360		1.463997
2361		0.731999
2362		0.487999
2363		0.487999
2364		1.219998
2365		0.975998
2366		1.951996
2367		0.731999
2368		0.487999
2369		0.975998
2370		2.195996
2371		1.463997
2372		0.975998
2373		0.975998
2374		0.975998
2375		0.731999
2376		0.487999
2377		1.219998
2378		0.244000
2379		1.219998
2380		0.975998
2381		0.487999
2382		0.244000
2383		0.487999
2384		0.487999
2385		1.707997
2386		0.731999
2387		0.487999
2388		0.487999
2389		1.463997
2390		0.975998
2391		0.731999
2392		1.219998
2393		1.219998
2394		0.487999
2395		1.707997
2396		0.244000
2397		1.219998
2398		1.219998
2399		0.244000
2400		0.244000
2401		0.975998
2402		0.487999
2403		0.975998
2404		1.951996
2405		1.463997
2406		1.219998
2407		0.975998
2408		0.244000
2409		0.731999
2410		1.951996
2411		1.463997
2412		0.487999
2413		0.244000
2414		0.487999
2415		1.707997
2416		0.731999
2417		0.975998
2418		1.463997
2419		0.487999
2420		1.463997
2421		0.244000
2422		0.487999
2423		0.487999
2424		0.244000
2425		0.731999
2426		0.975998
2427		0.731999
2428		0.487999
2429		0.975998
2430		0.975998
2431		0.731999
2432		0.487999
2433		0.000000
2434		0.487999
2435		0.487999
2436		1.463997
2437		1.219998
2438		0.244000
2439		0.000000
2440		0.244000
2441		0.975998
2442		0.731999
2443		0.731999
2444		0.731999
2445		0.731999
2446		0.731999
2447		0.000000
2448		0.731999
2449		0.487999
2450		0.487999
2451		0.487999
2452		0.000000
2453		0.244000
2454		0.000000
2455		0.975998
2456		0.731999
2457		0.731999
2458		0.487999
2459		0.244000
2460		1.219998
2461		0.487999
2462		0.000000
2463		0.731999
2464		1.219998
2465		0.487999
2466		0.244000
2467		0.244000
2468		0.244000
2469		0.000000
2470		0.244000
2471		0.244000
2472		0.000000
2473		0.487999
2474		0.000000
2475		0.487999
2476		0.244000
2477		0.244000
2478		0.487999
2479		0.487999
2480		0.000000
2481		0.244000
2482		0.731999
2483		0.975998
2484		0.000000
2485		0.000000
2486		0.000000
2487		0.000000
2488		0.487999
2489		0.244000
2490		0.731999
2491		0.487999
2492		0.244000
2493		0.000000
2494		0.244000
2495		0.244000
2496		0.000000
2497		0.000000
2498		0.000000
2499		0.487999
2500		0.487999
2501		3.415993
2502		6.587987
2503		4.147992
2504		4.635991
2505		3.415993
2506		3.171994
2507		0.975998
2508		0.244000
2509		0.000000
2510		0.000000
2511		0.244000
2512		0.000000
2513		0.000000
2514		0.000000
2515		0.000000
2516		0.000000
2517		0.000000
2518		0.244000
2519		0.000000
2520		0.000000
2521		0.244000
2522		0.000000
2523		0.244000
2524		0.000000
2525		0.000000
2526		0.000000
2527		0.000000
2528		0.000000
2529		0.244000
2530		0.000000
2531		0.000000
2532		0.000000
2533		0.000000
2534		0.000000
2535		0.000000
2536		0.000000
2537		0.000000
2538		0.244000
2539		0.000000
2540		0.000000
2541		0.000000
2542		0.000000
2543		0.000000
2544		0.000000
2545		0.000000
2546		0.000000
2547		0.000000
2548		0.244000
2549		0.244000
2550		0.000000
2551		0.000000
2552		0.000000
2553		0.000000
2554		0.000000
2555		0.000000
2556		0.000000
2557		0.000000
2558		0.244000
2559		0.000000
2560		0.000000
2561		0.000000
2562		0.000000
2563		0.000000
2564		0.000000
2565		0.000000
2566		0.000000
2567		0.000000
2568		0.000000
2569		0.000000
2570		0.244000
2571		0.244000
2572		0.000000
2573		0.244000
2574		0.487999
2575		0.487999
2576		0.487999
2577		0.975998
2578		0.731999
2579		0.487999
2580		0.487999
2581		0.000000
2582		0.244000
2583		0.000000
2584		0.000000
2585		0.244000
2586		0.000000
2587		0.000000
2588		0.000000
2589		0.000000
2590		0.000000
2591		0.000000
2592		0.000000
2593		0.000000
2594		0.000000
2595		0.000000
2596		0.000000
2597		0.000000
2598		0.000000
2599		0.000000
2600		0.000000
2601		0.000000
2602		0.000000
2603		0.000000
2604		0.000000
2605		0.000000
2606		0.000000
2607		0.000000
2608		0.000000
2609		0.000000
2610		0.000000
2611		0.000000
2612		0.000000
2613		0.000000
2614		0.000000
2615		0.000000
2616		0.000000
2617		0.000000
2618		0.000000
2619		0.000000
2620		0.000000
2621		0.000000
2622		0.000000
2623		0.000000
2624		0.000000
2625		0.000000
2626		0.000000
2627		0.000000
2628		0.000000
2629		0.000000
2630		0.000000
2631		0.000000
2632		0.000000
2633		0.000000
2634		0.000000
2635		0.000000
2636		0.000000
2637		0.000000
2638		0.000000
2639		0.000000
2640		0.000000
2641		0.000000
2642		0.000000
2643		0.000000
2644		0.000000
2645		0.000000
2646		0.000000
2647		0.000000
2648		0.000000
2649		0.000000
2650		0.000000
2651		0.000000
2652		0.000000
2653		0.000000
2654		0.000000
2655		0.000000
2656		0.000000
2657		0.000000
2658		0.000000
2659		0.000000
2660		0.000000
2661		0.000000
2662		0.000000
2663		0.000000
2664		0.000000
2665		0.000000
2666		0.000000
2667		0.000000
2668		0.000000
2669		0.000000
2670		0.000000
2671		0.000000
2672		0.000000
2673		0.000000
2674		0.000000
2675		0.000000
2676		0.000000
2677		0.000000
2678		0.000000
2679		0.000000
2680		0.000000
2681		0.000000
2682		0.000000
2683		0.000000
2684		0.000000
2685		0.000000
2686		0.000000
2687		0.000000
2688		0.000000
2689		0.000000
2690		0.000000
2691		0.000000
2692		0.000000
2693		0.000000
2694		0.000000
2695		0.000000
2696		0.000000
2697		0.000000
2698		0.000000
2699		0.000000
2700		0.000000
2701		0.000000
2702		0.000000
2703		0.000000
2704		0.000000
2705		0.000000
2706		0.000000
2707		0.000000
2708		0.000000
2709		0.000000
2710		0.000000
2711		0.000000
2712		0.000000
2713		0.000000
2714		0.000000
2715		0.000000
2716		0.000000
2717		0.000000
2718		0.000000
2719		0.000000
2720		0.000000
2721		0.000000
2722		0.000000
2723		0.000000
2724		0.000000
2725		0.000000
2726		0.000000
2727		0.000000
2728		0.000000
2729		0.000000
2730		0.000000
2731		0.000000
2732		0.000000
2733		0.000000
2734		0.000000
2735		0.000000
2736		0.000000
2737		0.000000
2738		0.000000
2739		0.000000
2740		0.000000
2741		0.000000
2742		0.000000
2743		0.000000
2744		0.000000
2745		0.000000
2746		0.000000
2747		0.000000
2748		0.000000
2749		0.000000
2750		0.000000
2751		0.000000
2752		0.000000
2753		0.000000
2754		0.000000
2755		0.000000
2756		0.000000
2757		0.000000
2758		0.000000
2759		0.000000
2760		0.000000
2761		0.000000
2762		0.000000
2763		0.000000
2764		0.000000
2765		0.000000
2766		0.000000
2767		0.000000
2768		0.000000
2769		0.000000
2770		0.000000
2771		0.000000
2772		0.000000
2773		0.000000
2774		0.000000
2775		0.000000
2776		0.000000
2777		0.000000
2778		0.000000
2779		0.000000
2780		0.000000
2781		0.000000
2782		0.000000
2783		0.000000
2784		0.000000
2785		0.000000
2786		0.000000
2787		0.000000
2788		0.000000
2789		0.000000
2790		0.000000
2791		0.000000
2792		0.000000
2793		0.000000
2794		0.000000
2795		0.000000
2796		0.000000
2797		0.000000
2798		0.000000
2799		0.000000
2800		0.000000
2801		0.000000
2802		0.000000
2803		0.000000
2804		0.000000
2805		0.000000
2806		0.000000
2807		0.000000
2808		0.000000
2809		0.000000
2810		0.000000
2811		0.000000
2812		0.000000
2813		0.000000
2814		0.000000
2815		0.000000
2816		0.000000
2817		0.000000
2818		0.000000
2819		0.000000
2820		0.000000
2821		0.000000
2822		0.000000
2823		0.000000
2824		0.000000
2825		0.000000
2826		0.000000
2827		0.000000
2828		0.000000
2829		0.000000
2830		0.000000
2831		0.000000
2832		0.000000
2833		0.000000
2834		0.000000
2835		0.000000
2836		0.000000
2837		0.000000
2838		0.000000
2839		0.000000
2840		0.000000
2841		0.000000
2842		0.000000
2843		0.000000
2844		0.000000
2845		0.000000
2846		0.000000
2847		0.000000
2848		0.000000
2849		0.000000
2850		0.000000
2851		0.000000
2852		0.000000
2853		0.000000
2854		0.000000
2855		0.000000
2856		0.000000
2857		0.000000
2858		0.000000
2859		0.000000
2860		0.000000
2861		0.000000
2862		0.000000
2863		0.000000
2864		0.000000
2865		0.000000
2866		0.000000
2867		0.000000
2868		0.000000
2869		0.000000
2870		0.000000
2871		0.000000
2872		0.000000
2873		0.000000
2874		0.000000
2875		0.000000
2876		0.000000
2877		0.000000
2878		0.000000
2879		0.000000
2880		0.000000
2881		0.000000
2882		0.000000
2883		0.000000
2884		0.000000
2885		0.000000
2886		0.000000
2887		0.000000
2888		0.000000
2889		0.000000
2890		0.000000
2891		0.000000
2892		0.000000
2893		0.000000
2894		0.000000
2895		0.000000
2896		0.000000
2897		0.000000
2898		0.000000
2899		0.000000
2900		0.000000
2901		0.000000
2902		0.000000
2903		0.000000
2904		0.000000
2905		0.000000
2906		0.000000
2907		0.000000
2908		0.000000
2909		0.000000
2910		0.000000
2911		0.000000
2912		0.000000
2913		0.000000
2914		0.000000
2915		0.000000
2916		0.000000
2917		0.000000
2918		0.000000
2919		0.000000
2920		0.000000
2921		0.000000
2922		0.000000
2923		0.000000
2924		0.000000
2925		0.000000
2926		0.000000
2927		0.000000
2928		0.000000
2929		0.000000
2930		0.000000
2931		0.000000
2932		0.000000
2933		0.000000
2934		0.000000
2935		0.000000
2936		0.000000
2937		0.000000
2938		0.000000
2939		0.000000
2940		0.000000
2941		0.000000
2942		0.000000
2943		0.000000
2944		0.000000
2945		0.000000
2946		0.000000
2947		0.000000
2948		0.000000
2949		0.000000
2950		0.000000
2951		0.000000
2952		0.000000
2953		0.000000
2954		0.000000
2955		0.000000
2956		0.000000
2957		0.000000
2958		0.000000
2959		0.000000
2960		0.000000
2961		0.000000
2962		0.000000
2963		0.000000
2964		0.000000
2965		0.000000
2966		0.000000
2967		0.000000
2968		0.000000
2969		0.000000
2970		0.000000
2971		0.000000
2972		0.000000
2973		0.000000
2974		0.000000
2975		0.000000
2976		0.000000
2977		0.000000
2978		0.000000
2979		0.000000
2980		0.000000
2981		0.000000
2982		0.000000
2983		0.000000
2984		0.000000
2985		0.000000
2986		0.000000
2987		0.000000
2988		0.000000
2989		0.000000
2990		0.000000
2991		0.000000
2992		0.000000
2993		0.000000
2994		0.000000
2995		0.000000
2996		0.000000
2997		0.000000
2998		0.000000
2999		0.000000
3000		0.000000
3001		0.000000
3002		0.000000
3003		0.000000
3004		0.000000
3005		0.000000
3006		0.000000
3007		0.000000
3008		0.000000
3009		0.000000
3010		0.000000
3011		0.000000
3012		0.000000
3013		0.000000
3014		0.000000
3015		0.000000
3016		0.000000
3017		0.000000
3018		0.000000
3019		0.000000
3020		0.000000
3021		0.000000
3022		0.000000
3023		0.000000
3024		0.000000
3025		0.000000
3026		0.000000
3027		0.000000
3028		0.000000
3029		0.000000
3030		0.000000
3031		0.000000
3032		0.000000
3033		0.000000
3034		0.000000
3035		0.000000
3036		0.000000
3037		0.000000
3038		0.000000
3039		0.000000
3040		0.000000
3041		0.000000
3042		0.000000
3043		0.000000
3044		0.000000
3045		0.000000
3046		0.000000
3047		0.000000
3048		0.000000
3049		0.000000
3050		0.000000
3051		0.000000
3052		0.000000
3053		0.000000
3054		0.000000
3055		0.000000
3056		0.000000
3057		0.000000
3058		0.000000
3059		0.000000
3060		0.000000
3061		0.000000
3062		0.000000
3063		0.000000
3064		0.000000
3065		0.000000
3066		0.000000
3067		0.000000
3068		0.000000
3069		0.000000
3070		0.000000
3071		0.000000
3072		0.000000
3073		0.000000
3074		0.000000
3075		0.000000
3076		0.000000
3077		0.000000
3078		0.000000
3079		0.000000
3080		0.000000
3081		0.000000
3082		0.000000
3083		0.000000
3084		0.000000
3085		0.000000
3086		0.000000
3087		0.000000
3088		0.000000
3089		0.000000
3090		0.000000
3091		0.000000
3092		0.000000
3093		0.000000
3094		0.000000
3095		0.000000
3096		0.000000
3097		0.000000
3098		0.000000
3099		0.000000
3100		0.000000
3101		0.000000
3102		0.000000
3103		0.000000
3104		0.000000
3105		0.000000
3106		0.000000
3107		0.000000
3108		0.000000
3109		0.000000
3110		0.000000
3111		0.000000
3112		0.000000
3113		0.000000
3114		0.000000
3115		0.000000
3116		0.000000
3117		0.000000
3118		0.000000
3119		0.000000
3120		0.000000
3121		0.000000
3122		0.000000
3123		0.000000
3124		0.000000
3125		0.000000
3126		0.000000
3127		0.000000
3128		0.000000
3129		0.000000
3130		0.000000
3131		0.000000
3132		0.000000
3133		0.000000
3134		0.000000
3135		0.000000
3136		0.000000
3137		0.000000
3138		0.000000
3139		0.000000
3140		0.000000
3141		0.000000
3142		0.000000
3143		0.000000
3144		0.000000
3145		0.000000
3146		0.000000
3147		0.000000
3148		0.000000
3149		0.000000
3150		0.000000
3151		0.000000
3152		0.000000
3153		0.000000
3154		0.000000
3155		0.000000
3156		0.000000
3157		0.000000
3158		0.000000
3159		0.000000
3160		0.000000
3161		0.000000
3162		0.000000
3163		0.000000
3164		0.000000
3165		0.000000
3166		0.000000
3167		0.000000
3168		0.000000
3169		0.000000
3170		0.000000
3171		0.000000
3172		0.000000
3173		0.000000
3174		0.000000
3175		0.000000
3176		0.000000
3177		0.000000
3178		0.000000
3179		0.000000
3180		0.000000
3181		0.000000
3182		0.000000
3183		0.000000
3184		0.000000
3185		0.000000
3186		0.000000
3187		0.000000
3188		0.000000
3189		0.000000
3190		0.000000
3191		0.000000
3192		0.000000
3193		0.000000
3194		0.000000
3195		0.000000
3196		0.000000
3197		0.000000
3198		0.000000
3199		0.000000
3200		0.000000
3201		0.000000
3202		0.000000
3203		0.000000
3204		0.000000
3205		0.000000
3206		0.000000
3207		0.000000
3208		0.000000
3209		0.000000
3210		0.000000
3211		0.000000
3212		0.000000
3213		0.000000
3214		0.000000
3215		0.000000
3216		0.000000
3217		0.000000
3218		0.000000
3219		0.000000
3220		0.000000
3221		0.000000
3222		0.000000
3223		0.000000
3224		0.000000
3225		0.000000
3226		0.000000
3227		0.000000
3228		0.000000
3229		0.000000
3230		0.000000
3231		0.000000
3232		0.000000
3233		0.000000
3234		0.000000
3235		0.000000
3236		0.000000
3237		0.000000
3238		0.000000
3239		0.000000
3240		0.000000
3241		0.000000
3242		0.000000
3243		0.000000
3244		0.000000
3245		0.000000
3246		0.000000
3247		0.000000
3248		0.000000
3249		0.000000
3250		0.000000
3251		0.000000
3252		0.000000
3253		0.000000
3254		0.000000
3255		0.000000
3256		0.000000
3257		0.000000
3258		0.000000
3259		0.000000
3260		0.000000
3261		0.000000
3262		0.000000
3263		0.000000
3264		0.000000
3265		0.000000
3266		0.000000
3267		0.000000
3268		0.000000
3269		0.000000
3270		0.000000
3271		0.000000
3272		0.000000
3273		0.000000
3274		0.000000
3275		0.000000
3276		0.000000
3277		0.000000
3278		0.000000
3279		0.000000
3280		0.000000
3281		0.000000
3282		0.000000
3283		0.000000
3284		0.000000
3285		0.000000
3286		0.000000
3287		0.000000
3288		0.000000
3289		0.000000
3290		0.000000
3291		0.000000
3292		0.000000
3293		0.000000
3294		0.000000
3295		0.000000
3296		0.000000
3297		0.000000
3298		0.000000
3299		0.000000
3300		0.000000
3301		0.000000
3302		0.000000
3303		0.000000
3304		0.000000
3305		0.000000
3306		0.000000
3307		0.000000
3308		0.000000
3309		0.000000
3310		0.000000
3311		0.000000
3312		0.000000
3313		0.000000
3314		0.000000
3315		0.000000
3316		0.000000
3317		0.000000
3318		0.000000
3319		0.000000
3320		0.000000
3321		0.000000
3322		0.000000
3323		0.000000
3324		0.000000
3325		0.000000
3326		0.000000
3327		0.000000
3328		0.000000
3329		0.000000
3330		0.000000
3331		0.000000
3332		0.000000
3333		0.000000
3334		0.000000
3335		0.000000
3336		0.000000
3337		0.000000
3338		0.000000
3339		0.000000
3340		0.000000
3341		0.000000
3342		0.000000
3343		0.000000
3344		0.000000
3345		0.000000
3346		0.000000
3347		0.000000
3348		0.000000
3349		0.000000
3350		0.000000
3351		0.000000
3352		0.000000
3353		0.000000
3354		0.000000
3355		0.000000
3356		0.000000
3357		0.000000
3358		0.000000
3359		0.000000
3360		0.000000
3361		0.000000
3362		0.000000
3363		0.000000
3364		0.000000
3365		0.000000
3366		0.000000
3367		0.000000
3368		0.000000
3369		0.000000
3370		0.000000
3371		0.000000
3372		0.000000
3373		0.000000
3374		0.000000
3375		0.000000
3376		0.000000
3377		0.000000
3378		0.000000
3379		0.000000
3380		0.000000
3381		0.000000
3382		0.000000
3383		0.000000
3384		0.000000
3385		0.000000
3386		0.000000
3387		0.000000
3388		0.000000
3389		0.000000
3390		0.000000
3391		0.000000
3392		0.000000
3393		0.000000
3394		0.000000
3395		0.000000
3396		0.000000
3397		0.000000
3398		0.000000
3399		0.000000
3400		0.000000
3401		0.000000
3402		0.000000
3403		0.000000
3404		0.000000
3405		0.000000
3406		0.000000
3407		0.000000
3408		0.000000
3409		0.000000
3410		0.000000
3411		0.000000
3412		0.000000
3413		0.000000
3414		0.000000
3415		0.000000
3416		0.000000
3417		0.000000
3418		0.000000
3419		0.000000
3420		0.000000
3421		0.000000
3422		0.000000
3423		0.000000
3424		0.000000
3425		0.000000
3426		0.000000
3427		0.000000
3428		0.000000
3429		0.000000
3430		0.000000
3431		0.000000
3432		0.000000
3433		0.000000
3434		0.000000
3435		0.000000
3436		0.000000
3437		0.000000
3438		0.000000
3439		0.000000
3440		0.000000
3441		0.000000
3442		0.000000
3443		0.000000
3444		0.000000
3445		0.000000
3446		0.000000
3447		0.000000
3448		0.000000
3449		0.000000
3450		0.000000
3451		0.000000
3452		0.000000
3453		0.000000
3454		0.000000
3455		0.000000
3456		0.000000
3457		0.000000
3458		0.000000
3459		0.000000
3460		0.000000
3461		0.000000
3462		0.000000
3463		0.000000
3464		0.000000
3465		0.000000
3466		0.000000
3467		0.000000
3468		0.000000
3469		0.000000
3470		0.000000
3471		0.000000
3472		0.000000
3473		0.000000
3474		0.000000
3475		0.000000
3476		0.000000
3477		0.000000
3478		0.000000
3479		0.000000
3480		0.000000
3481		0.000000
3482		0.000000
3483		0.000000
3484		0.000000
3485		0.000000
3486		0.000000
3487		0.000000
3488		0.000000
3489		0.000000
3490		0.000000
3491		0.000000
3492		0.000000
3493		0.000000
3494		0.000000
3495		0.000000
3496		0.000000
3497		0.000000
3498		0.000000
3499		0.000000
3500		0.000000
3501		0.000000
3502		0.000000
3503		0.000000
3504		0.000000
3505		0.000000
3506		0.000000
3507		0.000000
3508		0.000000
3509		0.000000
3510		0.000000
3511		0.000000
3512		0.000000
3513		0.000000
3514		0.000000
3515		0.000000
3516		0.000000
3517		0.000000
3518		0.000000
3519		0.000000
3520		0.000000
3521		0.000000
3522		0.000000
3523		0.000000
3524		0.000000
3525		0.000000
3526		0.000000
3527		0.000000
3528		0.000000
3529		0.000000
3530		0.000000
3531		0.000000
3532		0.000000
3533		0.000000
3534		0.000000
3535		0.000000
3536		0.000000
3537		0.000000
3538		0.000000
3539		0.000000
3540		0.000000
3541		0.000000
3542		0.000000
3543		0.000000
3544		0.000000
3545		0.000000
3546		0.000000
3547		0.000000
3548		0.000000
3549		0.000000
3550		0.000000
3551		0.000000
3552		0.000000
3553		0.000000
3554		0.000000
3555		0.000000
3556		0.000000
3557		0.000000
3558		0.000000
3559		0.000000
3560		0.000000
3561		0.000000
3562		0.000000
3563		0.000000
3564		0.000000
3565		0.000000
3566		0.000000
3567		0.000000
3568		0.000000
3569		0.000000
3570		0.000000
3571		0.000000
3572		0.000000
3573		0.000000
3574		0.000000
3575		0.000000
3576		0.000000
3577		0.000000
3578		0.000000
3579		0.000000
3580		0.000000
3581		0.000000
3582		0.000000
3583		0.000000
3584		0.000000
3585		0.000000
3586		0.000000
3587		0.000000
3588		0.000000
3589		0.000000
3590		0.000000
3591		0.000000
3592		0.000000
3593		0.000000
3594		0.000000
3595		0.000000
3596		0.000000
3597		0.000000
3598		0.000000
3599		0.000000
3600		0.000000
3601		0.000000
3602		0.000000
3603		0.000000
3604		0.000000
3605		0.000000
3606		0.000000
3607		0.000000
3608		0.000000
3609		0.000000
3610		0.000000
3611		0.000000
3612		0.000000
3613		0.000000
3614		0.000000
3615		0.000000
3616		0.000000
3617		0.000000
3618		0.000000
3619		0.000000
3620		0.000000
3621		0.000000
3622		0.000000
3623		0.000000
3624		0.000000
3625		0.000000
3626		0.000000
3627		0.000000
3628		0.000000
3629		0.000000
3630		0.000000
3631		0.000000
3632		0.000000
3633		0.000000
3634		0.000000
3635		0.000000
3636		0.000000
3637		0.000000
3638		0.000000
3639		0.000000
3640		0.000000
3641		0.000000
3642		0.000000
3643		0.000000
3644		0.000000
3645		0.000000
3646		0.000000
3647		0.000000
3648		0.000000
3649		0.000000
3650		0.000000
3651		0.000000
3652		0.000000
3653		0.000000
3654		0.000000
3655		0.000000
3656		0.000000
3657		0.000000
3658		0.000000
3659		0.000000
3660		0.000000
3661		0.000000
3662		0.000000
3663		0.000000
3664		0.000000
3665		0.000000
3666		0.000000
3667		0.000000
3668		0.000000
3669		0.000000
3670		0.000000
3671		0.000000
3672		0.000000
3673		0.000000
3674		0.000000
3675		0.000000
3676		0.000000
3677		0.000000
3678		0.000000
3679		0.000000
3680		0.000000
3681		0.000000
3682		0.000000
3683		0.000000
3684		0.000000
3685		0.000000
3686		0.000000
3687		0.000000
3688		0.000000
3689		0.000000
3690		0.000000
3691		0.000000
3692		0.000000
3693		0.000000
3694		0.000000
3695		0.000000
3696		0.000000
3697		0.000000
3698		0.000000
3699		0.000000
3700		0.000000
3701		0.000000
3702		0.000000
3703		0.000000
3704		0.000000
3705		0.000000
3706		0.000000
3707		0.000000
3708		0.000000
3709		0.000000
3710		0.000000
3711		0.000000
3712		0.000000
3713		0.000000
3714		0.000000
3715		0.000000
3716		0.000000
3717		0.000000
3718		0.000000
3719		0.000000
3720		0.000000
3721		0.000000
3722		0.000000
3723		0.000000
3724		0.000000
3725		0.000000
3726		0.000000
3727		0.000000
3728		0.000000
3729		0.000000
3730		0.000000
3731		0.000000
3732		0.000000
3733		0.000000
3734		0.000000
3735		0.000000
3736		0.000000
3737		0.000000
3738		0.000000
3739		0.000000
3740		0.000000
3741		0.000000
3742		0.000000
3743		0.000000
3744		0.000000
3745		0.000000
3746		0.000000
3747		0.000000
3748		0.000000
3749		0.000000
3750		0.000000
3751		0.000000
3752		0.000000
3753		0.000000
3754		0.000000
3755		0.000000
3756		0.000000
3757		0.000000
3758		0.000000
3759		0.000000
3760		0.000000
3761		0.000000
3762		0.000000
3763		0.000000
3764		0.000000
3765		0.000000
3766		0.000000
3767		0.000000
3768		0.000000
3769		0.000000
3770		0.000000
3771		0.000000
3772		0.000000
3773		0.000000
3774		0.000000
3775		0.000000
3776		0.000000
3777		0.000000
3778		0.000000
3779		0.000000
3780		0.000000
3781		0.000000
3782		0.000000
3783		0.000000
3784		0.000000
3785		0.000000
3786		0.000000
3787		0.000000
3788		0.000000
3789		0.000000
3790		0.000000
3791		0.000000
3792		0.000000
3793		0.000000
3794		0.000000
3795		0.000000
3796		0.000000
3797		0.000000
3798		0.000000
3799		0.000000
3800		0.000000
3801		0.000000
3802		0.000000
3803		0.000000
3804		0.000000
3805		0.000000
3806		0.000000
3807		0.000000
3808		0.000000
3809		0.000000
3810		0.000000
3811		0.000000
3812		0.000000
3813		0.000000
3814		0.000000
3815		0.000000
3816		0.000000
3817		0.000000
3818		0.000000
3819		0.000000
3820		0.000000
3821		0.000000
3822		0.000000
3823		0.000000
3824		0.000000
3825		0.000000
3826		0.000000
3827		0.000000
3828		0.000000
3829		0.000000
3830		0.000000
3831		0.000000
3832		0.000000
3833		0.000000
3834		0.000000
3835		0.000000
3836		0.000000
3837		0.000000
3838		0.000000
3839		0.000000
3840		0.000000
3841		0.000000
3842		0.000000
3843		0.000000
3844		0.000000
3845		0.000000
3846		0.000000
3847		0.000000
3848		0.000000
3849		0.000000
3850		0.000000
3851		0.000000
3852		0.000000
3853		0.000000
3854		0.000000
3855		0.000000
3856		0.000000
3857		0.000000
3858		0.000000
3859		0.000000
3860		0.000000
3861		0.000000
3862		0.000000
3863		0.000000
3864		0.000000
3865		0.000000
3866		0.000000
3867		0.000000
3868		0.000000
3869		0.000000
3870		0.000000
3871		0.000000
3872		0.000000
3873		0.000000
3874		0.000000
3875		0.000000
3876		0.000000
3877		0.000000
3878		0.000000
3879		0.000000
3880		0.000000
3881		0.000000
3882		0.000000
3883		0.000000
3884		0.000000
3885		0.000000
3886		0.000000
3887		0.000000
3888		0.000000
3889		0.000000
3890		0.000000
3891		0.000000
3892		0.000000
3893		0.000000
3894		0.000000
3895		0.000000
3896		0.000000
3897		0.000000
3898		0.000000
3899		0.000000
3900		0.000000
3901		0.000000
3902		0.000000
3903		0.000000
3904		0.000000
3905		0.000000
3906		0.000000
3907		0.000000
3908		0.000000
3909		0.000000
3910		0.000000
3911		0.000000
3912		0.000000
3913		0.000000
3914		0.000000
3915		0.000000
3916		0.000000
3917		0.000000
3918		0.000000
3919		0.000000
3920		0.000000
3921		0.000000
3922		0.000000
3923		0.000000
3924		0.000000
3925		0.000000
3926		0.000000
3927		0.000000
3928		0.000000
3929		0.000000
3930		0.000000
3931		0.000000
3932		0.000000
3933		0.000000
3934		0.000000
3935		0.000000
3936		0.000000
3937		0.000000
3938		0.000000
3939		0.000000
3940		0.000000
3941		0.000000
3942		0.000000
3943		0.000000
3944		0.000000
3945		0.000000
3946		0.000000
3947		0.000000
3948		0.000000
3949		0.000000
3950		0.000000
3951		0.000000
3952		0.000000
3953		0.000000
3954		0.000000
3955		0.000000
3956		0.000000
3957		0.000000
3958		0.000000
3959		0.000000
3960		0.000000
3961		0.000000
3962		0.000000
3963		0.000000
3964		0.000000
3965		0.000000
3966		0.000000
3967		0.000000
3968		0.000000
3969		0.000000
3970		0.000000
3971		0.000000
3972		0.000000
3973		0.000000
3974		0.000000
3975		0.000000
3976		0.000000
3977		0.000000
3978		0.000000
3979		0.000000
3980		0.000000
3981		0.000000
3982		0.000000
3983		0.000000
3984		0.000000
3985		0.000000
3986		0.000000
3987		0.000000
3988		0.000000
3989		0.000000
3990		0.000000
3991		0.000000
3992		0.000000
3993		0.000000
3994		0.000000
3995		0.000000
3996		0.000000
3997		0.000000
3998		0.000000
3999		0.000000
4000		0.000000
4001		0.000000
4002		0.000000
4003		0.000000
4004		0.000000
4005		0.000000
4006		0.000000
4007		0.000000
4008		0.000000
4009		0.000000
4010		0.000000
4011		0.000000
4012		0.000000
4013		0.000000
4014		0.000000
4015		0.000000
4016		0.000000
4017		0.000000
4018		0.000000
4019		0.000000
4020		0.000000
4021		0.000000
4022		0.000000
4023		0.000000
4024		0.000000
4025		0.000000
4026		0.000000
4027		0.000000
4028		0.000000
4029		0.000000
4030		0.000000
4031		0.000000
4032		0.000000
4033		0.000000
4034		0.000000
4035		0.000000
4036		0.000000
4037		0.000000
4038		0.000000
4039		0.000000
4040		0.000000
4041		0.000000
4042		0.000000
4043		0.000000
4044		0.000000
4045		0.000000
4046		0.000000
4047		0.000000
4048		0.000000
4049		0.000000
4050		0.000000
4051		0.000000
4052		0.000000
4053		0.000000
4054		0.000000
4055		0.000000
4056		0.000000
4057		0.000000
4058		0.000000
4059		0.000000
4060		0.000000
4061		0.000000
4062		0.000000
4063		0.000000
4064		0.000000
4065		0.000000
4066		0.000000
4067		0.000000
4068		0.000000
4069		0.000000
4070		0.000000
4071		0.000000
4072		0.000000
4073		0.000000
4074		0.000000
4075		0.000000
4076		0.000000
4077		0.000000
4078		0.000000
4079		0.000000
4080		0.000000
4081		0.000000
4082		0.000000
4083		0.000000
4084		0.000000
4085		0.000000
4086		0.000000
4087		0.000000
4088		0.000000
4089		0.000000
4090		0.000000
4091		0.000000
4092		0.000000
4093		0.000000
4094		0.000000
4095		0.000000
