0		0
1		0
2		0
3		0
4		0
5		0
6		0
7		0
8		0
9		0
10		0
11		0
12		0
13		0
14		0
15		0
16		0
17		0
18		0
19		0
20		0
21		0
22		0
23		0
24		0
25		0
26		0
27		0
28		0
29		0
30		0
31		0
32		0
33		0
34		0
35		0
36		0
37		0
38		0
39		0
40		0
41		0
42		0
43		0
44		0
45		0
46		0
47		0
48		0
49		0
50		0
51		0
52		0
53		0
54		0
55		0
56		0
57		0
58		0
59		0
60		0
61		0
62		0
63		0
64		0
65		0
66		0
67		0
68		0
69		0
70		0
71		0
72		0
73		0
74		0
75		0
76		0
77		0
78		0
79		0
80		0
81		0
82		0
83		0
84		0
85		0
86		0
87		0
88		0
89		0
90		0
91		0
92		0
93		0
94		0
95		0
96		0
97		0
98		28
99		337
100		925
101		1275
102		1442
103		1351
104		1451
105		1393
106		1456
107		1402
108		1452
109		1419
110		1375
111		1385
112		1387
113		1393
114		1471
115		1486
116		1455
117		1515
118		1591
119		1472
120		1531
121		1507
122		1370
123		1411
124		1371
125		1415
126		1342
127		1390
128		1334
129		1318
130		1319
131		1302
132		1340
133		1284
134		1268
135		1241
136		1191
137		1308
138		1196
139		1226
140		1266
141		1234
142		1138
143		1218
144		1237
145		1219
146		1192
147		1223
148		1149
149		1155
150		1169
151		1235
152		1148
153		1263
154		1097
155		1083
156		975
157		1018
158		1009
159		984
160		953
161		907
162		957
163		880
164		926
165		903
166		882
167		841
168		824
169		813
170		841
171		832
172		854
173		855
174		789
175		820
176		854
177		741
178		810
179		789
180		794
181		852
182		799
183		706
184		745
185		696
186		742
187		791
188		695
189		756
190		692
191		726
192		753
193		747
194		671
195		699
196		696
197		713
198		764
199		699
200		715
201		658
202		666
203		680
204		681
205		683
206		719
207		676
208		681
209		658
210		681
211		737
212		693
213		635
214		691
215		638
216		685
217		642
218		642
219		1350
220		5541
221		10062
222		5383
223		1210
224		581
225		569
226		560
227		598
228		568
229		501
230		533
231		515
232		551
233		544
234		531
235		526
236		580
237		550
238		495
239		498
240		540
241		554
242		488
243		526
244		483
245		509
246		492
247		507
248		476
249		516
250		533
251		438
252		500
253		480
254		467
255		490
256		490
257		477
258		468
259		496
260		484
261		499
262		489
263		463
264		483
265		439
266		475
267		517
268		520
269		508
270		510
271		476
272		475
273		490
274		441
275		500
276		460
277		486
278		429
279		488
280		455
281		466
282		491
283		474
284		473
285		452
286		484
287		445
288		483
289		461
290		491
291		455
292		487
293		463
294		477
295		513
296		472
297		476
298		438
299		463
300		429
301		443
302		432
303		465
304		446
305		421
306		447
307		453
308		431
309		458
310		417
311		448
312		419
313		459
314		428
315		459
316		452
317		466
318		414
319		421
320		451
321		433
322		433
323		408
324		436
325		454
326		431
327		447
328		414
329		463
330		434
331		393
332		437
333		411
334		466
335		470
336		417
337		427
338		466
339		426
340		374
341		429
342		421
343		395
344		430
345		418
346		402
347		421
348		412
349		416
350		413
351		428
352		396
353		422
354		425
355		426
356		417
357		414
358		418
359		435
360		456
361		430
362		424
363		454
364		429
365		388
366		437
367		427
368		454
369		426
370		434
371		432
372		447
373		418
374		407
375		420
376		434
377		443
378		454
379		419
380		464
381		388
382		415
383		427
384		468
385		411
386		427
387		439
388		459
389		436
390		445
391		440
392		424
393		471
394		415
395		463
396		467
397		480
398		460
399		445
400		473
401		441
402		451
403		413
404		482
405		473
406		449
407		454
408		444
409		444
410		489
411		454
412		502
413		457
414		495
415		450
416		489
417		543
418		523
419		497
420		509
421		569
422		525
423		502
424		511
425		535
426		505
427		524
428		590
429		562
430		521
431		518
432		568
433		530
434		453
435		439
436		424
437		421
438		428
439		403
440		409
441		403
442		409
443		384
444		387
445		388
446		378
447		367
448		385
449		374
450		368
451		390
452		368
453		379
454		343
455		372
456		379
457		404
458		345
459		371
460		337
461		340
462		348
463		368
464		330
465		321
466		317
467		300
468		300
469		326
470		302
471		282
472		298
473		302
474		308
475		270
476		291
477		323
478		265
479		334
480		313
481		289
482		302
483		289
484		258
485		278
486		268
487		282
488		275
489		260
490		268
491		273
492		272
493		265
494		250
495		291
496		327
497		365
498		292
499		261
500		282
501		248
502		268
503		250
504		274
505		271
506		272
507		262
508		254
509		260
510		270
511		281
512		259
513		291
514		1075
515		5607
516		10331
517		5802
518		1407
519		893
520		598
521		316
522		264
523		248
524		241
525		234
526		224
527		261
528		242
529		220
530		251
531		223
532		243
533		244
534		280
535		236
536		232
537		251
538		252
539		249
540		241
541		230
542		225
543		260
544		260
545		264
546		232
547		224
548		243
549		238
550		229
551		248
552		241
553		227
554		223
555		254
556		228
557		266
558		234
559		227
560		237
561		224
562		214
563		262
564		242
565		264
566		272
567		231
568		228
569		248
570		245
571		264
572		262
573		255
574		258
575		250
576		237
577		241
578		267
579		247
580		266
581		250
582		279
583		245
584		254
585		284
586		247
587		253
588		245
589		218
590		227
591		230
592		232
593		250
594		240
595		237
596		246
597		234
598		248
599		242
600		266
601		244
602		234
603		274
604		221
605		223
606		245
607		274
608		253
609		253
610		227
611		234
612		254
613		302
614		265
615		251
616		255
617		234
618		243
619		251
620		226
621		241
622		236
623		236
624		262
625		233
626		274
627		254
628		260
629		254
630		248
631		243
632		237
633		242
634		249
635		258
636		203
637		231
638		254
639		225
640		245
641		268
642		218
643		228
644		245
645		256
646		255
647		249
648		246
649		241
650		237
651		277
652		241
653		234
654		242
655		210
656		234
657		237
658		234
659		235
660		217
661		231
662		246
663		264
664		217
665		201
666		276
667		258
668		213
669		242
670		215
671		230
672		241
673		245
674		247
675		224
676		253
677		245
678		214
679		230
680		251
681		258
682		241
683		269
684		228
685		232
686		251
687		244
688		222
689		248
690		239
691		245
692		239
693		248
694		279
695		315
696		481
697		678
698		505
699		291
700		249
701		224
702		240
703		242
704		258
705		259
706		213
707		241
708		279
709		217
710		241
711		222
712		247
713		269
714		249
715		323
716		372
717		337
718		293
719		224
720		245
721		256
722		256
723		264
724		267
725		227
726		261
727		270
728		261
729		235
730		268
731		275
732		263
733		277
734		240
735		250
736		256
737		252
738		258
739		266
740		276
741		283
742		253
743		250
744		268
745		260
746		275
747		262
748		258
749		249
750		280
751		291
752		297
753		296
754		278
755		269
756		271
757		284
758		256
759		278
760		270
761		290
762		307
763		296
764		270
765		316
766		306
767		300
768		272
769		266
770		284
771		277
772		282
773		265
774		275
775		283
776		284
777		323
778		299
779		309
780		312
781		291
782		288
783		330
784		312
785		343
786		323
787		348
788		323
789		326
790		308
791		307
792		340
793		315
794		316
795		344
796		366
797		336
798		327
799		341
800		344
801		327
802		338
803		357
804		397
805		341
806		347
807		352
808		285
809		296
810		284
811		283
812		275
813		287
814		289
815		276
816		263
817		284
818		275
819		255
820		260
821		304
822		263
823		281
824		274
825		224
826		283
827		277
828		246
829		252
830		309
831		258
832		245
833		249
834		257
835		271
836		226
837		235
838		227
839		236
840		220
841		226
842		235
843		241
844		225
845		213
846		203
847		209
848		218
849		221
850		201
851		209
852		217
853		214
854		221
855		183
856		202
857		190
858		203
859		167
860		231
861		188
862		195
863		192
864		191
865		167
866		173
867		163
868		178
869		177
870		201
871		199
872		181
873		202
874		153
875		151
876		201
877		192
878		173
879		185
880		163
881		170
882		194
883		190
884		159
885		168
886		179
887		180
888		190
889		186
890		170
891		175
892		218
893		461
894		1262
895		4273
896		7128
897		3909
898		878
899		198
900		167
901		181
902		161
903		171
904		175
905		163
906		184
907		193
908		160
909		169
910		164
911		164
912		172
913		173
914		162
915		164
916		181
917		184
918		169
919		151
920		156
921		190
922		153
923		175
924		164
925		186
926		176
927		160
928		168
929		172
930		169
931		176
932		171
933		165
934		167
935		178
936		180
937		178
938		167
939		177
940		188
941		170
942		190
943		150
944		205
945		170
946		195
947		191
948		160
949		189
950		186
951		168
952		192
953		182
954		169
955		177
956		157
957		171
958		169
959		181
960		176
961		194
962		187
963		149
964		189
965		183
966		184
967		168
968		196
969		163
970		170
971		192
972		177
973		170
974		197
975		160
976		193
977		162
978		179
979		194
980		202
981		178
982		195
983		194
984		197
985		179
986		152
987		208
988		171
989		193
990		241
991		441
992		677
993		455
994		241
995		191
996		159
997		214
998		196
999		198
1000		215
1001		222
1002		217
1003		195
1004		209
1005		220
1006		206
1007		199
1008		224
1009		235
1010		213
1011		220
1012		219
1013		200
1014		207
1015		208
1016		193
1017		197
1018		204
1019		214
1020		207
1021		195
1022		193
1023		202
1024		211
1025		177
1026		205
1027		196
1028		174
1029		223
1030		177
1031		198
1032		215
1033		245
1034		207
1035		176
1036		202
1037		185
1038		190
1039		190
1040		197
1041		190
1042		186
1043		224
1044		186
1045		213
1046		199
1047		217
1048		192
1049		220
1050		223
1051		190
1052		222
1053		188
1054		207
1055		213
1056		196
1057		211
1058		220
1059		184
1060		217
1061		229
1062		199
1063		216
1064		208
1065		230
1066		212
1067		207
1068		207
1069		215
1070		217
1071		209
1072		199
1073		221
1074		210
1075		206
1076		208
1077		202
1078		206
1079		236
1080		212
1081		196
1082		176
1083		200
1084		229
1085		224
1086		186
1087		243
1088		201
1089		208
1090		191
1091		226
1092		220
1093		229
1094		211
1095		257
1096		300
1097		276
1098		209
1099		232
1100		235
1101		199
1102		239
1103		232
1104		243
1105		209
1106		231
1107		225
1108		204
1109		194
1110		218
1111		214
1112		213
1113		218
1114		223
1115		249
1116		214
1117		247
1118		232
1119		245
1120		227
1121		224
1122		218
1123		215
1124		211
1125		224
1126		212
1127		235
1128		223
1129		236
1130		197
1131		220
1132		223
1133		226
1134		221
1135		189
1136		237
1137		241
1138		190
1139		214
1140		245
1141		201
1142		208
1143		198
1144		222
1145		201
1146		235
1147		191
1148		227
1149		192
1150		227
1151		208
1152		235
1153		195
1154		209
1155		217
1156		250
1157		203
1158		224
1159		215
1160		197
1161		196
1162		218
1163		202
1164		223
1165		209
1166		227
1167		222
1168		219
1169		212
1170		234
1171		238
1172		237
1173		245
1174		221
1175		213
1176		206
1177		207
1178		196
1179		241
1180		212
1181		215
1182		203
1183		248
1184		192
1185		247
1186		243
1187		203
1188		239
1189		451
1190		1242
1191		2001
1192		1302
1193		473
1194		226
1195		266
1196		238
1197		250
1198		247
1199		281
1200		278
1201		283
1202		213
1203		242
1204		271
1205		267
1206		264
1207		273
1208		259
1209		239
1210		237
1211		278
1212		277
1213		254
1214		253
1215		244
1216		270
1217		256
1218		296
1219		258
1220		229
1221		265
1222		279
1223		250
1224		285
1225		275
1226		301
1227		280
1228		262
1229		276
1230		290
1231		274
1232		281
1233		267
1234		294
1235		289
1236		257
1237		254
1238		283
1239		260
1240		268
1241		271
1242		276
1243		268
1244		284
1245		267
1246		247
1247		304
1248		273
1249		279
1250		269
1251		300
1252		284
1253		285
1254		267
1255		284
1256		279
1257		270
1258		288
1259		322
1260		299
1261		330
1262		300
1263		303
1264		289
1265		303
1266		288
1267		328
1268		323
1269		291
1270		312
1271		283
1272		307
1273		307
1274		283
1275		309
1276		308
1277		328
1278		310
1279		303
1280		294
1281		351
1282		326
1283		324
1284		313
1285		337
1286		343
1287		327
1288		307
1289		355
1290		365
1291		359
1292		340
1293		402
1294		361
1295		409
1296		364
1297		390
1298		348
1299		292
1300		295
1301		288
1302		292
1303		284
1304		309
1305		282
1306		325
1307		259
1308		296
1309		280
1310		286
1311		266
1312		276
1313		290
1314		250
1315		270
1316		254
1317		277
1318		215
1319		259
1320		299
1321		237
1322		264
1323		267
1324		241
1325		248
1326		252
1327		240
1328		266
1329		247
1330		224
1331		232
1332		221
1333		215
1334		224
1335		239
1336		358
1337		799
1338		1144
1339		853
1340		375
1341		249
1342		255
1343		234
1344		248
1345		224
1346		214
1347		220
1348		260
1349		233
1350		230
1351		245
1352		223
1353		198
1354		222
1355		203
1356		224
1357		200
1358		202
1359		198
1360		210
1361		209
1362		211
1363		204
1364		200
1365		186
1366		203
1367		196
1368		195
1369		185
1370		207
1371		188
1372		192
1373		207
1374		186
1375		209
1376		190
1377		198
1378		232
1379		220
1380		192
1381		184
1382		236
1383		206
1384		209
1385		209
1386		196
1387		188
1388		254
1389		1247
1390		4924
1391		8067
1392		5063
1393		1258
1394		266
1395		214
1396		209
1397		187
1398		215
1399		193
1400		185
1401		195
1402		200
1403		231
1404		225
1405		210
1406		219
1407		217
1408		238
1409		222
1410		220
1411		206
1412		206
1413		233
1414		212
1415		248
1416		223
1417		207
1418		224
1419		247
1420		206
1421		216
1422		228
1423		216
1424		223
1425		188
1426		205
1427		218
1428		228
1429		226
1430		247
1431		211
1432		193
1433		187
1434		216
1435		222
1436		227
1437		240
1438		201
1439		198
1440		248
1441		217
1442		198
1443		221
1444		199
1445		245
1446		239
1447		256
1448		262
1449		252
1450		251
1451		242
1452		237
1453		222
1454		245
1455		225
1456		241
1457		250
1458		221
1459		233
1460		278
1461		236
1462		239
1463		259
1464		263
1465		256
1466		270
1467		272
1468		255
1469		253
1470		264
1471		233
1472		242
1473		245
1474		240
1475		201
1476		202
1477		208
1478		232
1479		240
1480		244
1481		225
1482		204
1483		215
1484		204
1485		231
1486		249
1487		234
1488		228
1489		222
1490		207
1491		216
1492		224
1493		207
1494		215
1495		209
1496		208
1497		187
1498		219
1499		228
1500		206
1501		206
1502		198
1503		183
1504		197
1505		204
1506		198
1507		194
1508		214
1509		183
1510		197
1511		205
1512		197
1513		176
1514		201
1515		202
1516		213
1517		214
1518		217
1519		195
1520		203
1521		199
1522		188
1523		190
1524		203
1525		171
1526		207
1527		240
1528		208
1529		184
1530		172
1531		205
1532		221
1533		220
1534		217
1535		234
1536		684
1537		2456
1538		3856
1539		2430
1540		729
1541		288
1542		252
1543		232
1544		244
1545		258
1546		223
1547		249
1548		260
1549		260
1550		251
1551		265
1552		262
1553		239
1554		233
1555		268
1556		270
1557		234
1558		264
1559		272
1560		241
1561		262
1562		265
1563		262
1564		252
1565		263
1566		265
1567		267
1568		255
1569		282
1570		226
1571		262
1572		257
1573		239
1574		272
1575		258
1576		273
1577		261
1578		288
1579		299
1580		265
1581		268
1582		270
1583		271
1584		281
1585		262
1586		290
1587		274
1588		256
1589		290
1590		301
1591		347
1592		314
1593		273
1594		268
1595		271
1596		266
1597		268
1598		263
1599		297
1600		278
1601		268
1602		290
1603		255
1604		266
1605		284
1606		330
1607		297
1608		319
1609		284
1610		301
1611		321
1612		301
1613		300
1614		318
1615		323
1616		306
1617		325
1618		296
1619		316
1620		308
1621		269
1622		316
1623		321
1624		357
1625		352
1626		331
1627		327
1628		309
1629		300
1630		306
1631		298
1632		328
1633		314
1634		325
1635		331
1636		354
1637		366
1638		346
1639		371
1640		375
1641		384
1642		358
1643		354
1644		300
1645		251
1646		269
1647		281
1648		280
1649		253
1650		237
1651		275
1652		264
1653		261
1654		282
1655		304
1656		245
1657		242
1658		256
1659		212
1660		244
1661		263
1662		254
1663		222
1664		249
1665		227
1666		246
1667		251
1668		236
1669		235
1670		223
1671		241
1672		212
1673		208
1674		211
1675		220
1676		227
1677		187
1678		196
1679		170
1680		208
1681		180
1682		169
1683		198
1684		174
1685		172
1686		191
1687		156
1688		138
1689		171
1690		156
1691		118
1692		130
1693		122
1694		122
1695		127
1696		111
1697		142
1698		109
1699		117
1700		86
1701		91
1702		82
1703		86
1704		93
1705		94
1706		76
1707		78
1708		77
1709		97
1710		74
1711		76
1712		76
1713		74
1714		68
1715		71
1716		65
1717		73
1718		71
1719		86
1720		69
1721		71
1722		67
1723		64
1724		70
1725		81
1726		58
1727		87
1728		71
1729		64
1730		62
1731		94
1732		119
1733		178
1734		275
1735		447
1736		869
1737		1768
1738		3595
1739		6543
1740		7109
1741		4067
1742		1172
1743		213
1744		56
1745		46
1746		41
1747		57
1748		50
1749		50
1750		54
1751		55
1752		59
1753		63
1754		57
1755		52
1756		54
1757		60
1758		59
1759		48
1760		59
1761		47
1762		56
1763		63
1764		45
1765		52
1766		45
1767		50
1768		47
1769		42
1770		56
1771		43
1772		57
1773		47
1774		51
1775		52
1776		56
1777		44
1778		54
1779		50
1780		62
1781		54
1782		57
1783		40
1784		55
1785		46
1786		54
1787		50
1788		46
1789		56
1790		65
1791		52
1792		55
1793		53
1794		51
1795		66
1796		53
1797		51
1798		56
1799		42
1800		58
1801		49
1802		56
1803		63
1804		50
1805		69
1806		42
1807		60
1808		65
1809		48
1810		46
1811		54
1812		48
1813		49
1814		56
1815		50
1816		54
1817		53
1818		48
1819		57
1820		66
1821		56
1822		52
1823		51
1824		57
1825		66
1826		39
1827		58
1828		49
1829		54
1830		47
1831		61
1832		54
1833		73
1834		66
1835		51
1836		49
1837		54
1838		49
1839		55
1840		45
1841		51
1842		58
1843		46
1844		41
1845		37
1846		43
1847		55
1848		43
1849		44
1850		42
1851		58
1852		36
1853		55
1854		41
1855		39
1856		68
1857		42
1858		40
1859		33
1860		44
1861		46
1862		41
1863		46
1864		45
1865		51
1866		43
1867		61
1868		47
1869		42
1870		35
1871		49
1872		45
1873		43
1874		35
1875		50
1876		56
1877		51
1878		39
1879		40
1880		36
1881		44
1882		48
1883		36
1884		43
1885		30
1886		44
1887		42
1888		51
1889		28
1890		37
1891		44
1892		38
1893		34
1894		42
1895		35
1896		50
1897		42
1898		51
1899		35
1900		30
1901		39
1902		45
1903		27
1904		41
1905		35
1906		35
1907		37
1908		42
1909		33
1910		41
1911		37
1912		35
1913		36
1914		43
1915		35
1916		45
1917		31
1918		31
1919		38
1920		41
1921		39
1922		43
1923		38
1924		40
1925		54
1926		36
1927		44
1928		31
1929		49
1930		44
1931		32
1932		40
1933		41
1934		40
1935		46
1936		81
1937		80
1938		93
1939		57
1940		27
1941		31
1942		50
1943		36
1944		39
1945		34
1946		37
1947		33
1948		49
1949		37
1950		37
1951		29
1952		38
1953		30
1954		31
1955		45
1956		36
1957		32
1958		40
1959		42
1960		30
1961		33
1962		31
1963		36
1964		36
1965		27
1966		34
1967		36
1968		38
1969		33
1970		34
1971		50
1972		39
1973		41
1974		33
1975		34
1976		43
1977		26
1978		40
1979		35
1980		32
1981		34
1982		34
1983		31
1984		25
1985		32
1986		42
1987		39
1988		31
1989		40
1990		19
1991		37
1992		33
1993		37
1994		43
1995		40
1996		21
1997		36
1998		30
1999		47
2000		29
2001		35
2002		41
2003		35
2004		25
2005		44
2006		27
2007		39
2008		25
2009		30
2010		26
2011		31
2012		33
2013		25
2014		30
2015		29
2016		32
2017		28
2018		37
2019		27
2020		25
2021		18
2022		32
2023		33
2024		30
2025		45
2026		35
2027		29
2028		17
2029		27
2030		30
2031		38
2032		74
2033		79
2034		71
2035		52
2036		45
2037		31
2038		35
2039		26
2040		31
2041		20
2042		38
2043		31
2044		30
2045		25
2046		31
2047		28
2048		50
2049		27
2050		28
2051		30
2052		27
2053		35
2054		18
2055		29
2056		29
2057		26
2058		30
2059		27
2060		32
2061		28
2062		21
2063		29
2064		20
2065		43
2066		28
2067		41
2068		30
2069		23
2070		22
2071		33
2072		35
2073		32
2074		22
2075		29
2076		36
2077		20
2078		36
2079		31
2080		32
2081		29
2082		25
2083		32
2084		35
2085		29
2086		26
2087		34
2088		23
2089		37
2090		21
2091		29
2092		32
2093		30
2094		26
2095		34
2096		29
2097		32
2098		31
2099		39
2100		35
2101		27
2102		29
2103		26
2104		31
2105		35
2106		25
2107		23
2108		21
2109		33
2110		25
2111		31
2112		28
2113		40
2114		25
2115		35
2116		33
2117		37
2118		28
2119		40
2120		26
2121		27
2122		36
2123		27
2124		34
2125		21
2126		40
2127		40
2128		31
2129		26
2130		35
2131		25
2132		31
2133		39
2134		28
2135		36
2136		28
2137		21
2138		34
2139		33
2140		36
2141		25
2142		25
2143		32
2144		34
2145		28
2146		35
2147		26
2148		20
2149		25
2150		26
2151		30
2152		35
2153		27
2154		47
2155		23
2156		21
2157		31
2158		32
2159		21
2160		37
2161		31
2162		29
2163		22
2164		32
2165		18
2166		26
2167		23
2168		27
2169		18
2170		28
2171		23
2172		19
2173		25
2174		20
2175		34
2176		28
2177		26
2178		21
2179		19
2180		22
2181		15
2182		23
2183		12
2184		21
2185		13
2186		21
2187		22
2188		30
2189		29
2190		17
2191		37
2192		26
2193		17
2194		20
2195		23
2196		15
2197		23
2198		23
2199		22
2200		28
2201		17
2202		18
2203		18
2204		20
2205		18
2206		25
2207		9
2208		15
2209		24
2210		22
2211		24
2212		38
2213		32
2214		35
2215		19
2216		29
2217		24
2218		23
2219		28
2220		14
2221		22
2222		20
2223		28
2224		25
2225		26
2226		16
2227		27
2228		26
2229		20
2230		41
2231		146
2232		207
2233		139
2234		63
2235		28
2236		30
2237		14
2238		15
2239		20
2240		17
2241		31
2242		27
2243		21
2244		23
2245		21
2246		19
2247		20
2248		18
2249		24
2250		18
2251		29
2252		22
2253		26
2254		18
2255		20
2256		18
2257		29
2258		17
2259		25
2260		22
2261		21
2262		18
2263		13
2264		15
2265		18
2266		20
2267		22
2268		25
2269		18
2270		17
2271		15
2272		12
2273		17
2274		26
2275		14
2276		19
2277		24
2278		19
2279		16
2280		15
2281		33
2282		20
2283		24
2284		13
2285		23
2286		30
2287		18
2288		23
2289		13
2290		24
2291		18
2292		15
2293		18
2294		30
2295		18
2296		25
2297		20
2298		14
2299		20
2300		20
2301		28
2302		19
2303		20
2304		13
2305		21
2306		19
2307		10
2308		24
2309		14
2310		22
2311		18
2312		22
2313		24
2314		14
2315		23
2316		22
2317		16
2318		21
2319		20
2320		27
2321		20
2322		20
2323		17
2324		11
2325		19
2326		19
2327		19
2328		23
2329		25
2330		18
2331		27
2332		20
2333		12
2334		14
2335		19
2336		27
2337		15
2338		22
2339		20
2340		28
2341		19
2342		19
2343		18
2344		17
2345		16
2346		20
2347		10
2348		27
2349		12
2350		18
2351		20
2352		20
2353		18
2354		13
2355		14
2356		13
2357		23
2358		11
2359		16
2360		16
2361		22
2362		19
2363		16
2364		18
2365		21
2366		16
2367		25
2368		20
2369		21
2370		22
2371		27
2372		27
2373		18
2374		19
2375		23
2376		20
2377		23
2378		17
2379		14
2380		16
2381		16
2382		18
2383		17
2384		14
2385		20
2386		18
2387		12
2388		19
2389		15
2390		18
2391		12
2392		16
2393		18
2394		22
2395		15
2396		14
2397		16
2398		19
2399		19
2400		15
2401		22
2402		23
2403		10
2404		16
2405		24
2406		14
2407		19
2408		16
2409		29
2410		26
2411		19
2412		55
2413		71
2414		61
2415		34
2416		28
2417		16
2418		24
2419		21
2420		18
2421		16
2422		18
2423		12
2424		15
2425		6
2426		12
2427		19
2428		24
2429		17
2430		13
2431		20
2432		22
2433		26
2434		16
2435		20
2436		24
2437		17
2438		15
2439		26
2440		14
2441		24
2442		13
2443		19
2444		23
2445		21
2446		15
2447		15
2448		21
2449		19
2450		27
2451		18
2452		16
2453		14
2454		20
2455		25
2456		21
2457		16
2458		18
2459		18
2460		16
2461		22
2462		18
2463		20
2464		17
2465		23
2466		16
2467		18
2468		16
2469		23
2470		21
2471		18
2472		21
2473		21
2474		13
2475		26
2476		22
2477		18
2478		20
2479		13
2480		20
2481		17
2482		21
2483		24
2484		14
2485		21
2486		12
2487		16
2488		19
2489		13
2490		11
2491		19
2492		18
2493		16
2494		18
2495		20
2496		26
2497		17
2498		22
2499		10
2500		17
2501		15
2502		11
2503		16
2504		18
2505		28
2506		17
2507		32
2508		31
2509		15
2510		16
2511		17
2512		19
2513		15
2514		21
2515		16
2516		19
2517		20
2518		28
2519		21
2520		25
2521		24
2522		20
2523		15
2524		18
2525		16
2526		23
2527		19
2528		23
2529		25
2530		21
2531		14
2532		13
2533		20
2534		21
2535		16
2536		23
2537		18
2538		16
2539		17
2540		21
2541		11
2542		16
2543		15
2544		18
2545		19
2546		17
2547		16
2548		18
2549		21
2550		21
2551		17
2552		14
2553		16
2554		17
2555		23
2556		14
2557		15
2558		7
2559		10
2560		11
2561		20
2562		17
2563		16
2564		11
2565		15
2566		17
2567		7
2568		12
2569		9
2570		19
2571		10
2572		17
2573		14
2574		14
2575		22
2576		12
2577		11
2578		12
2579		16
2580		19
2581		20
2582		19
2583		14
2584		8
2585		11
2586		15
2587		17
2588		16
2589		8
2590		16
2591		14
2592		8
2593		6
2594		10
2595		9
2596		15
2597		16
2598		18
2599		10
2600		10
2601		12
2602		5
2603		17
2604		12
2605		9
2606		11
2607		15
2608		14
2609		11
2610		23
2611		51
2612		107
2613		129
2614		78
2615		35
2616		10
2617		18
2618		17
2619		9
2620		15
2621		19
2622		11
2623		10
2624		16
2625		11
2626		14
2627		15
2628		17
2629		12
2630		14
2631		13
2632		12
2633		12
2634		12
2635		9
2636		12
2637		11
2638		14
2639		10
2640		6
2641		15
2642		11
2643		16
2644		14
2645		12
2646		4
2647		12
2648		10
2649		16
2650		14
2651		12
2652		14
2653		13
2654		19
2655		11
2656		8
2657		13
2658		11
2659		11
2660		18
2661		17
2662		16
2663		16
2664		10
2665		12
2666		9
2667		15
2668		8
2669		7
2670		19
2671		20
2672		8
2673		9
2674		9
2675		10
2676		11
2677		20
2678		11
2679		11
2680		12
2681		9
2682		19
2683		21
2684		7
2685		9
2686		13
2687		10
2688		13
2689		9
2690		16
2691		11
2692		12
2693		8
2694		7
2695		10
2696		15
2697		13
2698		8
2699		9
2700		13
2701		15
2702		15
2703		14
2704		10
2705		11
2706		17
2707		50
2708		44
2709		37
2710		26
2711		15
2712		8
2713		17
2714		16
2715		17
2716		14
2717		17
2718		11
2719		11
2720		13
2721		15
2722		11
2723		13
2724		12
2725		12
2726		8
2727		12
2728		15
2729		17
2730		15
2731		15
2732		9
2733		19
2734		18
2735		14
2736		16
2737		12
2738		15
2739		11
2740		9
2741		17
2742		12
2743		19
2744		12
2745		12
2746		11
2747		12
2748		23
2749		15
2750		11
2751		16
2752		15
2753		11
2754		12
2755		5
2756		14
2757		9
2758		12
2759		14
2760		15
2761		16
2762		13
2763		9
2764		11
2765		17
2766		14
2767		14
2768		8
2769		19
2770		14
2771		12
2772		8
2773		17
2774		21
2775		13
2776		13
2777		10
2778		15
2779		12
2780		12
2781		10
2782		11
2783		13
2784		16
2785		11
2786		10
2787		20
2788		9
2789		12
2790		11
2791		17
2792		14
2793		16
2794		11
2795		22
2796		17
2797		11
2798		18
2799		16
2800		13
2801		13
2802		8
2803		18
2804		19
2805		16
2806		13
2807		11
2808		16
2809		13
2810		13
2811		13
2812		18
2813		12
2814		15
2815		15
2816		12
2817		11
2818		15
2819		12
2820		12
2821		8
2822		14
2823		7
2824		10
2825		15
2826		13
2827		12
2828		11
2829		17
2830		12
2831		12
2832		13
2833		18
2834		12
2835		8
2836		15
2837		8
2838		13
2839		13
2840		17
2841		7
2842		13
2843		9
2844		14
2845		12
2846		16
2847		15
2848		9
2849		11
2850		7
2851		13
2852		16
2853		17
2854		10
2855		7
2856		4
2857		14
2858		11
2859		11
2860		7
2861		14
2862		15
2863		5
2864		8
2865		5
2866		15
2867		8
2868		11
2869		5
2870		15
2871		5
2872		4
2873		10
2874		9
2875		6
2876		5
2877		12
2878		12
2879		9
2880		16
2881		11
2882		5
2883		11
2884		9
2885		13
2886		11
2887		9
2888		13
2889		9
2890		3
2891		3
2892		8
2893		9
2894		14
2895		9
2896		10
2897		11
2898		14
2899		10
2900		8
2901		12
2902		10
2903		16
2904		9
2905		16
2906		29
2907		61
2908		98
2909		72
2910		30
2911		16
2912		9
2913		17
2914		8
2915		6
2916		10
2917		9
2918		13
2919		11
2920		9
2921		10
2922		7
2923		10
2924		9
2925		9
2926		10
2927		13
2928		11
2929		5
2930		12
2931		6
2932		8
2933		18
2934		9
2935		11
2936		9
2937		12
2938		5
2939		12
2940		8
2941		11
2942		7
2943		13
2944		10
2945		15
2946		8
2947		6
2948		10
2949		8
2950		8
2951		7
2952		9
2953		9
2954		10
2955		7
2956		12
2957		2
2958		8
2959		11
2960		8
2961		7
2962		8
2963		7
2964		13
2965		11
2966		8
2967		10
2968		11
2969		9
2970		8
2971		6
2972		8
2973		11
2974		9
2975		11
2976		14
2977		10
2978		4
2979		11
2980		9
2981		11
2982		10
2983		12
2984		5
2985		3
2986		9
2987		12
2988		8
2989		12
2990		11
2991		14
2992		14
2993		13
2994		14
2995		5
2996		11
2997		7
2998		16
2999		11
3000		13
3001		8
3002		12
3003		9
3004		18
3005		15
3006		9
3007		6
3008		3
3009		6
3010		8
3011		5
3012		9
3013		9
3014		9
3015		6
3016		7
3017		5
3018		3
3019		8
3020		5
3021		3
3022		5
3023		9
3024		8
3025		4
3026		4
3027		4
3028		5
3029		8
3030		4
3031		8
3032		7
3033		13
3034		4
3035		9
3036		6
3037		9
3038		3
3039		5
3040		5
3041		1
3042		7
3043		4
3044		6
3045		10
3046		2
3047		6
3048		5
3049		5
3050		3
3051		4
3052		6
3053		4
3054		5
3055		4
3056		6
3057		4
3058		7
3059		7
3060		1
3061		1
3062		1
3063		1
3064		1
3065		1
3066		1
3067		1
3068		3
3069		1
3070		2
3071		1
3072		0
3073		2
3074		2
3075		3
3076		0
3077		2
3078		5
3079		0
3080		3
3081		0
3082		0
3083		1
3084		3
3085		4
3086		2
3087		2
3088		0
3089		0
3090		0
3091		3
3092		1
3093		1
3094		0
3095		0
3096		0
3097		1
3098		1
3099		3
3100		1
3101		0
3102		0
3103		0
3104		6
3105		36
3106		100
3107		128
3108		114
3109		32
3110		9
3111		1
3112		0
3113		0
3114		0
3115		0
3116		0
3117		0
3118		0
3119		0
3120		0
3121		0
3122		0
3123		0
3124		0
3125		0
3126		0
3127		0
3128		0
3129		0
3130		0
3131		0
3132		0
3133		0
3134		0
3135		0
3136		0
3137		0
3138		0
3139		0
3140		0
3141		0
3142		0
3143		0
3144		0
3145		0
3146		0
3147		0
3148		0
3149		0
3150		0
3151		0
3152		0
3153		0
3154		0
3155		0
3156		0
3157		0
3158		0
3159		0
3160		0
3161		0
3162		0
3163		0
3164		0
3165		0
3166		0
3167		0
3168		0
3169		0
3170		0
3171		0
3172		0
3173		0
3174		0
3175		0
3176		0
3177		0
3178		0
3179		0
3180		0
3181		0
3182		0
3183		0
3184		0
3185		0
3186		0
3187		0
3188		0
3189		0
3190		0
3191		0
3192		0
3193		0
3194		0
3195		0
3196		0
3197		0
3198		0
3199		0
3200		0
3201		0
3202		0
3203		0
3204		0
3205		0
3206		0
3207		0
3208		0
3209		0
3210		0
3211		0
3212		0
3213		0
3214		0
3215		0
3216		0
3217		0
3218		0
3219		0
3220		0
3221		0
3222		0
3223		0
3224		0
3225		0
3226		0
3227		0
3228		0
3229		0
3230		0
3231		0
3232		0
3233		0
3234		0
3235		0
3236		0
3237		0
3238		0
3239		0
3240		0
3241		0
3242		0
3243		0
3244		0
3245		0
3246		0
3247		0
3248		0
3249		0
3250		0
3251		0
3252		0
3253		0
3254		0
3255		0
3256		0
3257		0
3258		0
3259		0
3260		0
3261		0
3262		0
3263		0
3264		0
3265		0
3266		0
3267		0
3268		0
3269		0
3270		0
3271		0
3272		0
3273		0
3274		0
3275		0
3276		0
3277		0
3278		0
3279		0
3280		0
3281		0
3282		0
3283		0
3284		0
3285		0
3286		0
3287		0
3288		0
3289		0
3290		0
3291		0
3292		0
3293		0
3294		0
3295		0
3296		0
3297		0
3298		0
3299		0
3300		0
3301		0
3302		0
3303		0
3304		0
3305		0
3306		0
3307		0
3308		0
3309		0
3310		0
3311		0
3312		0
3313		0
3314		0
3315		0
3316		0
3317		0
3318		0
3319		0
3320		0
3321		0
3322		0
3323		0
3324		0
3325		0
3326		0
3327		0
3328		0
3329		0
3330		0
3331		0
3332		0
3333		0
3334		0
3335		0
3336		0
3337		0
3338		0
3339		0
3340		0
3341		0
3342		0
3343		0
3344		0
3345		0
3346		0
3347		0
3348		0
3349		0
3350		0
3351		0
3352		0
3353		0
3354		0
3355		0
3356		0
3357		0
3358		0
3359		0
3360		0
3361		0
3362		0
3363		0
3364		0
3365		0
3366		0
3367		0
3368		0
3369		0
3370		0
3371		0
3372		0
3373		0
3374		0
3375		0
3376		0
3377		0
3378		0
3379		0
3380		0
3381		0
3382		0
3383		0
3384		0
3385		0
3386		0
3387		0
3388		0
3389		0
3390		0
3391		0
3392		0
3393		0
3394		0
3395		0
3396		0
3397		0
3398		0
3399		0
3400		0
3401		0
3402		0
3403		0
3404		0
3405		0
3406		0
3407		0
3408		0
3409		0
3410		0
3411		0
3412		0
3413		0
3414		0
3415		0
3416		0
3417		0
3418		0
3419		0
3420		0
3421		0
3422		0
3423		0
3424		0
3425		0
3426		0
3427		0
3428		0
3429		0
3430		0
3431		0
3432		0
3433		0
3434		0
3435		0
3436		0
3437		0
3438		0
3439		0
3440		0
3441		0
3442		0
3443		0
3444		0
3445		0
3446		0
3447		0
3448		0
3449		0
3450		0
3451		0
3452		0
3453		0
3454		0
3455		0
3456		0
3457		0
3458		0
3459		0
3460		0
3461		0
3462		0
3463		0
3464		0
3465		0
3466		0
3467		0
3468		0
3469		0
3470		0
3471		0
3472		0
3473		0
3474		0
3475		0
3476		0
3477		0
3478		0
3479		0
3480		0
3481		0
3482		0
3483		0
3484		0
3485		0
3486		0
3487		0
3488		0
3489		0
3490		0
3491		0
3492		0
3493		0
3494		0
3495		0
3496		0
3497		0
3498		0
3499		0
3500		0
3501		0
3502		0
3503		0
3504		0
3505		0
3506		0
3507		0
3508		0
3509		0
3510		0
3511		0
3512		0
3513		0
3514		0
3515		0
3516		0
3517		0
3518		0
3519		0
3520		0
3521		0
3522		0
3523		0
3524		0
3525		0
3526		0
3527		0
3528		0
3529		0
3530		0
3531		0
3532		0
3533		0
3534		0
3535		0
3536		0
3537		0
3538		0
3539		0
3540		0
3541		0
3542		0
3543		0
3544		0
3545		0
3546		0
3547		0
3548		0
3549		0
3550		0
3551		0
3552		0
3553		0
3554		0
3555		0
3556		0
3557		0
3558		0
3559		0
3560		0
3561		0
3562		0
3563		0
3564		0
3565		0
3566		0
3567		0
3568		0
3569		0
3570		0
3571		0
3572		0
3573		0
3574		0
3575		0
3576		0
3577		0
3578		0
3579		0
3580		0
3581		0
3582		0
3583		0
3584		0
3585		0
3586		0
3587		0
3588		0
3589		0
3590		0
3591		0
3592		0
3593		0
3594		0
3595		0
3596		0
3597		0
3598		0
3599		0
3600		0
3601		0
3602		0
3603		0
3604		0
3605		0
3606		0
3607		0
3608		0
3609		0
3610		0
3611		0
3612		0
3613		0
3614		0
3615		0
3616		0
3617		0
3618		0
3619		0
3620		0
3621		0
3622		0
3623		0
3624		0
3625		0
3626		0
3627		0
3628		0
3629		0
3630		0
3631		0
3632		0
3633		0
3634		0
3635		0
3636		0
3637		0
3638		0
3639		0
3640		0
3641		0
3642		0
3643		0
3644		0
3645		0
3646		0
3647		0
3648		0
3649		0
3650		0
3651		0
3652		0
3653		0
3654		0
3655		0
3656		0
3657		0
3658		0
3659		0
3660		0
3661		0
3662		0
3663		0
3664		0
3665		0
3666		0
3667		0
3668		0
3669		0
3670		0
3671		0
3672		0
3673		0
3674		0
3675		0
3676		0
3677		0
3678		0
3679		0
3680		0
3681		0
3682		0
3683		0
3684		0
3685		0
3686		0
3687		0
3688		0
3689		0
3690		0
3691		0
3692		0
3693		0
3694		0
3695		0
3696		0
3697		0
3698		0
3699		0
3700		0
3701		0
3702		0
3703		0
3704		0
3705		0
3706		0
3707		0
3708		0
3709		0
3710		0
3711		0
3712		0
3713		0
3714		0
3715		0
3716		0
3717		0
3718		0
3719		0
3720		0
3721		0
3722		0
3723		0
3724		0
3725		0
3726		0
3727		0
3728		0
3729		0
3730		0
3731		0
3732		0
3733		0
3734		0
3735		0
3736		0
3737		0
3738		0
3739		0
3740		0
3741		0
3742		0
3743		0
3744		0
3745		0
3746		0
3747		0
3748		0
3749		0
3750		0
3751		0
3752		0
3753		0
3754		0
3755		0
3756		0
3757		0
3758		0
3759		0
3760		0
3761		0
3762		0
3763		0
3764		0
3765		0
3766		0
3767		0
3768		0
3769		0
3770		0
3771		0
3772		0
3773		0
3774		0
3775		0
3776		0
3777		0
3778		0
3779		0
3780		0
3781		0
3782		0
3783		0
3784		0
3785		0
3786		0
3787		0
3788		0
3789		0
3790		0
3791		0
3792		0
3793		0
3794		0
3795		0
3796		0
3797		0
3798		0
3799		0
3800		0
3801		0
3802		0
3803		0
3804		0
3805		0
3806		0
3807		0
3808		0
3809		0
3810		0
3811		0
3812		0
3813		0
3814		0
3815		0
3816		0
3817		0
3818		0
3819		0
3820		0
3821		0
3822		0
3823		0
3824		0
3825		0
3826		0
3827		0
3828		0
3829		0
3830		0
3831		0
3832		0
3833		0
3834		0
3835		0
3836		0
3837		0
3838		0
3839		0
3840		0
3841		0
3842		0
3843		0
3844		0
3845		0
3846		0
3847		0
3848		0
3849		0
3850		0
3851		0
3852		0
3853		0
3854		0
3855		0
3856		0
3857		0
3858		0
3859		0
3860		0
3861		0
3862		0
3863		0
3864		0
3865		0
3866		0
3867		0
3868		0
3869		0
3870		0
3871		0
3872		0
3873		0
3874		0
3875		0
3876		0
3877		0
3878		0
3879		0
3880		0
3881		0
3882		0
3883		0
3884		0
3885		0
3886		0
3887		0
3888		0
3889		0
3890		0
3891		0
3892		0
3893		0
3894		0
3895		0
3896		0
3897		0
3898		0
3899		0
3900		0
3901		0
3902		0
3903		0
3904		0
3905		0
3906		0
3907		0
3908		0
3909		0
3910		0
3911		0
3912		0
3913		0
3914		0
3915		0
3916		0
3917		0
3918		0
3919		0
3920		0
3921		0
3922		0
3923		0
3924		0
3925		0
3926		0
3927		0
3928		0
3929		0
3930		0
3931		0
3932		0
3933		0
3934		0
3935		0
3936		0
3937		0
3938		0
3939		0
3940		0
3941		0
3942		0
3943		0
3944		0
3945		0
3946		0
3947		0
3948		0
3949		0
3950		0
3951		0
3952		0
3953		0
3954		0
3955		0
3956		0
3957		0
3958		0
3959		0
3960		0
3961		0
3962		0
3963		0
3964		0
3965		0
3966		0
3967		0
3968		0
3969		0
3970		0
3971		0
3972		0
3973		0
3974		0
3975		0
3976		0
3977		0
3978		0
3979		0
3980		0
3981		0
3982		0
3983		0
3984		0
3985		0
3986		0
3987		0
3988		0
3989		0
3990		0
3991		0
3992		0
3993		0
3994		0
3995		0
3996		0
3997		0
3998		0
3999		0
4000		0
4001		0
4002		0
4003		0
4004		0
4005		0
4006		0
4007		0
4008		0
4009		0
4010		0
4011		0
4012		0
4013		0
4014		0
4015		0
4016		0
4017		0
4018		0
4019		0
4020		0
4021		0
4022		0
4023		0
4024		0
4025		0
4026		0
4027		0
4028		0
4029		0
4030		0
4031		0
4032		0
4033		0
4034		0
4035		0
4036		0
4037		0
4038		0
4039		0
4040		0
4041		0
4042		0
4043		0
4044		0
4045		0
4046		0
4047		0
4048		0
4049		0
4050		0
4051		0
4052		0
4053		0
4054		0
4055		0
4056		0
4057		0
4058		0
4059		0
4060		0
4061		0
4062		0
4063		0
4064		0
4065		0
4066		0
4067		0
4068		0
4069		0
4070		0
4071		0
4072		0
4073		0
4074		0
4075		0
4076		0
4077		0
4078		0
4079		0
4080		0
4081		0
4082		0
4083		0
4084		0
4085		0
4086		0
4087		0
4088		0
4089		0
4090		0
4091		0
4092		0
4093		0
4094		0
4095		0
