0		0.000000
1		0.000000
2		0.000000
3		0.000000
4		0.000000
5		0.000000
6		0.000000
7		0.000000
8		0.000000
9		0.000000
10		0.000000
11		0.000000
12		0.000000
13		0.000000
14		0.000000
15		0.000000
16		0.000000
17		0.000000
18		0.000000
19		0.000000
20		0.000000
21		0.000000
22		0.000000
23		0.000000
24		0.000000
25		0.000000
26		0.000000
27		0.000000
28		0.000000
29		0.000000
30		0.000000
31		0.000000
32		0.000000
33		0.000000
34		0.000000
35		0.000000
36		0.000000
37		0.000000
38		0.000000
39		0.000000
40		0.000000
41		0.000000
42		0.000000
43		0.000000
44		0.000000
45		0.000000
46		0.000000
47		0.000000
48		0.000000
49		0.000000
50		0.000000
51		0.000000
52		0.000000
53		0.000000
54		0.000000
55		0.000000
56		0.000000
57		0.000000
58		0.000000
59		0.000000
60		0.000000
61		0.000000
62		0.000000
63		0.000000
64		0.000000
65		0.000000
66		0.000000
67		0.000000
68		0.000000
69		0.000000
70		0.000000
71		0.000000
72		0.000000
73		0.000000
74		0.000000
75		0.000000
76		0.000000
77		0.000000
78		0.000000
79		0.000000
80		0.000000
81		0.000000
82		0.000000
83		0.000000
84		0.000000
85		0.000000
86		0.000000
87		0.000000
88		0.000000
89		0.000000
90		0.000000
91		0.000000
92		0.000000
93		0.000000
94		0.000000
95		0.000000
96		0.000000
97		0.000000
98		0.000000
99		0.000000
100		0.000000
101		0.000000
102		0.000000
103		0.000000
104		0.000000
105		0.000000
106		0.000000
107		0.000000
108		0.000000
109		0.000000
110		0.000000
111		0.000000
112		0.000000
113		0.000000
114		0.000000
115		0.000000
116		0.000000
117		0.000000
118		0.000000
119		0.000000
120		0.000000
121		0.000000
122		0.000000
123		0.000000
124		0.000000
125		0.000000
126		0.000000
127		0.000000
128		0.000000
129		0.000000
130		0.000000
131		0.000000
132		0.000000
133		0.000000
134		0.000000
135		0.000000
136		0.000000
137		0.000000
138		0.000000
139		0.000000
140		0.000000
141		0.000000
142		0.000000
143		0.000000
144		0.000000
145		0.000000
146		0.000000
147		0.000000
148		0.000000
149		0.000000
150		0.000000
151		0.000000
152		0.000000
153		0.000000
154		0.000000
155		0.000000
156		0.000000
157		0.000000
158		0.000000
159		0.000000
160		0.000000
161		0.000000
162		0.000000
163		0.000000
164		0.000000
165		0.000000
166		0.000000
167		0.000000
168		0.000000
169		0.000000
170		0.000000
171		0.000000
172		0.000000
173		0.000000
174		0.000000
175		0.000000
176		0.000000
177		124.000000
178		125.000000
179		131.000000
180		117.000000
181		141.000000
182		167.000000
183		913.000000
184		2058.000000
185		310.000000
186		84.000000
187		84.000000
188		87.000000
189		98.000000
190		97.000000
191		116.000000
192		93.000000
193		115.000000
194		96.000000
195		106.000000
196		106.000000
197		93.000000
198		100.000000
199		114.000000
200		104.000000
201		104.000000
202		115.000000
203		110.000000
204		120.000000
205		125.000000
206		134.000000
207		140.000000
208		127.000000
209		110.000000
210		134.000000
211		128.000000
212		138.000000
213		127.000000
214		130.000000
215		135.000000
216		126.000000
217		124.000000
218		126.000000
219		132.000000
220		113.000000
221		116.000000
222		122.000000
223		116.000000
224		136.000000
225		116.000000
226		129.000000
227		124.000000
228		128.000000
229		116.000000
230		123.000000
231		125.000000
232		122.000000
233		141.000000
234		132.000000
235		119.000000
236		109.000000
237		105.000000
238		109.000000
239		139.000000
240		134.000000
241		120.000000
242		141.000000
243		118.000000
244		133.000000
245		125.000000
246		124.000000
247		128.000000
248		125.000000
249		130.000000
250		118.000000
251		112.000000
252		120.000000
253		134.000000
254		107.000000
255		111.000000
256		120.000000
257		128.000000
258		137.000000
259		94.000000
260		89.000000
261		125.000000
262		106.000000
263		112.000000
264		112.000000
265		114.000000
266		110.000000
267		125.000000
268		120.000000
269		125.000000
270		101.000000
271		116.000000
272		117.000000
273		114.000000
274		116.000000
275		110.000000
276		109.000000
277		113.000000
278		112.000000
279		114.000000
280		112.000000
281		94.000000
282		103.000000
283		110.000000
284		98.000000
285		108.000000
286		98.000000
287		109.000000
288		112.000000
289		137.000000
290		112.000000
291		111.000000
292		108.000000
293		96.000000
294		127.000000
295		131.000000
296		100.000000
297		111.000000
298		109.000000
299		104.000000
300		98.000000
301		109.000000
302		115.000000
303		111.000000
304		115.000000
305		99.000000
306		102.000000
307		108.000000
308		96.000000
309		119.000000
310		116.000000
311		105.000000
312		121.000000
313		118.000000
314		130.000000
315		234.000000
316		740.000000
317		450.000000
318		119.000000
319		108.000000
320		105.000000
321		108.000000
322		112.000000
323		118.000000
324		105.000000
325		107.000000
326		106.000000
327		121.000000
328		106.000000
329		107.000000
330		105.000000
331		93.000000
332		105.000000
333		84.000000
334		104.000000
335		101.000000
336		99.000000
337		106.000000
338		114.000000
339		106.000000
340		121.000000
341		104.000000
342		109.000000
343		99.000000
344		112.000000
345		115.000000
346		103.000000
347		104.000000
348		102.000000
349		113.000000
350		108.000000
351		103.000000
352		112.000000
353		120.000000
354		110.000000
355		111.000000
356		114.000000
357		104.000000
358		117.000000
359		120.000000
360		116.000000
361		89.000000
362		129.000000
363		98.000000
364		118.000000
365		115.000000
366		115.000000
367		114.000000
368		120.000000
369		122.000000
370		127.000000
371		110.000000
372		119.000000
373		123.000000
374		117.000000
375		135.000000
376		120.000000
377		127.000000
378		137.000000
379		134.000000
380		127.000000
381		119.000000
382		127.000000
383		131.000000
384		132.000000
385		118.000000
386		150.000000
387		127.000000
388		133.000000
389		132.000000
390		146.000000
391		161.000000
392		149.000000
393		137.000000
394		138.000000
395		115.000000
396		153.000000
397		139.000000
398		126.000000
399		151.000000
400		164.000000
401		156.000000
402		170.000000
403		160.000000
404		167.000000
405		174.000000
406		158.000000
407		140.000000
408		148.000000
409		117.000000
410		125.000000
411		115.000000
412		115.000000
413		112.000000
414		121.000000
415		110.000000
416		103.000000
417		101.000000
418		98.000000
419		117.000000
420		117.000000
421		89.000000
422		104.000000
423		114.000000
424		142.000000
425		150.000000
426		101.000000
427		102.000000
428		101.000000
429		113.000000
430		114.000000
431		98.000000
432		70.000000
433		95.000000
434		74.000000
435		102.000000
436		101.000000
437		84.000000
438		107.000000
439		99.000000
440		75.000000
441		81.000000
442		88.000000
443		98.000000
444		94.000000
445		80.000000
446		74.000000
447		76.000000
448		75.000000
449		90.000000
450		82.000000
451		77.000000
452		81.000000
453		60.000000
454		78.000000
455		91.000000
456		94.000000
457		75.000000
458		69.000000
459		62.000000
460		69.000000
461		67.000000
462		90.000000
463		62.000000
464		69.000000
465		86.000000
466		85.000000
467		80.000000
468		86.000000
469		50.000000
470		88.000000
471		62.000000
472		65.000000
473		80.000000
474		79.000000
475		72.000000
476		70.000000
477		66.000000
478		65.000000
479		77.000000
480		64.000000
481		76.000000
482		59.000000
483		69.000000
484		59.000000
485		68.000000
486		86.000000
487		300.000000
488		3679.000000
489		4626.000000
490		533.000000
491		84.000000
492		78.000000
493		84.000000
494		63.000000
495		61.000000
496		67.000000
497		58.000000
498		51.000000
499		55.000000
500		41.000000
501		48.000000
502		48.000000
503		35.000000
504		45.000000
505		52.000000
506		41.000000
507		40.000000
508		36.000000
509		37.000000
510		40.000000
511		43.000000
512		42.000000
513		47.000000
514		44.000000
515		35.000000
516		36.000000
517		37.000000
518		43.000000
519		53.000000
520		47.000000
521		189.000000
522		633.000000
523		195.000000
524		49.000000
525		40.000000
526		32.000000
527		51.000000
528		38.000000
529		44.000000
530		47.000000
531		42.000000
532		38.000000
533		37.000000
534		42.000000
535		57.000000
536		107.000000
537		57.000000
538		46.000000
539		37.000000
540		31.000000
541		39.000000
542		31.000000
543		43.000000
544		39.000000
545		73.000000
546		418.000000
547		407.000000
548		73.000000
549		36.000000
550		44.000000
551		38.000000
552		42.000000
553		42.000000
554		34.000000
555		46.000000
556		40.000000
557		41.000000
558		40.000000
559		41.000000
560		46.000000
561		59.000000
562		113.000000
563		239.000000
564		92.000000
565		38.000000
566		42.000000
567		35.000000
568		35.000000
569		38.000000
570		33.000000
571		42.000000
572		33.000000
573		25.000000
574		40.000000
575		32.000000
576		32.000000
577		31.000000
578		47.000000
579		192.000000
580		430.000000
581		141.000000
582		33.000000
583		38.000000
584		36.000000
585		29.000000
586		25.000000
587		41.000000
588		36.000000
589		36.000000
590		34.000000
591		32.000000
592		24.000000
593		30.000000
594		33.000000
595		27.000000
596		30.000000
597		37.000000
598		36.000000
599		29.000000
600		36.000000
601		29.000000
602		40.000000
603		44.000000
604		36.000000
605		31.000000
606		29.000000
607		30.000000
608		38.000000
609		34.000000
610		43.000000
611		37.000000
612		18.000000
613		23.000000
614		33.000000
615		34.000000
616		28.000000
617		33.000000
618		18.000000
619		28.000000
620		29.000000
621		37.000000
622		30.000000
623		40.000000
624		24.000000
625		35.000000
626		25.000000
627		35.000000
628		30.000000
629		29.000000
630		21.000000
631		23.000000
632		37.000000
633		29.000000
634		29.000000
635		35.000000
636		24.000000
637		31.000000
638		23.000000
639		25.000000
640		25.000000
641		29.000000
642		38.000000
643		32.000000
644		28.000000
645		41.000000
646		38.000000
647		19.000000
648		30.000000
649		29.000000
650		32.000000
651		32.000000
652		26.000000
653		43.000000
654		21.000000
655		26.000000
656		30.000000
657		23.000000
658		29.000000
659		27.000000
660		28.000000
661		29.000000
662		23.000000
663		29.000000
664		23.000000
665		22.000000
666		21.000000
667		28.000000
668		34.000000
669		24.000000
670		30.000000
671		21.000000
672		30.000000
673		25.000000
674		28.000000
675		26.000000
676		18.000000
677		28.000000
678		23.000000
679		21.000000
680		18.000000
681		35.000000
682		38.000000
683		22.000000
684		28.000000
685		28.000000
686		22.000000
687		38.000000
688		26.000000
689		25.000000
690		28.000000
691		20.000000
692		30.000000
693		54.000000
694		188.000000
695		339.000000
696		116.000000
697		27.000000
698		24.000000
699		23.000000
700		25.000000
701		16.000000
702		27.000000
703		29.000000
704		25.000000
705		15.000000
706		32.000000
707		19.000000
708		23.000000
709		22.000000
710		30.000000
711		21.000000
712		29.000000
713		28.000000
714		26.000000
715		20.000000
716		20.000000
717		33.000000
718		26.000000
719		30.000000
720		22.000000
721		34.000000
722		23.000000
723		23.000000
724		28.000000
725		19.000000
726		16.000000
727		20.000000
728		26.000000
729		24.000000
730		35.000000
731		30.000000
732		20.000000
733		21.000000
734		37.000000
735		29.000000
736		26.000000
737		29.000000
738		20.000000
739		23.000000
740		22.000000
741		27.000000
742		17.000000
743		26.000000
744		37.000000
745		32.000000
746		13.000000
747		20.000000
748		20.000000
749		25.000000
750		21.000000
751		31.000000
752		52.000000
753		39.000000
754		29.000000
755		23.000000
756		22.000000
757		34.000000
758		22.000000
759		19.000000
760		24.000000
761		29.000000
762		20.000000
763		28.000000
764		27.000000
765		24.000000
766		23.000000
767		25.000000
768		23.000000
769		39.000000
770		23.000000
771		27.000000
772		29.000000
773		31.000000
774		16.000000
775		24.000000
776		25.000000
777		24.000000
778		31.000000
779		39.000000
780		23.000000
781		23.000000
782		19.000000
783		20.000000
784		28.000000
785		28.000000
786		37.000000
787		17.000000
788		19.000000
789		39.000000
790		24.000000
791		26.000000
792		52.000000
793		72.000000
794		48.000000
795		30.000000
796		49.000000
797		44.000000
798		34.000000
799		23.000000
800		26.000000
801		20.000000
802		20.000000
803		22.000000
804		27.000000
805		22.000000
806		19.000000
807		15.000000
808		18.000000
809		22.000000
810		16.000000
811		13.000000
812		20.000000
813		25.000000
814		27.000000
815		23.000000
816		23.000000
817		33.000000
818		38.000000
819		36.000000
820		21.000000
821		29.000000
822		22.000000
823		16.000000
824		28.000000
825		28.000000
826		20.000000
827		35.000000
828		20.000000
829		29.000000
830		24.000000
831		16.000000
832		28.000000
833		22.000000
834		28.000000
835		32.000000
836		35.000000
837		28.000000
838		16.000000
839		31.000000
840		34.000000
841		15.000000
842		31.000000
843		24.000000
844		29.000000
845		24.000000
846		20.000000
847		21.000000
848		31.000000
849		32.000000
850		19.000000
851		23.000000
852		24.000000
853		29.000000
854		22.000000
855		22.000000
856		30.000000
857		28.000000
858		22.000000
859		39.000000
860		31.000000
861		21.000000
862		24.000000
863		27.000000
864		30.000000
865		35.000000
866		32.000000
867		32.000000
868		29.000000
869		24.000000
870		27.000000
871		31.000000
872		28.000000
873		24.000000
874		26.000000
875		28.000000
876		25.000000
877		25.000000
878		21.000000
879		18.000000
880		23.000000
881		27.000000
882		23.000000
883		16.000000
884		24.000000
885		21.000000
886		25.000000
887		18.000000
888		18.000000
889		24.000000
890		23.000000
891		20.000000
892		22.000000
893		24.000000
894		19.000000
895		32.000000
896		26.000000
897		21.000000
898		23.000000
899		23.000000
900		23.000000
901		18.000000
902		38.000000
903		26.000000
904		21.000000
905		19.000000
906		21.000000
907		32.000000
908		22.000000
909		29.000000
910		30.000000
911		54.000000
912		39.000000
913		39.000000
914		26.000000
915		26.000000
916		22.000000
917		21.000000
918		26.000000
919		21.000000
920		23.000000
921		19.000000
922		21.000000
923		20.000000
924		26.000000
925		20.000000
926		23.000000
927		24.000000
928		18.000000
929		21.000000
930		19.000000
931		27.000000
932		22.000000
933		16.000000
934		19.000000
935		16.000000
936		23.000000
937		25.000000
938		21.000000
939		24.000000
940		27.000000
941		18.000000
942		26.000000
943		16.000000
944		29.000000
945		27.000000
946		21.000000
947		27.000000
948		22.000000
949		24.000000
950		17.000000
951		21.000000
952		23.000000
953		27.000000
954		21.000000
955		21.000000
956		29.000000
957		92.000000
958		293.000000
959		308.000000
960		72.000000
961		32.000000
962		20.000000
963		19.000000
964		15.000000
965		12.000000
966		31.000000
967		40.000000
968		70.000000
969		90.000000
970		75.000000
971		36.000000
972		24.000000
973		21.000000
974		28.000000
975		13.000000
976		16.000000
977		22.000000
978		12.000000
979		20.000000
980		22.000000
981		27.000000
982		17.000000
983		24.000000
984		26.000000
985		14.000000
986		18.000000
987		21.000000
988		7.000000
989		16.000000
990		21.000000
991		19.000000
992		20.000000
993		24.000000
994		22.000000
995		20.000000
996		16.000000
997		20.000000
998		20.000000
999		22.000000
1000		23.000000
1001		17.000000
1002		10.000000
1003		15.000000
1004		12.000000
1005		18.000000
1006		15.000000
1007		23.000000
1008		16.000000
1009		23.000000
1010		20.000000
1011		20.000000
1012		20.000000
1013		23.000000
1014		8.000000
1015		24.000000
1016		17.000000
1017		14.000000
1018		24.000000
1019		26.000000
1020		25.000000
1021		45.000000
1022		55.000000
1023		41.000000
1024		46.000000
1025		32.000000
1026		24.000000
1027		23.000000
1028		16.000000
1029		15.000000
1030		18.000000
1031		12.000000
1032		25.000000
1033		21.000000
1034		14.000000
1035		18.000000
1036		11.000000
1037		13.000000
1038		24.000000
1039		33.000000
1040		32.000000
1041		38.000000
1042		51.000000
1043		55.000000
1044		38.000000
1045		21.000000
1046		21.000000
1047		22.000000
1048		13.000000
1049		13.000000
1050		24.000000
1051		15.000000
1052		14.000000
1053		16.000000
1054		19.000000
1055		21.000000
1056		17.000000
1057		21.000000
1058		16.000000
1059		18.000000
1060		23.000000
1061		22.000000
1062		19.000000
1063		19.000000
1064		12.000000
1065		21.000000
1066		20.000000
1067		17.000000
1068		27.000000
1069		23.000000
1070		20.000000
1071		21.000000
1072		32.000000
1073		28.000000
1074		24.000000
1075		16.000000
1076		17.000000
1077		22.000000
1078		16.000000
1079		15.000000
1080		20.000000
1081		19.000000
1082		21.000000
1083		18.000000
1084		17.000000
1085		14.000000
1086		30.000000
1087		20.000000
1088		15.000000
1089		20.000000
1090		17.000000
1091		20.000000
1092		11.000000
1093		11.000000
1094		18.000000
1095		20.000000
1096		22.000000
1097		21.000000
1098		17.000000
1099		17.000000
1100		17.000000
1101		20.000000
1102		22.000000
1103		19.000000
1104		24.000000
1105		19.000000
1106		19.000000
1107		19.000000
1108		19.000000
1109		17.000000
1110		19.000000
1111		18.000000
1112		20.000000
1113		26.000000
1114		28.000000
1115		22.000000
1116		21.000000
1117		23.000000
1118		12.000000
1119		18.000000
1120		23.000000
1121		20.000000
1122		27.000000
1123		22.000000
1124		18.000000
1125		24.000000
1126		26.000000
1127		22.000000
1128		26.000000
1129		38.000000
1130		34.000000
1131		27.000000
1132		18.000000
1133		30.000000
1134		21.000000
1135		23.000000
1136		22.000000
1137		25.000000
1138		24.000000
1139		24.000000
1140		26.000000
1141		32.000000
1142		32.000000
1143		26.000000
1144		25.000000
1145		24.000000
1146		20.000000
1147		29.000000
1148		29.000000
1149		19.000000
1150		23.000000
1151		19.000000
1152		26.000000
1153		20.000000
1154		26.000000
1155		21.000000
1156		23.000000
1157		26.000000
1158		22.000000
1159		22.000000
1160		27.000000
1161		27.000000
1162		26.000000
1163		30.000000
1164		32.000000
1165		30.000000
1166		23.000000
1167		41.000000
1168		35.000000
1169		18.000000
1170		34.000000
1171		27.000000
1172		16.000000
1173		16.000000
1174		28.000000
1175		20.000000
1176		33.000000
1177		15.000000
1178		29.000000
1179		17.000000
1180		23.000000
1181		31.000000
1182		28.000000
1183		23.000000
1184		30.000000
1185		29.000000
1186		26.000000
1187		19.000000
1188		28.000000
1189		20.000000
1190		30.000000
1191		23.000000
1192		29.000000
1193		24.000000
1194		24.000000
1195		27.000000
1196		34.000000
1197		27.000000
1198		18.000000
1199		34.000000
1200		20.000000
1201		24.000000
1202		27.000000
1203		20.000000
1204		23.000000
1205		20.000000
1206		19.000000
1207		30.000000
1208		23.000000
1209		28.000000
1210		26.000000
1211		21.000000
1212		30.000000
1213		30.000000
1214		27.000000
1215		24.000000
1216		21.000000
1217		32.000000
1218		25.000000
1219		36.000000
1220		31.000000
1221		18.000000
1222		32.000000
1223		23.000000
1224		21.000000
1225		21.000000
1226		24.000000
1227		29.000000
1228		29.000000
1229		29.000000
1230		25.000000
1231		27.000000
1232		27.000000
1233		28.000000
1234		23.000000
1235		25.000000
1236		22.000000
1237		30.000000
1238		23.000000
1239		27.000000
1240		27.000000
1241		22.000000
1242		23.000000
1243		25.000000
1244		21.000000
1245		24.000000
1246		33.000000
1247		25.000000
1248		37.000000
1249		38.000000
1250		25.000000
1251		30.000000
1252		34.000000
1253		24.000000
1254		27.000000
1255		19.000000
1256		29.000000
1257		21.000000
1258		26.000000
1259		32.000000
1260		34.000000
1261		22.000000
1262		34.000000
1263		33.000000
1264		23.000000
1265		32.000000
1266		28.000000
1267		25.000000
1268		27.000000
1269		22.000000
1270		31.000000
1271		25.000000
1272		27.000000
1273		29.000000
1274		24.000000
1275		31.000000
1276		27.000000
1277		17.000000
1278		28.000000
1279		28.000000
1280		34.000000
1281		40.000000
1282		26.000000
1283		39.000000
1284		27.000000
1285		38.000000
1286		35.000000
1287		27.000000
1288		33.000000
1289		31.000000
1290		29.000000
1291		25.000000
1292		31.000000
1293		27.000000
1294		27.000000
1295		19.000000
1296		27.000000
1297		27.000000
1298		26.000000
1299		29.000000
1300		17.000000
1301		23.000000
1302		28.000000
1303		27.000000
1304		30.000000
1305		25.000000
1306		28.000000
1307		35.000000
1308		26.000000
1309		29.000000
1310		30.000000
1311		31.000000
1312		54.000000
1313		73.000000
1314		74.000000
1315		50.000000
1316		43.000000
1317		27.000000
1318		33.000000
1319		34.000000
1320		28.000000
1321		35.000000
1322		39.000000
1323		26.000000
1324		28.000000
1325		32.000000
1326		29.000000
1327		29.000000
1328		42.000000
1329		35.000000
1330		44.000000
1331		60.000000
1332		45.000000
1333		41.000000
1334		34.000000
1335		33.000000
1336		41.000000
1337		45.000000
1338		39.000000
1339		41.000000
1340		45.000000
1341		35.000000
1342		36.000000
1343		38.000000
1344		39.000000
1345		35.000000
1346		44.000000
1347		33.000000
1348		50.000000
1349		57.000000
1350		46.000000
1351		40.000000
1352		33.000000
1353		31.000000
1354		29.000000
1355		34.000000
1356		36.000000
1357		42.000000
1358		42.000000
1359		40.000000
1360		28.000000
1361		31.000000
1362		34.000000
1363		37.000000
1364		38.000000
1365		37.000000
1366		32.000000
1367		38.000000
1368		35.000000
1369		38.000000
1370		28.000000
1371		33.000000
1372		45.000000
1373		41.000000
1374		33.000000
1375		23.000000
1376		39.000000
1377		38.000000
1378		43.000000
1379		42.000000
1380		38.000000
1381		33.000000
1382		31.000000
1383		41.000000
1384		40.000000
1385		25.000000
1386		43.000000
1387		44.000000
1388		38.000000
1389		39.000000
1390		45.000000
1391		40.000000
1392		30.000000
1393		41.000000
1394		31.000000
1395		43.000000
1396		40.000000
1397		36.000000
1398		38.000000
1399		36.000000
1400		44.000000
1401		43.000000
1402		38.000000
1403		39.000000
1404		44.000000
1405		47.000000
1406		34.000000
1407		48.000000
1408		44.000000
1409		52.000000
1410		38.000000
1411		37.000000
1412		45.000000
1413		41.000000
1414		55.000000
1415		44.000000
1416		36.000000
1417		34.000000
1418		53.000000
1419		51.000000
1420		42.000000
1421		28.000000
1422		39.000000
1423		46.000000
1424		48.000000
1425		40.000000
1426		55.000000
1427		34.000000
1428		29.000000
1429		41.000000
1430		38.000000
1431		46.000000
1432		38.000000
1433		46.000000
1434		51.000000
1435		53.000000
1436		50.000000
1437		59.000000
1438		45.000000
1439		39.000000
1440		36.000000
1441		39.000000
1442		39.000000
1443		30.000000
1444		45.000000
1445		49.000000
1446		39.000000
1447		41.000000
1448		34.000000
1449		40.000000
1450		41.000000
1451		40.000000
1452		28.000000
1453		53.000000
1454		51.000000
1455		34.000000
1456		44.000000
1457		43.000000
1458		45.000000
1459		33.000000
1460		46.000000
1461		28.000000
1462		37.000000
1463		54.000000
1464		38.000000
1465		31.000000
1466		37.000000
1467		39.000000
1468		43.000000
1469		41.000000
1470		40.000000
1471		39.000000
1472		44.000000
1473		36.000000
1474		57.000000
1475		31.000000
1476		37.000000
1477		42.000000
1478		33.000000
1479		47.000000
1480		44.000000
1481		33.000000
1482		38.000000
1483		35.000000
1484		31.000000
1485		39.000000
1486		33.000000
1487		42.000000
1488		28.000000
1489		36.000000
1490		40.000000
1491		37.000000
1492		35.000000
1493		37.000000
1494		41.000000
1495		39.000000
1496		38.000000
1497		30.000000
1498		25.000000
1499		41.000000
1500		33.000000
1501		44.000000
1502		44.000000
1503		49.000000
1504		39.000000
1505		34.000000
1506		32.000000
1507		50.000000
1508		36.000000
1509		37.000000
1510		48.000000
1511		42.000000
1512		30.000000
1513		38.000000
1514		39.000000
1515		48.000000
1516		38.000000
1517		60.000000
1518		87.000000
1519		120.000000
1520		157.000000
1521		244.000000
1522		157.000000
1523		107.000000
1524		52.000000
1525		39.000000
1526		35.000000
1527		39.000000
1528		58.000000
1529		36.000000
1530		38.000000
1531		42.000000
1532		33.000000
1533		47.000000
1534		39.000000
1535		41.000000
1536		62.000000
1537		74.000000
1538		102.000000
1539		155.000000
1540		94.000000
1541		46.000000
1542		48.000000
1543		44.000000
1544		48.000000
1545		52.000000
1546		46.000000
1547		48.000000
1548		37.000000
1549		34.000000
1550		43.000000
1551		37.000000
1552		46.000000
1553		45.000000
1554		53.000000
1555		52.000000
1556		38.000000
1557		60.000000
1558		34.000000
1559		54.000000
1560		42.000000
1561		51.000000
1562		33.000000
1563		46.000000
1564		44.000000
1565		46.000000
1566		37.000000
1567		44.000000
1568		47.000000
1569		35.000000
1570		36.000000
1571		51.000000
1572		37.000000
1573		52.000000
1574		40.000000
1575		58.000000
1576		36.000000
1577		50.000000
1578		41.000000
1579		39.000000
1580		49.000000
1581		40.000000
1582		40.000000
1583		52.000000
1584		37.000000
1585		49.000000
1586		50.000000
1587		41.000000
1588		31.000000
1589		35.000000
1590		37.000000
1591		39.000000
1592		42.000000
1593		42.000000
1594		51.000000
1595		53.000000
1596		44.000000
1597		44.000000
1598		43.000000
1599		43.000000
1600		40.000000
1601		45.000000
1602		41.000000
1603		50.000000
1604		38.000000
1605		35.000000
1606		41.000000
1607		52.000000
1608		37.000000
1609		50.000000
1610		46.000000
1611		60.000000
1612		67.000000
1613		70.000000
1614		77.000000
1615		60.000000
1616		49.000000
1617		40.000000
1618		41.000000
1619		48.000000
1620		48.000000
1621		56.000000
1622		48.000000
1623		44.000000
1624		52.000000
1625		48.000000
1626		44.000000
1627		50.000000
1628		43.000000
1629		33.000000
1630		61.000000
1631		49.000000
1632		44.000000
1633		62.000000
1634		31.000000
1635		45.000000
1636		42.000000
1637		42.000000
1638		50.000000
1639		42.000000
1640		32.000000
1641		40.000000
1642		47.000000
1643		49.000000
1644		37.000000
1645		37.000000
1646		38.000000
1647		47.000000
1648		41.000000
1649		28.000000
1650		50.000000
1651		46.000000
1652		40.000000
1653		54.000000
1654		47.000000
1655		42.000000
1656		44.000000
1657		53.000000
1658		43.000000
1659		43.000000
1660		35.000000
1661		44.000000
1662		50.000000
1663		58.000000
1664		62.000000
1665		44.000000
1666		33.000000
1667		46.000000
1668		39.000000
1669		44.000000
1670		38.000000
1671		43.000000
1672		38.000000
1673		35.000000
1674		37.000000
1675		32.000000
1676		34.000000
1677		39.000000
1678		43.000000
1679		23.000000
1680		30.000000
1681		34.000000
1682		34.000000
1683		42.000000
1684		40.000000
1685		28.000000
1686		33.000000
1687		34.000000
1688		21.000000
1689		30.000000
1690		33.000000
1691		44.000000
1692		35.000000
1693		40.000000
1694		33.000000
1695		25.000000
1696		29.000000
1697		35.000000
1698		28.000000
1699		36.000000
1700		41.000000
1701		23.000000
1702		27.000000
1703		26.000000
1704		29.000000
1705		37.000000
1706		57.000000
1707		75.000000
1708		99.000000
1709		115.000000
1710		96.000000
1711		100.000000
1712		95.000000
1713		70.000000
1714		46.000000
1715		40.000000
1716		49.000000
1717		40.000000
1718		48.000000
1719		37.000000
1720		53.000000
1721		30.000000
1722		36.000000
1723		64.000000
1724		88.000000
1725		144.000000
1726		259.000000
1727		530.000000
1728		656.000000
1729		405.000000
1730		103.000000
1731		54.000000
1732		55.000000
1733		52.000000
1734		42.000000
1735		52.000000
1736		54.000000
1737		50.000000
1738		41.000000
1739		47.000000
1740		47.000000
1741		40.000000
1742		52.000000
1743		46.000000
1744		50.000000
1745		40.000000
1746		47.000000
1747		49.000000
1748		47.000000
1749		40.000000
1750		43.000000
1751		33.000000
1752		46.000000
1753		41.000000
1754		36.000000
1755		36.000000
1756		37.000000
1757		39.000000
1758		48.000000
1759		35.000000
1760		41.000000
1761		45.000000
1762		45.000000
1763		44.000000
1764		38.000000
1765		46.000000
1766		47.000000
1767		46.000000
1768		38.000000
1769		44.000000
1770		47.000000
1771		48.000000
1772		46.000000
1773		45.000000
1774		48.000000
1775		53.000000
1776		42.000000
1777		48.000000
1778		52.000000
1779		47.000000
1780		51.000000
1781		60.000000
1782		63.000000
1783		58.000000
1784		56.000000
1785		73.000000
1786		50.000000
1787		69.000000
1788		45.000000
1789		39.000000
1790		55.000000
1791		39.000000
1792		40.000000
1793		47.000000
1794		42.000000
1795		56.000000
1796		48.000000
1797		39.000000
1798		45.000000
1799		42.000000
1800		50.000000
1801		47.000000
1802		42.000000
1803		53.000000
1804		48.000000
1805		45.000000
1806		54.000000
1807		59.000000
1808		33.000000
1809		41.000000
1810		50.000000
1811		46.000000
1812		51.000000
1813		48.000000
1814		38.000000
1815		43.000000
1816		54.000000
1817		54.000000
1818		37.000000
1819		52.000000
1820		48.000000
1821		32.000000
1822		41.000000
1823		51.000000
1824		49.000000
1825		39.000000
1826		41.000000
1827		53.000000
1828		46.000000
1829		54.000000
1830		44.000000
1831		43.000000
1832		38.000000
1833		53.000000
1834		49.000000
1835		50.000000
1836		61.000000
1837		56.000000
1838		55.000000
1839		61.000000
1840		45.000000
1841		40.000000
1842		56.000000
1843		43.000000
1844		58.000000
1845		50.000000
1846		62.000000
1847		43.000000
1848		38.000000
1849		49.000000
1850		39.000000
1851		42.000000
1852		47.000000
1853		42.000000
1854		39.000000
1855		50.000000
1856		42.000000
1857		52.000000
1858		45.000000
1859		39.000000
1860		44.000000
1861		48.000000
1862		35.000000
1863		37.000000
1864		35.000000
1865		48.000000
1866		40.000000
1867		44.000000
1868		37.000000
1869		44.000000
1870		38.000000
1871		54.000000
1872		37.000000
1873		48.000000
1874		43.000000
1875		49.000000
1876		48.000000
1877		53.000000
1878		30.000000
1879		43.000000
1880		45.000000
1881		44.000000
1882		40.000000
1883		53.000000
1884		54.000000
1885		48.000000
1886		41.000000
1887		50.000000
1888		33.000000
1889		40.000000
1890		50.000000
1891		36.000000
1892		43.000000
1893		50.000000
1894		37.000000
1895		51.000000
1896		51.000000
1897		37.000000
1898		25.000000
1899		46.000000
1900		48.000000
1901		49.000000
1902		51.000000
1903		47.000000
1904		51.000000
1905		43.000000
1906		42.000000
1907		34.000000
1908		45.000000
1909		49.000000
1910		44.000000
1911		49.000000
1912		66.000000
1913		110.000000
1914		151.000000
1915		222.000000
1916		326.000000
1917		439.000000
1918		383.000000
1919		232.000000
1920		131.000000
1921		72.000000
1922		46.000000
1923		46.000000
1924		54.000000
1925		59.000000
1926		51.000000
1927		52.000000
1928		63.000000
1929		53.000000
1930		57.000000
1931		51.000000
1932		47.000000
1933		65.000000
1934		41.000000
1935		54.000000
1936		48.000000
1937		51.000000
1938		48.000000
1939		59.000000
1940		43.000000
1941		43.000000
1942		41.000000
1943		50.000000
1944		45.000000
1945		49.000000
1946		50.000000
1947		60.000000
1948		52.000000
1949		54.000000
1950		31.000000
1951		51.000000
1952		45.000000
1953		42.000000
1954		42.000000
1955		47.000000
1956		50.000000
1957		40.000000
1958		57.000000
1959		55.000000
1960		47.000000
1961		48.000000
1962		47.000000
1963		61.000000
1964		57.000000
1965		51.000000
1966		60.000000
1967		48.000000
1968		48.000000
1969		43.000000
1970		40.000000
1971		46.000000
1972		37.000000
1973		35.000000
1974		40.000000
1975		42.000000
1976		54.000000
1977		37.000000
1978		52.000000
1979		34.000000
1980		45.000000
1981		45.000000
1982		40.000000
1983		45.000000
1984		42.000000
1985		48.000000
1986		46.000000
1987		50.000000
1988		76.000000
1989		58.000000
1990		85.000000
1991		102.000000
1992		134.000000
1993		93.000000
1994		77.000000
1995		60.000000
1996		43.000000
1997		52.000000
1998		47.000000
1999		69.000000
2000		52.000000
2001		39.000000
2002		49.000000
2003		33.000000
2004		53.000000
2005		48.000000
2006		48.000000
2007		41.000000
2008		52.000000
2009		42.000000
2010		28.000000
2011		45.000000
2012		36.000000
2013		49.000000
2014		50.000000
2015		56.000000
2016		48.000000
2017		53.000000
2018		43.000000
2019		48.000000
2020		48.000000
2021		48.000000
2022		50.000000
2023		49.000000
2024		39.000000
2025		39.000000
2026		37.000000
2027		50.000000
2028		39.000000
2029		37.000000
2030		45.000000
2031		46.000000
2032		36.000000
2033		44.000000
2034		38.000000
2035		43.000000
2036		36.000000
2037		38.000000
2038		45.000000
2039		41.000000
2040		43.000000
2041		39.000000
2042		32.000000
2043		25.000000
2044		30.000000
2045		31.000000
2046		33.000000
2047		37.000000
2048		40.000000
2049		33.000000
2050		37.000000
2051		44.000000
2052		40.000000
2053		36.000000
2054		32.000000
2055		27.000000
2056		39.000000
2057		34.000000
2058		39.000000
2059		31.000000
2060		34.000000
2061		29.000000
2062		34.000000
2063		24.000000
2064		23.000000
2065		36.000000
2066		20.000000
2067		30.000000
2068		35.000000
2069		30.000000
2070		46.000000
2071		30.000000
2072		22.000000
2073		18.000000
2074		24.000000
2075		35.000000
2076		31.000000
2077		23.000000
2078		28.000000
2079		28.000000
2080		28.000000
2081		21.000000
2082		19.000000
2083		20.000000
2084		26.000000
2085		22.000000
2086		26.000000
2087		24.000000
2088		26.000000
2089		20.000000
2090		28.000000
2091		26.000000
2092		25.000000
2093		25.000000
2094		28.000000
2095		25.000000
2096		22.000000
2097		18.000000
2098		25.000000
2099		20.000000
2100		16.000000
2101		26.000000
2102		17.000000
2103		21.000000
2104		16.000000
2105		22.000000
2106		30.000000
2107		26.000000
2108		19.000000
2109		12.000000
2110		17.000000
2111		23.000000
2112		17.000000
2113		25.000000
2114		22.000000
2115		21.000000
2116		25.000000
2117		16.000000
2118		30.000000
2119		51.000000
2120		65.000000
2121		126.000000
2122		232.000000
2123		471.000000
2124		717.000000
2125		595.000000
2126		231.000000
2127		71.000000
2128		21.000000
2129		22.000000
2130		32.000000
2131		17.000000
2132		21.000000
2133		8.000000
2134		19.000000
2135		18.000000
2136		15.000000
2137		18.000000
2138		19.000000
2139		20.000000
2140		25.000000
2141		19.000000
2142		20.000000
2143		12.000000
2144		18.000000
2145		16.000000
2146		7.000000
2147		16.000000
2148		11.000000
2149		9.000000
2150		16.000000
2151		11.000000
2152		13.000000
2153		10.000000
2154		11.000000
2155		11.000000
2156		10.000000
2157		12.000000
2158		8.000000
2159		12.000000
2160		5.000000
2161		17.000000
2162		16.000000
2163		15.000000
2164		13.000000
2165		29.000000
2166		9.000000
2167		9.000000
2168		6.000000
2169		12.000000
2170		12.000000
2171		3.000000
2172		19.000000
2173		5.000000
2174		14.000000
2175		17.000000
2176		9.000000
2177		13.000000
2178		11.000000
2179		9.000000
2180		9.000000
2181		8.000000
2182		11.000000
2183		7.000000
2184		15.000000
2185		13.000000
2186		11.000000
2187		10.000000
2188		12.000000
2189		6.000000
2190		10.000000
2191		13.000000
2192		18.000000
2193		13.000000
2194		31.000000
2195		32.000000
2196		47.000000
2197		77.000000
2198		106.000000
2199		121.000000
2200		80.000000
2201		39.000000
2202		15.000000
2203		12.000000
2204		6.000000
2205		11.000000
2206		11.000000
2207		9.000000
2208		12.000000
2209		13.000000
2210		15.000000
2211		8.000000
2212		7.000000
2213		10.000000
2214		11.000000
2215		7.000000
2216		7.000000
2217		10.000000
2218		5.000000
2219		7.000000
2220		11.000000
2221		6.000000
2222		14.000000
2223		9.000000
2224		7.000000
2225		12.000000
2226		7.000000
2227		10.000000
2228		4.000000
2229		10.000000
2230		12.000000
2231		9.000000
2232		8.000000
2233		10.000000
2234		5.000000
2235		7.000000
2236		6.000000
2237		8.000000
2238		4.000000
2239		8.000000
2240		8.000000
2241		12.000000
2242		7.000000
2243		7.000000
2244		5.000000
2245		8.000000
2246		6.000000
2247		2.000000
2248		3.000000
2249		4.000000
2250		4.000000
2251		0.000000
2252		9.000000
2253		4.000000
2254		5.000000
2255		3.000000
2256		3.000000
2257		7.000000
2258		6.000000
2259		7.000000
2260		7.000000
2261		6.000000
2262		8.000000
2263		9.000000
2264		2.000000
2265		5.000000
2266		4.000000
2267		4.000000
2268		7.000000
2269		2.000000
2270		5.000000
2271		7.000000
2272		4.000000
2273		2.000000
2274		9.000000
2275		7.000000
2276		6.000000
2277		5.000000
2278		9.000000
2279		4.000000
2280		7.000000
2281		4.000000
2282		3.000000
2283		8.000000
2284		3.000000
2285		7.000000
2286		5.000000
2287		6.000000
2288		5.000000
2289		6.000000
2290		12.000000
2291		9.000000
2292		8.000000
2293		5.000000
2294		27.000000
2295		16.000000
2296		17.000000
2297		15.000000
2298		15.000000
2299		6.000000
2300		5.000000
2301		3.000000
2302		3.000000
2303		7.000000
2304		6.000000
2305		6.000000
2306		10.000000
2307		5.000000
2308		4.000000
2309		2.000000
2310		5.000000
2311		6.000000
2312		5.000000
2313		2.000000
2314		5.000000
2315		8.000000
2316		7.000000
2317		7.000000
2318		5.000000
2319		7.000000
2320		3.000000
2321		5.000000
2322		3.000000
2323		5.000000
2324		5.000000
2325		1.000000
2326		2.000000
2327		3.000000
2328		6.000000
2329		9.000000
2330		5.000000
2331		3.000000
2332		4.000000
2333		2.000000
2334		8.000000
2335		4.000000
2336		1.000000
2337		7.000000
2338		6.000000
2339		6.000000
2340		1.000000
2341		1.000000
2342		3.000000
2343		3.000000
2344		3.000000
2345		8.000000
2346		3.000000
2347		3.000000
2348		3.000000
2349		4.000000
2350		2.000000
2351		5.000000
2352		2.000000
2353		3.000000
2354		5.000000
2355		2.000000
2356		1.000000
2357		1.000000
2358		0.000000
2359		8.000000
2360		2.000000
2361		3.000000
2362		2.000000
2363		6.000000
2364		6.000000
2365		3.000000
2366		6.000000
2367		5.000000
2368		3.000000
2369		8.000000
2370		6.000000
2371		7.000000
2372		8.000000
2373		4.000000
2374		3.000000
2375		6.000000
2376		2.000000
2377		0.000000
2378		2.000000
2379		1.000000
2380		8.000000
2381		4.000000
2382		5.000000
2383		1.000000
2384		4.000000
2385		2.000000
2386		2.000000
2387		1.000000
2388		1.000000
2389		2.000000
2390		1.000000
2391		1.000000
2392		0.000000
2393		2.000000
2394		4.000000
2395		1.000000
2396		1.000000
2397		5.000000
2398		2.000000
2399		1.000000
2400		2.000000
2401		1.000000
2402		1.000000
2403		3.000000
2404		0.000000
2405		2.000000
2406		2.000000
2407		3.000000
2408		2.000000
2409		3.000000
2410		2.000000
2411		1.000000
2412		5.000000
2413		3.000000
2414		0.000000
2415		4.000000
2416		2.000000
2417		2.000000
2418		2.000000
2419		3.000000
2420		0.000000
2421		1.000000
2422		4.000000
2423		1.000000
2424		2.000000
2425		0.000000
2426		1.000000
2427		0.000000
2428		2.000000
2429		3.000000
2430		0.000000
2431		0.000000
2432		0.000000
2433		1.000000
2434		2.000000
2435		2.000000
2436		0.000000
2437		1.000000
2438		0.000000
2439		1.000000
2440		0.000000
2441		1.000000
2442		1.000000
2443		1.000000
2444		1.000000
2445		1.000000
2446		1.000000
2447		1.000000
2448		1.000000
2449		2.000000
2450		0.000000
2451		0.000000
2452		0.000000
2453		0.000000
2454		1.000000
2455		0.000000
2456		0.000000
2457		0.000000
2458		0.000000
2459		0.000000
2460		0.000000
2461		0.000000
2462		0.000000
2463		0.000000
2464		0.000000
2465		0.000000
2466		2.000000
2467		0.000000
2468		0.000000
2469		1.000000
2470		0.000000
2471		0.000000
2472		1.000000
2473		1.000000
2474		0.000000
2475		1.000000
2476		0.000000
2477		1.000000
2478		0.000000
2479		1.000000
2480		0.000000
2481		1.000000
2482		1.000000
2483		0.000000
2484		0.000000
2485		0.000000
2486		0.000000
2487		0.000000
2488		0.000000
2489		1.000000
2490		0.000000
2491		1.000000
2492		0.000000
2493		2.000000
2494		0.000000
2495		0.000000
2496		0.000000
2497		0.000000
2498		0.000000
2499		0.000000
2500		0.000000
2501		1.000000
2502		1.000000
2503		0.000000
2504		0.000000
2505		0.000000
2506		2.000000
2507		0.000000
2508		0.000000
2509		1.000000
2510		0.000000
2511		0.000000
2512		1.000000
2513		0.000000
2514		0.000000
2515		0.000000
2516		0.000000
2517		1.000000
2518		0.000000
2519		0.000000
2520		1.000000
2521		0.000000
2522		0.000000
2523		0.000000
2524		0.000000
2525		0.000000
2526		1.000000
2527		1.000000
2528		0.000000
2529		0.000000
2530		0.000000
2531		0.000000
2532		0.000000
2533		1.000000
2534		1.000000
2535		0.000000
2536		1.000000
2537		3.000000
2538		0.000000
2539		0.000000
2540		1.000000
2541		1.000000
2542		0.000000
2543		0.000000
2544		0.000000
2545		0.000000
2546		0.000000
2547		1.000000
2548		1.000000
2549		0.000000
2550		0.000000
2551		0.000000
2552		1.000000
2553		1.000000
2554		0.000000
2555		0.000000
2556		0.000000
2557		0.000000
2558		0.000000
2559		0.000000
2560		0.000000
2561		0.000000
2562		0.000000
2563		0.000000
2564		1.000000
2565		1.000000
2566		1.000000
2567		0.000000
2568		0.000000
2569		0.000000
2570		0.000000
2571		0.000000
2572		0.000000
2573		0.000000
2574		0.000000
2575		0.000000
2576		0.000000
2577		0.000000
2578		0.000000
2579		0.000000
2580		0.000000
2581		0.000000
2582		0.000000
2583		0.000000
2584		0.000000
2585		0.000000
2586		0.000000
2587		1.000000
2588		0.000000
2589		1.000000
2590		0.000000
2591		1.000000
2592		0.000000
2593		0.000000
2594		0.000000
2595		0.000000
2596		0.000000
2597		1.000000
2598		0.000000
2599		0.000000
2600		1.000000
2601		0.000000
2602		0.000000
2603		0.000000
2604		1.000000
2605		1.000000
2606		1.000000
2607		0.000000
2608		0.000000
2609		0.000000
2610		0.000000
2611		0.000000
2612		0.000000
2613		0.000000
2614		0.000000
2615		1.000000
2616		1.000000
2617		1.000000
2618		0.000000
2619		0.000000
2620		0.000000
2621		0.000000
2622		0.000000
2623		1.000000
2624		1.000000
2625		0.000000
2626		0.000000
2627		1.000000
2628		1.000000
2629		0.000000
2630		0.000000
2631		0.000000
2632		1.000000
2633		0.000000
2634		1.000000
2635		0.000000
2636		0.000000
2637		0.000000
2638		0.000000
2639		0.000000
2640		1.000000
2641		0.000000
2642		0.000000
2643		0.000000
2644		1.000000
2645		0.000000
2646		0.000000
2647		0.000000
2648		1.000000
2649		0.000000
2650		0.000000
2651		0.000000
2652		0.000000
2653		0.000000
2654		0.000000
2655		0.000000
2656		0.000000
2657		0.000000
2658		0.000000
2659		0.000000
2660		0.000000
2661		1.000000
2662		0.000000
2663		0.000000
2664		0.000000
2665		0.000000
2666		0.000000
2667		0.000000
2668		1.000000
2669		1.000000
2670		0.000000
2671		0.000000
2672		0.000000
2673		0.000000
2674		0.000000
2675		1.000000
2676		0.000000
2677		0.000000
2678		0.000000
2679		1.000000
2680		0.000000
2681		2.000000
2682		0.000000
2683		0.000000
2684		0.000000
2685		1.000000
2686		0.000000
2687		0.000000
2688		0.000000
2689		0.000000
2690		0.000000
2691		0.000000
2692		0.000000
2693		0.000000
2694		0.000000
2695		0.000000
2696		0.000000
2697		0.000000
2698		0.000000
2699		0.000000
2700		0.000000
2701		1.000000
2702		0.000000
2703		1.000000
2704		0.000000
2705		0.000000
2706		0.000000
2707		0.000000
2708		0.000000
2709		1.000000
2710		1.000000
2711		0.000000
2712		0.000000
2713		0.000000
2714		0.000000
2715		1.000000
2716		0.000000
2717		0.000000
2718		0.000000
2719		0.000000
2720		0.000000
2721		0.000000
2722		0.000000
2723		0.000000
2724		0.000000
2725		0.000000
2726		0.000000
2727		0.000000
2728		0.000000
2729		0.000000
2730		0.000000
2731		0.000000
2732		0.000000
2733		0.000000
2734		0.000000
2735		0.000000
2736		0.000000
2737		1.000000
2738		0.000000
2739		0.000000
2740		0.000000
2741		0.000000
2742		0.000000
2743		0.000000
2744		1.000000
2745		0.000000
2746		0.000000
2747		0.000000
2748		1.000000
2749		0.000000
2750		0.000000
2751		1.000000
2752		0.000000
2753		0.000000
2754		2.000000
2755		0.000000
2756		0.000000
2757		1.000000
2758		0.000000
2759		0.000000
2760		0.000000
2761		2.000000
2762		0.000000
2763		0.000000
2764		1.000000
2765		0.000000
2766		1.000000
2767		0.000000
2768		0.000000
2769		0.000000
2770		0.000000
2771		0.000000
2772		1.000000
2773		1.000000
2774		0.000000
2775		0.000000
2776		0.000000
2777		0.000000
2778		0.000000
2779		0.000000
2780		1.000000
2781		0.000000
2782		0.000000
2783		0.000000
2784		0.000000
2785		0.000000
2786		0.000000
2787		0.000000
2788		0.000000
2789		0.000000
2790		3.000000
2791		1.000000
2792		0.000000
2793		0.000000
2794		0.000000
2795		0.000000
2796		0.000000
2797		0.000000
2798		0.000000
2799		0.000000
2800		0.000000
2801		0.000000
2802		0.000000
2803		0.000000
2804		0.000000
2805		0.000000
2806		0.000000
2807		0.000000
2808		1.000000
2809		0.000000
2810		0.000000
2811		0.000000
2812		0.000000
2813		0.000000
2814		0.000000
2815		0.000000
2816		0.000000
2817		0.000000
2818		0.000000
2819		0.000000
2820		1.000000
2821		0.000000
2822		0.000000
2823		0.000000
2824		0.000000
2825		0.000000
2826		0.000000
2827		1.000000
2828		1.000000
2829		0.000000
2830		0.000000
2831		0.000000
2832		1.000000
2833		0.000000
2834		0.000000
2835		2.000000
2836		0.000000
2837		0.000000
2838		0.000000
2839		1.000000
2840		0.000000
2841		1.000000
2842		0.000000
2843		0.000000
2844		1.000000
2845		0.000000
2846		2.000000
2847		0.000000
2848		0.000000
2849		1.000000
2850		0.000000
2851		2.000000
2852		0.000000
2853		0.000000
2854		0.000000
2855		0.000000
2856		0.000000
2857		1.000000
2858		0.000000
2859		0.000000
2860		0.000000
2861		0.000000
2862		2.000000
2863		1.000000
2864		0.000000
2865		0.000000
2866		0.000000
2867		1.000000
2868		0.000000
2869		0.000000
2870		0.000000
2871		0.000000
2872		0.000000
2873		1.000000
2874		0.000000
2875		0.000000
2876		0.000000
2877		0.000000
2878		0.000000
2879		0.000000
2880		0.000000
2881		0.000000
2882		0.000000
2883		1.000000
2884		1.000000
2885		0.000000
2886		0.000000
2887		0.000000
2888		1.000000
2889		1.000000
2890		0.000000
2891		0.000000
2892		1.000000
2893		1.000000
2894		0.000000
2895		1.000000
2896		0.000000
2897		0.000000
2898		0.000000
2899		0.000000
2900		0.000000
2901		2.000000
2902		1.000000
2903		0.000000
2904		0.000000
2905		0.000000
2906		1.000000
2907		0.000000
2908		0.000000
2909		0.000000
2910		0.000000
2911		0.000000
2912		0.000000
2913		0.000000
2914		0.000000
2915		0.000000
2916		0.000000
2917		0.000000
2918		2.000000
2919		1.000000
2920		0.000000
2921		0.000000
2922		0.000000
2923		0.000000
2924		0.000000
2925		0.000000
2926		0.000000
2927		0.000000
2928		0.000000
2929		0.000000
2930		0.000000
2931		0.000000
2932		0.000000
2933		0.000000
2934		1.000000
2935		0.000000
2936		0.000000
2937		0.000000
2938		0.000000
2939		0.000000
2940		1.000000
2941		1.000000
2942		0.000000
2943		0.000000
2944		0.000000
2945		1.000000
2946		1.000000
2947		1.000000
2948		1.000000
2949		1.000000
2950		1.000000
2951		2.000000
2952		2.000000
2953		2.000000
2954		1.000000
2955		0.000000
2956		2.000000
2957		2.000000
2958		0.000000
2959		0.000000
2960		1.000000
2961		2.000000
2962		0.000000
2963		0.000000
2964		2.000000
2965		0.000000
2966		0.000000
2967		1.000000
2968		2.000000
2969		0.000000
2970		0.000000
2971		0.000000
2972		0.000000
2973		0.000000
2974		0.000000
2975		1.000000
2976		0.000000
2977		0.000000
2978		1.000000
2979		0.000000
2980		0.000000
2981		0.000000
2982		0.000000
2983		1.000000
2984		0.000000
2985		1.000000
2986		0.000000
2987		0.000000
2988		2.000000
2989		0.000000
2990		0.000000
2991		0.000000
2992		0.000000
2993		0.000000
2994		1.000000
2995		0.000000
2996		0.000000
2997		1.000000
2998		1.000000
2999		0.000000
3000		0.000000
3001		0.000000
3002		0.000000
3003		1.000000
3004		0.000000
3005		0.000000
3006		0.000000
3007		1.000000
3008		1.000000
3009		0.000000
3010		0.000000
3011		0.000000
3012		0.000000
3013		0.000000
3014		0.000000
3015		1.000000
3016		0.000000
3017		1.000000
3018		0.000000
3019		1.000000
3020		0.000000
3021		0.000000
3022		0.000000
3023		1.000000
3024		2.000000
3025		0.000000
3026		2.000000
3027		1.000000
3028		1.000000
3029		1.000000
3030		2.000000
3031		0.000000
3032		0.000000
3033		1.000000
3034		0.000000
3035		1.000000
3036		0.000000
3037		1.000000
3038		0.000000
3039		1.000000
3040		0.000000
3041		0.000000
3042		2.000000
3043		0.000000
3044		0.000000
3045		1.000000
3046		0.000000
3047		0.000000
3048		1.000000
3049		0.000000
3050		1.000000
3051		1.000000
3052		0.000000
3053		0.000000
3054		2.000000
3055		0.000000
3056		0.000000
3057		1.000000
3058		0.000000
3059		0.000000
3060		1.000000
3061		1.000000
3062		0.000000
3063		0.000000
3064		1.000000
3065		0.000000
3066		3.000000
3067		0.000000
3068		1.000000
3069		1.000000
3070		1.000000
3071		1.000000
3072		0.000000
3073		2.000000
3074		0.000000
3075		0.000000
3076		1.000000
3077		0.000000
3078		0.000000
3079		0.000000
3080		1.000000
3081		0.000000
3082		0.000000
3083		1.000000
3084		0.000000
3085		0.000000
3086		0.000000
3087		1.000000
3088		0.000000
3089		0.000000
3090		0.000000
3091		1.000000
3092		0.000000
3093		0.000000
3094		0.000000
3095		0.000000
3096		1.000000
3097		0.000000
3098		0.000000
3099		1.000000
3100		0.000000
3101		0.000000
3102		0.000000
3103		0.000000
3104		0.000000
3105		1.000000
3106		0.000000
3107		0.000000
3108		0.000000
3109		0.000000
3110		0.000000
3111		1.000000
3112		0.000000
3113		1.000000
3114		0.000000
3115		0.000000
3116		0.000000
3117		0.000000
3118		0.000000
3119		0.000000
3120		1.000000
3121		1.000000
3122		0.000000
3123		0.000000
3124		0.000000
3125		1.000000
3126		2.000000
3127		0.000000
3128		1.000000
3129		0.000000
3130		0.000000
3131		1.000000
3132		0.000000
3133		1.000000
3134		0.000000
3135		0.000000
3136		0.000000
3137		0.000000
3138		1.000000
3139		0.000000
3140		0.000000
3141		0.000000
3142		0.000000
3143		0.000000
3144		2.000000
3145		3.000000
3146		0.000000
3147		1.000000
3148		0.000000
3149		0.000000
3150		0.000000
3151		1.000000
3152		1.000000
3153		0.000000
3154		1.000000
3155		0.000000
3156		0.000000
3157		2.000000
3158		0.000000
3159		3.000000
3160		2.000000
3161		4.000000
3162		1.000000
3163		0.000000
3164		1.000000
3165		1.000000
3166		0.000000
3167		1.000000
3168		2.000000
3169		0.000000
3170		1.000000
3171		1.000000
3172		1.000000
3173		1.000000
3174		0.000000
3175		0.000000
3176		0.000000
3177		1.000000
3178		1.000000
3179		0.000000
3180		0.000000
3181		1.000000
3182		0.000000
3183		1.000000
3184		0.000000
3185		0.000000
3186		1.000000
3187		1.000000
3188		1.000000
3189		0.000000
3190		0.000000
3191		0.000000
3192		0.000000
3193		1.000000
3194		1.000000
3195		0.000000
3196		0.000000
3197		0.000000
3198		0.000000
3199		0.000000
3200		0.000000
3201		0.000000
3202		0.000000
3203		0.000000
3204		1.000000
3205		1.000000
3206		0.000000
3207		0.000000
3208		0.000000
3209		1.000000
3210		0.000000
3211		0.000000
3212		0.000000
3213		0.000000
3214		0.000000
3215		0.000000
3216		0.000000
3217		0.000000
3218		0.000000
3219		0.000000
3220		0.000000
3221		0.000000
3222		0.000000
3223		0.000000
3224		0.000000
3225		0.000000
3226		0.000000
3227		0.000000
3228		0.000000
3229		0.000000
3230		0.000000
3231		0.000000
3232		0.000000
3233		0.000000
3234		0.000000
3235		0.000000
3236		0.000000
3237		0.000000
3238		0.000000
3239		0.000000
3240		1.000000
3241		0.000000
3242		0.000000
3243		0.000000
3244		0.000000
3245		0.000000
3246		0.000000
3247		0.000000
3248		1.000000
3249		0.000000
3250		0.000000
3251		0.000000
3252		0.000000
3253		0.000000
3254		0.000000
3255		0.000000
3256		0.000000
3257		0.000000
3258		0.000000
3259		0.000000
3260		0.000000
3261		0.000000
3262		0.000000
3263		0.000000
3264		0.000000
3265		0.000000
3266		0.000000
3267		0.000000
3268		0.000000
3269		0.000000
3270		0.000000
3271		0.000000
3272		0.000000
3273		0.000000
3274		0.000000
3275		0.000000
3276		0.000000
3277		0.000000
3278		0.000000
3279		0.000000
3280		0.000000
3281		0.000000
3282		1.000000
3283		0.000000
3284		0.000000
3285		0.000000
3286		0.000000
3287		0.000000
3288		0.000000
3289		0.000000
3290		0.000000
3291		0.000000
3292		1.000000
3293		0.000000
3294		0.000000
3295		0.000000
3296		0.000000
3297		0.000000
3298		0.000000
3299		0.000000
3300		0.000000
3301		0.000000
3302		0.000000
3303		0.000000
3304		0.000000
3305		1.000000
3306		1.000000
3307		0.000000
3308		0.000000
3309		0.000000
3310		0.000000
3311		0.000000
3312		0.000000
3313		1.000000
3314		0.000000
3315		0.000000
3316		0.000000
3317		0.000000
3318		0.000000
3319		0.000000
3320		0.000000
3321		0.000000
3322		0.000000
3323		1.000000
3324		0.000000
3325		0.000000
3326		0.000000
3327		0.000000
3328		0.000000
3329		0.000000
3330		0.000000
3331		0.000000
3332		0.000000
3333		0.000000
3334		0.000000
3335		0.000000
3336		0.000000
3337		0.000000
3338		0.000000
3339		0.000000
3340		1.000000
3341		0.000000
3342		0.000000
3343		0.000000
3344		0.000000
3345		0.000000
3346		0.000000
3347		0.000000
3348		0.000000
3349		0.000000
3350		0.000000
3351		0.000000
3352		0.000000
3353		0.000000
3354		1.000000
3355		0.000000
3356		0.000000
3357		0.000000
3358		0.000000
3359		0.000000
3360		0.000000
3361		0.000000
3362		0.000000
3363		0.000000
3364		0.000000
3365		0.000000
3366		0.000000
3367		0.000000
3368		0.000000
3369		0.000000
3370		0.000000
3371		1.000000
3372		0.000000
3373		0.000000
3374		0.000000
3375		0.000000
3376		0.000000
3377		0.000000
3378		1.000000
3379		0.000000
3380		0.000000
3381		0.000000
3382		0.000000
3383		0.000000
3384		0.000000
3385		0.000000
3386		0.000000
3387		0.000000
3388		0.000000
3389		0.000000
3390		0.000000
3391		0.000000
3392		0.000000
3393		0.000000
3394		0.000000
3395		0.000000
3396		0.000000
3397		0.000000
3398		0.000000
3399		0.000000
3400		0.000000
3401		0.000000
3402		0.000000
3403		0.000000
3404		0.000000
3405		0.000000
3406		0.000000
3407		0.000000
3408		0.000000
3409		0.000000
3410		0.000000
3411		0.000000
3412		0.000000
3413		0.000000
3414		0.000000
3415		0.000000
3416		1.000000
3417		0.000000
3418		0.000000
3419		0.000000
3420		0.000000
3421		0.000000
3422		0.000000
3423		0.000000
3424		0.000000
3425		0.000000
3426		0.000000
3427		0.000000
3428		0.000000
3429		0.000000
3430		0.000000
3431		0.000000
3432		1.000000
3433		0.000000
3434		0.000000
3435		0.000000
3436		0.000000
3437		0.000000
3438		0.000000
3439		0.000000
3440		0.000000
3441		0.000000
3442		0.000000
3443		0.000000
3444		0.000000
3445		0.000000
3446		0.000000
3447		0.000000
3448		0.000000
3449		0.000000
3450		0.000000
3451		0.000000
3452		0.000000
3453		0.000000
3454		0.000000
3455		0.000000
3456		0.000000
3457		0.000000
3458		0.000000
3459		0.000000
3460		0.000000
3461		0.000000
3462		0.000000
3463		0.000000
3464		0.000000
3465		0.000000
3466		0.000000
3467		0.000000
3468		0.000000
3469		0.000000
3470		0.000000
3471		0.000000
3472		0.000000
3473		0.000000
3474		0.000000
3475		0.000000
3476		0.000000
3477		0.000000
3478		0.000000
3479		0.000000
3480		0.000000
3481		0.000000
3482		0.000000
3483		0.000000
3484		0.000000
3485		0.000000
3486		0.000000
3487		0.000000
3488		0.000000
3489		0.000000
3490		0.000000
3491		0.000000
3492		0.000000
3493		0.000000
3494		0.000000
3495		0.000000
3496		0.000000
3497		0.000000
3498		0.000000
3499		0.000000
3500		0.000000
3501		0.000000
3502		0.000000
3503		0.000000
3504		0.000000
3505		0.000000
3506		0.000000
3507		0.000000
3508		0.000000
3509		0.000000
3510		0.000000
3511		0.000000
3512		0.000000
3513		0.000000
3514		0.000000
3515		0.000000
3516		0.000000
3517		0.000000
3518		0.000000
3519		0.000000
3520		0.000000
3521		0.000000
3522		0.000000
3523		0.000000
3524		0.000000
3525		0.000000
3526		0.000000
3527		0.000000
3528		0.000000
3529		0.000000
3530		0.000000
3531		0.000000
3532		0.000000
3533		0.000000
3534		0.000000
3535		0.000000
3536		0.000000
3537		0.000000
3538		0.000000
3539		0.000000
3540		0.000000
3541		0.000000
3542		0.000000
3543		0.000000
3544		0.000000
3545		0.000000
3546		0.000000
3547		0.000000
3548		0.000000
3549		0.000000
3550		0.000000
3551		0.000000
3552		0.000000
3553		0.000000
3554		0.000000
3555		0.000000
3556		0.000000
3557		0.000000
3558		0.000000
3559		0.000000
3560		0.000000
3561		0.000000
3562		0.000000
3563		0.000000
3564		0.000000
3565		0.000000
3566		0.000000
3567		0.000000
3568		0.000000
3569		0.000000
3570		0.000000
3571		0.000000
3572		0.000000
3573		0.000000
3574		0.000000
3575		0.000000
3576		0.000000
3577		0.000000
3578		0.000000
3579		0.000000
3580		0.000000
3581		0.000000
3582		0.000000
3583		0.000000
3584		0.000000
3585		0.000000
3586		0.000000
3587		0.000000
3588		0.000000
3589		0.000000
3590		0.000000
3591		0.000000
3592		0.000000
3593		0.000000
3594		0.000000
3595		0.000000
3596		0.000000
3597		0.000000
3598		0.000000
3599		0.000000
3600		0.000000
3601		0.000000
3602		0.000000
3603		0.000000
3604		0.000000
3605		0.000000
3606		0.000000
3607		0.000000
3608		0.000000
3609		0.000000
3610		0.000000
3611		0.000000
3612		0.000000
3613		0.000000
3614		0.000000
3615		0.000000
3616		0.000000
3617		0.000000
3618		0.000000
3619		0.000000
3620		0.000000
3621		0.000000
3622		0.000000
3623		0.000000
3624		0.000000
3625		0.000000
3626		0.000000
3627		0.000000
3628		0.000000
3629		0.000000
3630		0.000000
3631		0.000000
3632		0.000000
3633		0.000000
3634		0.000000
3635		0.000000
3636		0.000000
3637		0.000000
3638		0.000000
3639		0.000000
3640		0.000000
3641		0.000000
3642		0.000000
3643		0.000000
3644		0.000000
3645		0.000000
3646		0.000000
3647		0.000000
3648		0.000000
3649		0.000000
3650		0.000000
3651		0.000000
3652		0.000000
3653		0.000000
3654		0.000000
3655		0.000000
3656		0.000000
3657		0.000000
3658		0.000000
3659		0.000000
3660		0.000000
3661		0.000000
3662		0.000000
3663		0.000000
3664		0.000000
3665		0.000000
3666		0.000000
3667		0.000000
3668		0.000000
3669		0.000000
3670		0.000000
3671		0.000000
3672		0.000000
3673		0.000000
3674		0.000000
3675		0.000000
3676		0.000000
3677		0.000000
3678		0.000000
3679		0.000000
3680		0.000000
3681		0.000000
3682		0.000000
3683		0.000000
3684		0.000000
3685		0.000000
3686		0.000000
3687		0.000000
3688		0.000000
3689		0.000000
3690		0.000000
3691		0.000000
3692		0.000000
3693		0.000000
3694		0.000000
3695		0.000000
3696		0.000000
3697		0.000000
3698		0.000000
3699		0.000000
3700		0.000000
3701		0.000000
3702		0.000000
3703		0.000000
3704		0.000000
3705		0.000000
3706		0.000000
3707		0.000000
3708		0.000000
3709		0.000000
3710		0.000000
3711		0.000000
3712		0.000000
3713		0.000000
3714		0.000000
3715		0.000000
3716		0.000000
3717		0.000000
3718		0.000000
3719		0.000000
3720		0.000000
3721		0.000000
3722		0.000000
3723		0.000000
3724		0.000000
3725		0.000000
3726		0.000000
3727		0.000000
3728		0.000000
3729		0.000000
3730		0.000000
3731		0.000000
3732		0.000000
3733		0.000000
3734		0.000000
3735		0.000000
3736		0.000000
3737		0.000000
3738		0.000000
3739		0.000000
3740		0.000000
3741		0.000000
3742		0.000000
3743		0.000000
3744		0.000000
3745		0.000000
3746		0.000000
3747		0.000000
3748		0.000000
3749		0.000000
3750		0.000000
3751		0.000000
3752		0.000000
3753		0.000000
3754		0.000000
3755		0.000000
3756		0.000000
3757		0.000000
3758		0.000000
3759		0.000000
3760		0.000000
3761		0.000000
3762		0.000000
3763		0.000000
3764		0.000000
3765		0.000000
3766		0.000000
3767		0.000000
3768		0.000000
3769		0.000000
3770		0.000000
3771		0.000000
3772		0.000000
3773		0.000000
3774		0.000000
3775		0.000000
3776		0.000000
3777		0.000000
3778		0.000000
3779		0.000000
3780		0.000000
3781		0.000000
3782		0.000000
3783		0.000000
3784		0.000000
3785		0.000000
3786		0.000000
3787		0.000000
3788		0.000000
3789		0.000000
3790		0.000000
3791		0.000000
3792		0.000000
3793		0.000000
3794		0.000000
3795		0.000000
3796		0.000000
3797		0.000000
3798		0.000000
3799		0.000000
3800		0.000000
3801		0.000000
3802		0.000000
3803		0.000000
3804		0.000000
3805		0.000000
3806		0.000000
3807		0.000000
3808		0.000000
3809		0.000000
3810		0.000000
3811		0.000000
3812		0.000000
3813		0.000000
3814		0.000000
3815		0.000000
3816		0.000000
3817		0.000000
3818		0.000000
3819		0.000000
3820		0.000000
3821		0.000000
3822		0.000000
3823		0.000000
3824		0.000000
3825		0.000000
3826		0.000000
3827		0.000000
3828		0.000000
3829		0.000000
3830		0.000000
3831		0.000000
3832		0.000000
3833		0.000000
3834		0.000000
3835		0.000000
3836		0.000000
3837		0.000000
3838		0.000000
3839		0.000000
3840		0.000000
3841		0.000000
3842		0.000000
3843		0.000000
3844		0.000000
3845		0.000000
3846		0.000000
3847		0.000000
3848		0.000000
3849		0.000000
3850		0.000000
3851		0.000000
3852		0.000000
3853		0.000000
3854		0.000000
3855		0.000000
3856		0.000000
3857		0.000000
3858		0.000000
3859		0.000000
3860		0.000000
3861		0.000000
3862		0.000000
3863		0.000000
3864		0.000000
3865		0.000000
3866		0.000000
3867		0.000000
3868		0.000000
3869		0.000000
3870		0.000000
3871		0.000000
3872		0.000000
3873		0.000000
3874		0.000000
3875		0.000000
3876		0.000000
3877		0.000000
3878		0.000000
3879		0.000000
3880		0.000000
3881		0.000000
3882		0.000000
3883		0.000000
3884		0.000000
3885		0.000000
3886		0.000000
3887		0.000000
3888		0.000000
3889		0.000000
3890		0.000000
3891		0.000000
3892		0.000000
3893		0.000000
3894		0.000000
3895		0.000000
3896		0.000000
3897		0.000000
3898		0.000000
3899		0.000000
3900		0.000000
3901		0.000000
3902		0.000000
3903		0.000000
3904		0.000000
3905		0.000000
3906		0.000000
3907		0.000000
3908		0.000000
3909		0.000000
3910		0.000000
3911		0.000000
3912		0.000000
3913		0.000000
3914		0.000000
3915		0.000000
3916		0.000000
3917		0.000000
3918		0.000000
3919		0.000000
3920		0.000000
3921		0.000000
3922		0.000000
3923		0.000000
3924		0.000000
3925		0.000000
3926		0.000000
3927		0.000000
3928		0.000000
3929		0.000000
3930		0.000000
3931		0.000000
3932		0.000000
3933		0.000000
3934		0.000000
3935		0.000000
3936		0.000000
3937		0.000000
3938		0.000000
3939		0.000000
3940		0.000000
3941		0.000000
3942		0.000000
3943		0.000000
3944		0.000000
3945		0.000000
3946		0.000000
3947		0.000000
3948		0.000000
3949		0.000000
3950		0.000000
3951		0.000000
3952		0.000000
3953		0.000000
3954		0.000000
3955		0.000000
3956		0.000000
3957		0.000000
3958		0.000000
3959		0.000000
3960		0.000000
3961		0.000000
3962		0.000000
3963		0.000000
3964		0.000000
3965		0.000000
3966		0.000000
3967		0.000000
3968		0.000000
3969		0.000000
3970		0.000000
3971		0.000000
3972		0.000000
3973		0.000000
3974		0.000000
3975		0.000000
3976		0.000000
3977		0.000000
3978		0.000000
3979		0.000000
3980		0.000000
3981		0.000000
3982		0.000000
3983		0.000000
3984		0.000000
3985		0.000000
3986		0.000000
3987		0.000000
3988		0.000000
3989		0.000000
3990		0.000000
3991		0.000000
3992		0.000000
3993		0.000000
3994		0.000000
3995		0.000000
3996		0.000000
3997		0.000000
3998		0.000000
3999		0.000000
4000		0.000000
4001		0.000000
4002		0.000000
4003		0.000000
4004		0.000000
4005		0.000000
4006		0.000000
4007		0.000000
4008		0.000000
4009		0.000000
4010		0.000000
4011		0.000000
4012		0.000000
4013		0.000000
4014		0.000000
4015		0.000000
4016		0.000000
4017		0.000000
4018		0.000000
4019		0.000000
4020		0.000000
4021		0.000000
4022		0.000000
4023		0.000000
4024		0.000000
4025		0.000000
4026		0.000000
4027		0.000000
4028		0.000000
4029		0.000000
4030		0.000000
4031		0.000000
4032		0.000000
4033		0.000000
4034		0.000000
4035		0.000000
4036		0.000000
4037		0.000000
4038		0.000000
4039		0.000000
4040		0.000000
4041		0.000000
4042		0.000000
4043		0.000000
4044		0.000000
4045		0.000000
4046		0.000000
4047		0.000000
4048		0.000000
4049		0.000000
4050		0.000000
4051		0.000000
4052		0.000000
4053		0.000000
4054		0.000000
4055		0.000000
4056		0.000000
4057		0.000000
4058		0.000000
4059		0.000000
4060		0.000000
4061		0.000000
4062		0.000000
4063		0.000000
4064		0.000000
4065		0.000000
4066		0.000000
4067		0.000000
4068		0.000000
4069		0.000000
4070		0.000000
4071		0.000000
4072		0.000000
4073		0.000000
4074		0.000000
4075		0.000000
4076		0.000000
4077		0.000000
4078		0.000000
4079		0.000000
4080		0.000000
4081		0.000000
4082		0.000000
4083		0.000000
4084		0.000000
4085		0.000000
4086		0.000000
4087		0.000000
4088		0.000000
4089		0.000000
4090		0.000000
4091		0.000000
4092		0.000000
4093		0.000000
4094		0.000000
4095		0.000000
