0	0.0
1	0.0
2	0.0
3	0.0
4	0.0
5	0.0
6	0.0
7	0.0
8	0.0
9	0.0
10	0.0
11	0.0
12	0.0
13	0.0
14	0.0
15	0.0
16	0.0
17	0.0
18	0.0
19	0.0
20	0.0
21	0.0
22	0.0
23	0.0
24	0.0
25	0.0
26	0.0
27	0.0
28	0.0
29	0.0
30	0.0
31	0.0
32	0.0
33	0.0
34	0.0
35	0.0
36	0.0
37	0.0
38	0.0
39	0.0
40	0.0
41	0.0
42	0.0
43	0.0
44	0.0
45	0.0
46	0.0
47	0.0
48	0.0
49	0.0
50	0.0
51	0.0
52	0.0
53	0.0
54	0.0
55	0.0
56	0.0
57	0.0
58	0.0
59	0.0
60	0.0
61	0.0
62	0.0
63	0.0
64	0.0
65	0.0
66	0.0
67	0.0
68	0.0
69	0.0
70	0.0
71	0.0
72	0.0
73	0.0
74	0.0
75	0.0
76	0.0
77	0.0
78	0.0
79	0.0
80	0.0
81	0.0
82	0.0
83	0.0
84	0.0
85	0.0
86	0.0
87	0.0
88	0.0
89	0.0
90	0.0
91	0.0
92	0.0
93	0.0
94	0.0
95	0.0
96	0.0
97	0.0
98	0.0
99	0.0
100	0.0
101	0.0
102	0.0
103	0.0
104	0.0
105	0.0
106	0.0
107	0.0
108	0.0
109	0.0
110	0.0
111	0.0
112	0.0
113	0.0
114	0.0
115	0.0
116	0.0
117	0.0
118	0.0
119	0.0
120	0.0
121	0.0
122	0.0
123	0.0
124	0.0
125	0.0
126	0.0
127	0.0
128	0.0
129	0.0
130	0.0
131	0.0
132	0.0
133	0.0
134	0.0
135	0.0
136	0.0
137	0.0
138	0.0
139	0.0
140	0.0
141	0.0
142	0.0
143	0.0
144	0.0
145	0.0
146	1.0
147	0.0
148	0.0
149	0.0
150	0.0
151	0.0
152	0.0
153	0.0
154	0.0
155	0.0
156	0.0
157	0.0
158	0.0
159	0.0
160	0.0
161	0.0
162	0.0
163	0.0
164	0.0
165	0.0
166	0.0
167	0.0
168	0.0
169	0.0
170	0.0
171	0.0
172	0.0
173	0.0
174	0.0
175	0.0
176	0.0
177	0.0
178	0.0
179	0.0
180	0.0
181	0.0
182	0.0
183	0.0
184	0.0
185	0.0
186	0.0
187	0.0
188	0.0
189	0.0
190	0.0
191	0.0
192	0.0
193	0.0
194	0.0
195	0.0
196	0.0
197	0.0
198	0.0
199	0.0
200	0.0
201	0.0
202	0.0
203	0.0
204	0.0
205	0.0
206	0.0
207	0.0
208	0.0
209	0.0
210	0.0
211	0.0
212	0.0
213	0.0
214	0.0
215	0.0
216	0.0
217	0.0
218	0.0
219	0.0
220	0.0
221	0.0
222	0.0
223	0.0
224	0.0
225	0.0
226	0.0
227	0.0
228	0.0
229	0.0
230	0.0
231	0.0
232	0.0
233	0.0
234	0.0
235	0.0
236	0.0
237	0.0
238	0.0
239	0.0
240	0.0
241	0.0
242	0.0
243	0.0
244	0.0
245	0.0
246	0.0
247	0.0
248	0.0
249	0.0
250	0.0
251	0.0
252	0.0
253	0.0
254	0.0
255	0.0
256	0.0
257	0.0
258	0.0
259	0.0
260	0.0
261	0.0
262	0.0
263	0.0
264	0.0
265	0.0
266	0.0
267	0.0
268	0.0
269	0.0
270	0.0
271	0.0
272	0.0
273	0.0
274	0.0
275	0.0
276	0.0
277	0.0
278	0.0
279	0.0
280	0.0
281	0.0
282	0.0
283	0.0
284	0.0
285	0.0
286	0.0
287	0.0
288	0.0
289	0.0
290	0.0
291	0.0
292	0.0
293	0.0
294	0.0
295	0.0
296	0.0
297	0.0
298	0.0
299	0.0
300	0.0
301	0.0
302	0.0
303	0.0
304	0.0
305	0.0
306	0.0
307	0.0
308	0.0
309	0.0
310	0.0
311	0.0
312	0.0
313	0.0
314	0.0
315	0.0
316	0.0
317	0.0
318	0.0
319	0.0
320	0.0
321	0.0
322	0.0
323	0.0
324	0.0
325	0.0
326	0.0
327	0.0
328	0.0
329	0.0
330	0.0
331	0.0
332	0.0
333	0.0
334	0.0
335	0.0
336	0.0
337	0.0
338	0.0
339	0.0
340	0.0
341	0.0
342	0.0
343	0.0
344	0.0
345	0.0
346	0.0
347	0.0
348	0.0
349	0.0
350	0.0
351	0.0
352	0.0
353	0.0
354	0.0
355	0.0
356	0.0
357	0.0
358	0.0
359	0.0
360	0.0
361	0.0
362	0.0
363	0.0
364	0.0
365	0.0
366	0.0
367	0.0
368	0.0
369	0.0
370	0.0
371	0.0
372	0.0
373	0.0
374	0.0
375	0.0
376	0.0
377	0.0
378	0.0
379	0.0
380	0.0
381	0.0
382	0.0
383	0.0
384	0.0
385	0.0
386	0.0
387	0.0
388	0.0
389	0.0
390	0.0
391	0.0
392	0.0
393	0.0
394	0.0
395	0.0
396	0.0
397	0.0
398	0.0
399	0.0
400	0.0
401	0.0
402	0.0
403	0.0
404	0.0
405	0.0
406	0.0
407	0.0
408	0.0
409	0.0
410	0.0
411	0.0
412	0.0
413	0.0
414	0.0
415	0.0
416	0.0
417	0.0
418	0.0
419	0.0
420	0.0
421	0.0
422	0.0
423	0.0
424	0.0
425	0.0
426	0.0
427	0.0
428	0.0
429	0.0
430	0.0
431	0.0
432	0.0
433	0.0
434	0.0
435	0.0
436	0.0
437	0.0
438	0.0
439	0.0
440	0.0
441	0.0
442	0.0
443	0.0
444	0.0
445	0.0
446	0.0
447	0.0
448	0.0
449	0.0
450	0.0
451	0.0
452	0.0
453	0.0
454	0.0
455	0.0
456	0.0
457	0.0
458	0.0
459	0.0
460	0.0
461	0.0
462	0.0
463	1.0
464	0.0
465	0.0
466	0.0
467	0.0
468	0.0
469	0.0
470	0.0
471	0.0
472	0.0
473	0.0
474	0.0
475	0.0
476	0.0
477	0.0
478	0.0
479	0.0
480	0.0
481	0.0
482	1.0
483	1.0
484	0.0
485	0.0
486	0.0
487	0.0
488	0.0
489	0.0
490	0.0
491	0.0
492	0.0
493	0.0
494	2.0
495	0.0
496	0.0
497	0.0
498	0.0
499	0.0
500	0.0
501	0.0
502	0.0
503	0.0
504	0.0
505	0.0
506	0.0
507	0.0
508	0.0
509	0.0
510	0.0
511	0.0
512	1.0
513	0.0
514	0.0
515	1.0
516	0.0
517	0.0
518	1.0
519	1.0
520	1.0
521	0.0
522	1.0
523	0.0
524	1.0
525	0.0
526	1.0
527	0.0
528	0.0
529	1.0
530	1.0
531	1.0
532	3.0
533	2.0
534	5.0
535	3.0
536	2.0
537	1.0
538	5.0
539	3.0
540	8.0
541	8.0
542	3.0
543	9.0
544	2.0
545	2.0
546	5.0
547	10.0
548	6.0
549	7.0
550	5.0
551	8.0
552	9.0
553	10.0
554	10.0
555	9.0
556	8.0
557	10.0
558	18.0
559	20.0
560	17.0
561	18.0
562	13.0
563	10.0
564	13.0
565	14.0
566	10.0
567	16.0
568	18.0
569	11.0
570	18.0
571	24.0
572	18.0
573	17.0
574	14.0
575	18.0
576	17.0
577	18.0
578	19.0
579	13.0
580	20.0
581	34.0
582	26.0
583	23.0
584	27.0
585	25.0
586	30.0
587	21.0
588	19.0
589	23.0
590	27.0
591	22.0
592	26.0
593	25.0
594	36.0
595	33.0
596	36.0
597	38.0
598	40.0
599	34.0
600	31.0
601	32.0
602	43.0
603	40.0
604	33.0
605	42.0
606	29.0
607	45.0
608	41.0
609	36.0
610	49.0
611	42.0
612	36.0
613	46.0
614	42.0
615	47.0
616	57.0
617	43.0
618	33.0
619	41.0
620	60.0
621	54.0
622	52.0
623	54.0
624	39.0
625	51.0
626	50.0
627	64.0
628	41.0
629	60.0
630	65.0
631	66.0
632	48.0
633	56.0
634	60.0
635	62.0
636	47.0
637	52.0
638	71.0
639	61.0
640	71.0
641	50.0
642	64.0
643	57.0
644	53.0
645	75.0
646	61.0
647	78.0
648	79.0
649	66.0
650	84.0
651	71.0
652	69.0
653	66.0
654	74.0
655	70.0
656	75.0
657	68.0
658	76.0
659	80.0
660	62.0
661	76.0
662	76.0
663	64.0
664	72.0
665	93.0
666	83.0
667	84.0
668	70.0
669	85.0
670	70.0
671	89.0
672	78.0
673	83.0
674	78.0
675	82.0
676	71.0
677	81.0
678	72.0
679	82.0
680	86.0
681	84.0
682	73.0
683	77.0
684	82.0
685	88.0
686	110.0
687	86.0
688	89.0
689	66.0
690	79.0
691	87.0
692	93.0
693	74.0
694	87.0
695	84.0
696	95.0
697	78.0
698	81.0
699	84.0
700	100.0
701	76.0
702	99.0
703	92.0
704	90.0
705	74.0
706	89.0
707	70.0
708	77.0
709	72.0
710	86.0
711	77.0
712	101.0
713	81.0
714	72.0
715	86.0
716	106.0
717	75.0
718	102.0
719	77.0
720	84.0
721	77.0
722	72.0
723	80.0
724	79.0
725	94.0
726	67.0
727	86.0
728	102.0
729	76.0
730	82.0
731	69.0
732	82.0
733	98.0
734	100.0
735	83.0
736	83.0
737	91.0
738	90.0
739	66.0
740	100.0
741	91.0
742	95.0
743	88.0
744	91.0
745	79.0
746	81.0
747	93.0
748	90.0
749	89.0
750	91.0
751	82.0
752	85.0
753	95.0
754	85.0
755	77.0
756	71.0
757	75.0
758	104.0
759	75.0
760	88.0
761	85.0
762	82.0
763	82.0
764	85.0
765	96.0
766	90.0
767	82.0
768	92.0
769	83.0
770	75.0
771	98.0
772	85.0
773	82.0
774	93.0
775	77.0
776	93.0
777	82.0
778	98.0
779	87.0
780	85.0
781	101.0
782	96.0
783	84.0
784	83.0
785	88.0
786	93.0
787	97.0
788	86.0
789	91.0
790	94.0
791	90.0
792	102.0
793	91.0
794	96.0
795	95.0
796	87.0
797	90.0
798	106.0
799	90.0
800	83.0
801	92.0
802	99.0
803	76.0
804	106.0
805	96.0
806	88.0
807	88.0
808	88.0
809	79.0
810	108.0
811	88.0
812	72.0
813	84.0
814	90.0
815	87.0
816	99.0
817	100.0
818	92.0
819	79.0
820	94.0
821	80.0
822	87.0
823	97.0
824	84.0
825	87.0
826	95.0
827	84.0
828	83.0
829	72.0
830	82.0
831	90.0
832	100.0
833	97.0
834	109.0
835	79.0
836	88.0
837	93.0
838	80.0
839	99.0
840	93.0
841	94.0
842	85.0
843	98.0
844	83.0
845	82.0
846	92.0
847	86.0
848	86.0
849	84.0
850	98.0
851	105.0
852	61.0
853	93.0
854	88.0
855	84.0
856	95.0
857	86.0
858	100.0
859	91.0
860	76.0
861	95.0
862	92.0
863	84.0
864	90.0
865	98.0
866	88.0
867	69.0
868	82.0
869	95.0
870	81.0
871	85.0
872	79.0
873	81.0
874	83.0
875	76.0
876	83.0
877	85.0
878	83.0
879	67.0
880	71.0
881	66.0
882	73.0
883	78.0
884	82.0
885	72.0
886	80.0
887	77.0
888	85.0
889	79.0
890	84.0
891	76.0
892	87.0
893	78.0
894	75.0
895	70.0
896	73.0
897	69.0
898	79.0
899	77.0
900	77.0
901	70.0
902	74.0
903	72.0
904	75.0
905	75.0
906	75.0
907	92.0
908	73.0
909	81.0
910	85.0
911	79.0
912	77.0
913	76.0
914	74.0
915	76.0
916	60.0
917	71.0
918	77.0
919	66.0
920	72.0
921	69.0
922	68.0
923	85.0
924	75.0
925	65.0
926	69.0
927	75.0
928	66.0
929	55.0
930	57.0
931	78.0
932	54.0
933	74.0
934	80.0
935	76.0
936	61.0
937	72.0
938	69.0
939	66.0
940	77.0
941	77.0
942	69.0
943	66.0
944	63.0
945	75.0
946	69.0
947	72.0
948	76.0
949	80.0
950	68.0
951	70.0
952	76.0
953	64.0
954	77.0
955	75.0
956	76.0
957	77.0
958	69.0
959	76.0
960	79.0
961	89.0
962	78.0
963	72.0
964	62.0
965	74.0
966	68.0
967	75.0
968	77.0
969	90.0
970	61.0
971	59.0
972	81.0
973	62.0
974	68.0
975	81.0
976	73.0
977	70.0
978	60.0
979	83.0
980	57.0
981	85.0
982	41.0
983	61.0
984	79.0
985	48.0
986	71.0
987	70.0
988	50.0
989	56.0
990	54.0
991	86.0
992	64.0
993	48.0
994	64.0
995	69.0
996	61.0
997	65.0
998	64.0
999	77.0
1000	78.0
1001	78.0
1002	71.0
1003	68.0
1004	77.0
1005	59.0
1006	61.0
1007	71.0
1008	86.0
1009	70.0
1010	76.0
1011	70.0
1012	65.0
1013	72.0
1014	62.0
1015	67.0
1016	61.0
1017	64.0
1018	66.0
1019	66.0
1020	50.0
1021	59.0
1022	77.0
1023	59.0
1024	71.0
1025	64.0
1026	59.0
1027	62.0
1028	65.0
1029	59.0
1030	69.0
1031	73.0
1032	61.0
1033	70.0
1034	64.0
1035	63.0
1036	55.0
1037	67.0
1038	72.0
1039	81.0
1040	60.0
1041	52.0
1042	81.0
1043	63.0
1044	63.0
1045	68.0
1046	62.0
1047	70.0
1048	48.0
1049	44.0
1050	62.0
1051	63.0
1052	54.0
1053	69.0
1054	51.0
1055	69.0
1056	55.0
1057	59.0
1058	50.0
1059	68.0
1060	67.0
1061	54.0
1062	58.0
1063	55.0
1064	55.0
1065	59.0
1066	46.0
1067	67.0
1068	61.0
1069	45.0
1070	57.0
1071	60.0
1072	78.0
1073	55.0
1074	64.0
1075	58.0
1076	61.0
1077	45.0
1078	63.0
1079	59.0
1080	68.0
1081	55.0
1082	56.0
1083	51.0
1084	48.0
1085	63.0
1086	57.0
1087	64.0
1088	71.0
1089	58.0
1090	68.0
1091	41.0
1092	52.0
1093	54.0
1094	36.0
1095	50.0
1096	50.0
1097	48.0
1098	61.0
1099	59.0
1100	59.0
1101	54.0
1102	47.0
1103	57.0
1104	48.0
1105	62.0
1106	55.0
1107	49.0
1108	54.0
1109	54.0
1110	37.0
1111	58.0
1112	56.0
1113	58.0
1114	64.0
1115	50.0
1116	58.0
1117	52.0
1118	55.0
1119	64.0
1120	61.0
1121	44.0
1122	61.0
1123	42.0
1124	63.0
1125	52.0
1126	58.0
1127	57.0
1128	54.0
1129	53.0
1130	62.0
1131	54.0
1132	57.0
1133	57.0
1134	45.0
1135	46.0
1136	60.0
1137	50.0
1138	55.0
1139	53.0
1140	43.0
1141	52.0
1142	53.0
1143	58.0
1144	80.0
1145	53.0
1146	56.0
1147	44.0
1148	47.0
1149	55.0
1150	50.0
1151	71.0
1152	43.0
1153	54.0
1154	45.0
1155	49.0
1156	51.0
1157	49.0
1158	51.0
1159	54.0
1160	42.0
1161	46.0
1162	48.0
1163	49.0
1164	43.0
1165	45.0
1166	48.0
1167	45.0
1168	37.0
1169	31.0
1170	56.0
1171	41.0
1172	35.0
1173	49.0
1174	40.0
1175	46.0
1176	35.0
1177	55.0
1178	46.0
1179	54.0
1180	54.0
1181	42.0
1182	42.0
1183	42.0
1184	42.0
1185	55.0
1186	47.0
1187	48.0
1188	60.0
1189	46.0
1190	56.0
1191	49.0
1192	36.0
1193	50.0
1194	52.0
1195	45.0
1196	46.0
1197	48.0
1198	53.0
1199	53.0
1200	44.0
1201	47.0
1202	49.0
1203	39.0
1204	37.0
1205	40.0
1206	44.0
1207	37.0
1208	46.0
1209	52.0
1210	47.0
1211	48.0
1212	50.0
1213	47.0
1214	53.0
1215	46.0
1216	48.0
1217	43.0
1218	55.0
1219	49.0
1220	44.0
1221	50.0
1222	48.0
1223	42.0
1224	39.0
1225	37.0
1226	50.0
1227	41.0
1228	58.0
1229	36.0
1230	42.0
1231	43.0
1232	45.0
1233	44.0
1234	60.0
1235	52.0
1236	52.0
1237	59.0
1238	41.0
1239	46.0
1240	51.0
1241	46.0
1242	58.0
1243	51.0
1244	53.0
1245	37.0
1246	50.0
1247	48.0
1248	43.0
1249	48.0
1250	39.0
1251	46.0
1252	42.0
1253	41.0
1254	43.0
1255	35.0
1256	49.0
1257	52.0
1258	53.0
1259	39.0
1260	37.0
1261	37.0
1262	36.0
1263	46.0
1264	38.0
1265	30.0
1266	43.0
1267	48.0
1268	42.0
1269	51.0
1270	51.0
1271	41.0
1272	45.0
1273	44.0
1274	45.0
1275	55.0
1276	55.0
1277	44.0
1278	40.0
1279	37.0
1280	48.0
1281	45.0
1282	31.0
1283	45.0
1284	43.0
1285	56.0
1286	46.0
1287	38.0
1288	46.0
1289	47.0
1290	46.0
1291	53.0
1292	47.0
1293	49.0
1294	47.0
1295	44.0
1296	63.0
1297	46.0
1298	48.0
1299	52.0
1300	34.0
1301	50.0
1302	39.0
1303	48.0
1304	53.0
1305	59.0
1306	48.0
1307	42.0
1308	50.0
1309	50.0
1310	59.0
1311	48.0
1312	46.0
1313	52.0
1314	53.0
1315	49.0
1316	40.0
1317	35.0
1318	44.0
1319	32.0
1320	52.0
1321	59.0
1322	50.0
1323	55.0
1324	62.0
1325	53.0
1326	47.0
1327	45.0
1328	38.0
1329	36.0
1330	45.0
1331	60.0
1332	52.0
1333	45.0
1334	49.0
1335	43.0
1336	59.0
1337	47.0
1338	44.0
1339	40.0
1340	50.0
1341	48.0
1342	43.0
1343	51.0
1344	34.0
1345	44.0
1346	32.0
1347	60.0
1348	50.0
1349	44.0
1350	48.0
1351	37.0
1352	52.0
1353	44.0
1354	35.0
1355	53.0
1356	48.0
1357	57.0
1358	34.0
1359	37.0
1360	31.0
1361	60.0
1362	44.0
1363	28.0
1364	44.0
1365	51.0
1366	54.0
1367	41.0
1368	43.0
1369	46.0
1370	44.0
1371	40.0
1372	33.0
1373	55.0
1374	47.0
1375	44.0
1376	35.0
1377	41.0
1378	36.0
1379	33.0
1380	38.0
1381	49.0
1382	44.0
1383	40.0
1384	47.0
1385	50.0
1386	51.0
1387	51.0
1388	49.0
1389	39.0
1390	54.0
1391	45.0
1392	45.0
1393	48.0
1394	37.0
1395	49.0
1396	52.0
1397	39.0
1398	39.0
1399	42.0
1400	46.0
1401	38.0
1402	40.0
1403	36.0
1404	40.0
1405	41.0
1406	50.0
1407	41.0
1408	27.0
1409	38.0
1410	42.0
1411	40.0
1412	38.0
1413	40.0
1414	35.0
1415	36.0
1416	37.0
1417	33.0
1418	42.0
1419	51.0
1420	51.0
1421	42.0
1422	49.0
1423	35.0
1424	40.0
1425	43.0
1426	45.0
1427	37.0
1428	45.0
1429	50.0
1430	50.0
1431	44.0
1432	38.0
1433	42.0
1434	37.0
1435	38.0
1436	41.0
1437	28.0
1438	38.0
1439	39.0
1440	38.0
1441	54.0
1442	40.0
1443	32.0
1444	38.0
1445	39.0
1446	29.0
1447	41.0
1448	35.0
1449	27.0
1450	38.0
1451	39.0
1452	38.0
1453	33.0
1454	45.0
1455	34.0
1456	35.0
1457	41.0
1458	35.0
1459	36.0
1460	40.0
1461	38.0
1462	39.0
1463	39.0
1464	49.0
1465	35.0
1466	47.0
1467	29.0
1468	32.0
1469	38.0
1470	38.0
1471	38.0
1472	38.0
1473	45.0
1474	43.0
1475	40.0
1476	38.0
1477	46.0
1478	54.0
1479	36.0
1480	41.0
1481	39.0
1482	40.0
1483	45.0
1484	44.0
1485	36.0
1486	46.0
1487	43.0
1488	47.0
1489	41.0
1490	36.0
1491	38.0
1492	41.0
1493	35.0
1494	41.0
1495	33.0
1496	36.0
1497	41.0
1498	39.0
1499	45.0
1500	37.0
1501	38.0
1502	33.0
1503	45.0
1504	43.0
1505	30.0
1506	39.0
1507	42.0
1508	36.0
1509	46.0
1510	35.0
1511	32.0
1512	34.0
1513	57.0
1514	34.0
1515	35.0
1516	50.0
1517	44.0
1518	35.0
1519	30.0
1520	42.0
1521	30.0
1522	37.0
1523	50.0
1524	37.0
1525	42.0
1526	41.0
1527	55.0
1528	39.0
1529	36.0
1530	42.0
1531	49.0
1532	45.0
1533	43.0
1534	38.0
1535	55.0
1536	48.0
1537	43.0
1538	38.0
1539	41.0
1540	43.0
1541	36.0
1542	40.0
1543	48.0
1544	34.0
1545	39.0
1546	39.0
1547	50.0
1548	45.0
1549	34.0
1550	40.0
1551	43.0
1552	45.0
1553	41.0
1554	32.0
1555	34.0
1556	29.0
1557	48.0
1558	51.0
1559	50.0
1560	50.0
1561	44.0
1562	44.0
1563	41.0
1564	35.0
1565	48.0
1566	40.0
1567	38.0
1568	44.0
1569	49.0
1570	41.0
1571	37.0
1572	53.0
1573	46.0
1574	37.0
1575	52.0
1576	44.0
1577	38.0
1578	42.0
1579	35.0
1580	42.0
1581	36.0
1582	49.0
1583	43.0
1584	33.0
1585	35.0
1586	45.0
1587	37.0
1588	48.0
1589	44.0
1590	38.0
1591	29.0
1592	38.0
1593	44.0
1594	42.0
1595	28.0
1596	47.0
1597	30.0
1598	41.0
1599	41.0
1600	40.0
1601	38.0
1602	39.0
1603	39.0
1604	34.0
1605	39.0
1606	32.0
1607	39.0
1608	45.0
1609	44.0
1610	42.0
1611	37.0
1612	41.0
1613	45.0
1614	36.0
1615	39.0
1616	38.0
1617	34.0
1618	40.0
1619	41.0
1620	37.0
1621	28.0
1622	46.0
1623	44.0
1624	28.0
1625	42.0
1626	36.0
1627	49.0
1628	43.0
1629	47.0
1630	34.0
1631	38.0
1632	39.0
1633	46.0
1634	45.0
1635	33.0
1636	37.0
1637	38.0
1638	42.0
1639	42.0
1640	24.0
1641	31.0
1642	41.0
1643	29.0
1644	38.0
1645	39.0
1646	42.0
1647	44.0
1648	47.0
1649	56.0
1650	33.0
1651	38.0
1652	39.0
1653	40.0
1654	53.0
1655	32.0
1656	25.0
1657	40.0
1658	39.0
1659	37.0
1660	27.0
1661	31.0
1662	45.0
1663	43.0
1664	42.0
1665	43.0
1666	42.0
1667	38.0
1668	31.0
1669	39.0
1670	38.0
1671	40.0
1672	40.0
1673	35.0
1674	36.0
1675	49.0
1676	43.0
1677	45.0
1678	33.0
1679	33.0
1680	36.0
1681	35.0
1682	47.0
1683	45.0
1684	49.0
1685	30.0
1686	34.0
1687	36.0
1688	32.0
1689	42.0
1690	48.0
1691	42.0
1692	36.0
1693	33.0
1694	36.0
1695	27.0
1696	47.0
1697	38.0
1698	42.0
1699	55.0
1700	43.0
1701	33.0
1702	49.0
1703	32.0
1704	44.0
1705	32.0
1706	33.0
1707	31.0
1708	38.0
1709	32.0
1710	34.0
1711	30.0
1712	50.0
1713	34.0
1714	36.0
1715	32.0
1716	44.0
1717	36.0
1718	40.0
1719	41.0
1720	30.0
1721	33.0
1722	46.0
1723	42.0
1724	50.0
1725	39.0
1726	43.0
1727	32.0
1728	50.0
1729	31.0
1730	43.0
1731	34.0
1732	36.0
1733	34.0
1734	45.0
1735	40.0
1736	36.0
1737	45.0
1738	36.0
1739	42.0
1740	41.0
1741	44.0
1742	32.0
1743	29.0
1744	41.0
1745	42.0
1746	39.0
1747	40.0
1748	40.0
1749	46.0
1750	36.0
1751	39.0
1752	41.0
1753	40.0
1754	46.0
1755	31.0
1756	39.0
1757	45.0
1758	44.0
1759	37.0
1760	40.0
1761	56.0
1762	30.0
1763	41.0
1764	31.0
1765	34.0
1766	27.0
1767	36.0
1768	33.0
1769	41.0
1770	43.0
1771	40.0
1772	46.0
1773	34.0
1774	44.0
1775	40.0
1776	39.0
1777	48.0
1778	39.0
1779	45.0
1780	28.0
1781	27.0
1782	35.0
1783	36.0
1784	42.0
1785	40.0
1786	39.0
1787	45.0
1788	43.0
1789	44.0
1790	27.0
1791	47.0
1792	38.0
1793	38.0
1794	34.0
1795	40.0
1796	34.0
1797	48.0
1798	44.0
1799	42.0
1800	43.0
1801	35.0
1802	51.0
1803	31.0
1804	28.0
1805	40.0
1806	51.0
1807	32.0
1808	50.0
1809	57.0
1810	33.0
1811	36.0
1812	34.0
1813	55.0
1814	42.0
1815	44.0
1816	33.0
1817	38.0
1818	44.0
1819	33.0
1820	37.0
1821	38.0
1822	37.0
1823	45.0
1824	53.0
1825	45.0
1826	41.0
1827	43.0
1828	49.0
1829	39.0
1830	34.0
1831	39.0
1832	32.0
1833	38.0
1834	42.0
1835	30.0
1836	34.0
1837	39.0
1838	46.0
1839	40.0
1840	31.0
1841	34.0
1842	35.0
1843	49.0
1844	50.0
1845	31.0
1846	41.0
1847	37.0
1848	45.0
1849	36.0
1850	36.0
1851	43.0
1852	32.0
1853	37.0
1854	30.0
1855	36.0
1856	37.0
1857	31.0
1858	28.0
1859	39.0
1860	45.0
1861	48.0
1862	34.0
1863	35.0
1864	39.0
1865	36.0
1866	28.0
1867	38.0
1868	43.0
1869	45.0
1870	39.0
1871	40.0
1872	29.0
1873	30.0
1874	39.0
1875	28.0
1876	32.0
1877	40.0
1878	32.0
1879	41.0
1880	32.0
1881	35.0
1882	49.0
1883	36.0
1884	36.0
1885	36.0
1886	35.0
1887	35.0
1888	37.0
1889	39.0
1890	45.0
1891	34.0
1892	36.0
1893	33.0
1894	31.0
1895	30.0
1896	33.0
1897	39.0
1898	33.0
1899	46.0
1900	46.0
1901	38.0
1902	34.0
1903	39.0
1904	28.0
1905	35.0
1906	43.0
1907	29.0
1908	39.0
1909	32.0
1910	32.0
1911	42.0
1912	34.0
1913	43.0
1914	29.0
1915	32.0
1916	43.0
1917	29.0
1918	39.0
1919	37.0
1920	44.0
1921	40.0
1922	40.0
1923	42.0
1924	33.0
1925	46.0
1926	39.0
1927	32.0
1928	52.0
1929	44.0
1930	41.0
1931	31.0
1932	41.0
1933	36.0
1934	56.0
1935	41.0
1936	32.0
1937	46.0
1938	30.0
1939	38.0
1940	45.0
1941	39.0
1942	45.0
1943	39.0
1944	37.0
1945	24.0
1946	39.0
1947	27.0
1948	44.0
1949	45.0
1950	32.0
1951	40.0
1952	39.0
1953	43.0
1954	43.0
1955	50.0
1956	53.0
1957	30.0
1958	43.0
1959	33.0
1960	43.0
1961	30.0
1962	43.0
1963	37.0
1964	38.0
1965	37.0
1966	33.0
1967	45.0
1968	31.0
1969	36.0
1970	48.0
1971	37.0
1972	34.0
1973	37.0
1974	30.0
1975	24.0
1976	45.0
1977	30.0
1978	34.0
1979	30.0
1980	37.0
1981	35.0
1982	34.0
1983	46.0
1984	40.0
1985	40.0
1986	28.0
1987	40.0
1988	43.0
1989	42.0
1990	31.0
1991	38.0
1992	36.0
1993	39.0
1994	35.0
1995	34.0
1996	39.0
1997	36.0
1998	36.0
1999	38.0
2000	22.0
2001	36.0
2002	30.0
2003	34.0
2004	37.0
2005	39.0
2006	33.0
2007	40.0
2008	41.0
2009	38.0
2010	34.0
2011	34.0
2012	35.0
2013	36.0
2014	41.0
2015	40.0
2016	42.0
2017	40.0
2018	40.0
2019	40.0
2020	40.0
2021	32.0
2022	42.0
2023	37.0
2024	36.0
2025	36.0
2026	35.0
2027	37.0
2028	28.0
2029	33.0
2030	28.0
2031	34.0
2032	36.0
2033	46.0
2034	34.0
2035	41.0
2036	25.0
2037	35.0
2038	36.0
2039	38.0
2040	31.0
2041	44.0
2042	44.0
2043	40.0
2044	40.0
2045	34.0
2046	39.0
2047	45.0
2048	27.0
2049	35.0
2050	38.0
2051	25.0
2052	40.0
2053	34.0
2054	36.0
2055	38.0
2056	39.0
2057	42.0
2058	42.0
2059	44.0
2060	33.0
2061	32.0
2062	35.0
2063	43.0
2064	39.0
2065	50.0
2066	36.0
2067	45.0
2068	38.0
2069	27.0
2070	35.0
2071	36.0
2072	34.0
2073	32.0
2074	43.0
2075	41.0
2076	31.0
2077	28.0
2078	37.0
2079	41.0
2080	39.0
2081	26.0
2082	33.0
2083	30.0
2084	34.0
2085	32.0
2086	27.0
2087	30.0
2088	42.0
2089	30.0
2090	37.0
2091	32.0
2092	29.0
2093	26.0
2094	39.0
2095	36.0
2096	45.0
2097	31.0
2098	39.0
2099	26.0
2100	32.0
2101	36.0
2102	31.0
2103	42.0
2104	35.0
2105	35.0
2106	30.0
2107	31.0
2108	39.0
2109	35.0
2110	42.0
2111	47.0
2112	36.0
2113	27.0
2114	42.0
2115	35.0
2116	39.0
2117	28.0
2118	36.0
2119	26.0
2120	52.0
2121	32.0
2122	39.0
2123	30.0
2124	41.0
2125	37.0
2126	43.0
2127	39.0
2128	43.0
2129	35.0
2130	34.0
2131	34.0
2132	27.0
2133	34.0
2134	36.0
2135	45.0
2136	37.0
2137	36.0
2138	31.0
2139	49.0
2140	29.0
2141	26.0
2142	35.0
2143	38.0
2144	32.0
2145	28.0
2146	41.0
2147	50.0
2148	38.0
2149	37.0
2150	35.0
2151	28.0
2152	28.0
2153	34.0
2154	37.0
2155	39.0
2156	36.0
2157	31.0
2158	23.0
2159	35.0
2160	29.0
2161	34.0
2162	33.0
2163	25.0
2164	34.0
2165	37.0
2166	54.0
2167	37.0
2168	35.0
2169	26.0
2170	49.0
2171	49.0
2172	35.0
2173	38.0
2174	38.0
2175	38.0
2176	31.0
2177	35.0
2178	30.0
2179	33.0
2180	41.0
2181	34.0
2182	37.0
2183	32.0
2184	31.0
2185	39.0
2186	46.0
2187	38.0
2188	41.0
2189	35.0
2190	29.0
2191	33.0
2192	42.0
2193	35.0
2194	30.0
2195	48.0
2196	50.0
2197	37.0
2198	42.0
2199	34.0
2200	29.0
2201	36.0
2202	34.0
2203	28.0
2204	35.0
2205	46.0
2206	29.0
2207	43.0
2208	47.0
2209	36.0
2210	39.0
2211	34.0
2212	40.0
2213	41.0
2214	46.0
2215	50.0
2216	31.0
2217	41.0
2218	45.0
2219	28.0
2220	36.0
2221	27.0
2222	35.0
2223	45.0
2224	34.0
2225	44.0
2226	39.0
2227	41.0
2228	31.0
2229	42.0
2230	44.0
2231	50.0
2232	51.0
2233	36.0
2234	37.0
2235	33.0
2236	34.0
2237	41.0
2238	43.0
2239	38.0
2240	33.0
2241	30.0
2242	43.0
2243	34.0
2244	44.0
2245	29.0
2246	42.0
2247	36.0
2248	37.0
2249	32.0
2250	51.0
2251	35.0
2252	37.0
2253	37.0
2254	39.0
2255	44.0
2256	34.0
2257	45.0
2258	42.0
2259	29.0
2260	41.0
2261	31.0
2262	46.0
2263	41.0
2264	35.0
2265	44.0
2266	32.0
2267	34.0
2268	52.0
2269	30.0
2270	34.0
2271	43.0
2272	41.0
2273	34.0
2274	41.0
2275	46.0
2276	42.0
2277	34.0
2278	39.0
2279	41.0
2280	45.0
2281	33.0
2282	36.0
2283	36.0
2284	34.0
2285	38.0
2286	32.0
2287	48.0
2288	38.0
2289	37.0
2290	39.0
2291	30.0
2292	44.0
2293	45.0
2294	33.0
2295	31.0
2296	36.0
2297	32.0
2298	32.0
2299	50.0
2300	47.0
2301	37.0
2302	32.0
2303	41.0
2304	37.0
2305	38.0
2306	36.0
2307	25.0
2308	42.0
2309	37.0
2310	42.0
2311	43.0
2312	28.0
2313	33.0
2314	43.0
2315	26.0
2316	52.0
2317	33.0
2318	41.0
2319	37.0
2320	31.0
2321	34.0
2322	37.0
2323	48.0
2324	45.0
2325	37.0
2326	41.0
2327	41.0
2328	42.0
2329	47.0
2330	42.0
2331	37.0
2332	35.0
2333	40.0
2334	34.0
2335	28.0
2336	42.0
2337	35.0
2338	37.0
2339	41.0
2340	48.0
2341	43.0
2342	42.0
2343	41.0
2344	48.0
2345	35.0
2346	33.0
2347	44.0
2348	40.0
2349	24.0
2350	37.0
2351	41.0
2352	32.0
2353	36.0
2354	40.0
2355	32.0
2356	40.0
2357	45.0
2358	42.0
2359	37.0
2360	38.0
2361	51.0
2362	34.0
2363	33.0
2364	42.0
2365	35.0
2366	43.0
2367	40.0
2368	43.0
2369	43.0
2370	43.0
2371	44.0
2372	42.0
2373	30.0
2374	40.0
2375	30.0
2376	42.0
2377	37.0
2378	41.0
2379	31.0
2380	36.0
2381	37.0
2382	30.0
2383	28.0
2384	35.0
2385	37.0
2386	43.0
2387	36.0
2388	47.0
2389	32.0
2390	36.0
2391	29.0
2392	30.0
2393	33.0
2394	44.0
2395	29.0
2396	43.0
2397	32.0
2398	43.0
2399	36.0
2400	35.0
2401	34.0
2402	37.0
2403	40.0
2404	22.0
2405	31.0
2406	40.0
2407	24.0
2408	36.0
2409	31.0
2410	35.0
2411	33.0
2412	25.0
2413	33.0
2414	34.0
2415	25.0
2416	34.0
2417	32.0
2418	34.0
2419	37.0
2420	38.0
2421	23.0
2422	33.0
2423	38.0
2424	32.0
2425	34.0
2426	39.0
2427	41.0
2428	34.0
2429	26.0
2430	29.0
2431	36.0
2432	39.0
2433	30.0
2434	39.0
2435	34.0
2436	49.0
2437	37.0
2438	34.0
2439	33.0
2440	42.0
2441	41.0
2442	32.0
2443	28.0
2444	31.0
2445	32.0
2446	44.0
2447	35.0
2448	32.0
2449	38.0
2450	25.0
2451	36.0
2452	30.0
2453	43.0
2454	50.0
2455	34.0
2456	28.0
2457	31.0
2458	41.0
2459	32.0
2460	40.0
2461	32.0
2462	25.0
2463	35.0
2464	55.0
2465	46.0
2466	43.0
2467	41.0
2468	35.0
2469	38.0
2470	34.0
2471	45.0
2472	36.0
2473	36.0
2474	36.0
2475	35.0
2476	27.0
2477	46.0
2478	44.0
2479	37.0
2480	42.0
2481	38.0
2482	42.0
2483	42.0
2484	29.0
2485	38.0
2486	38.0
2487	30.0
2488	37.0
2489	42.0
2490	31.0
2491	40.0
2492	46.0
2493	41.0
2494	37.0
2495	41.0
2496	35.0
2497	32.0
2498	37.0
2499	40.0
2500	43.0
2501	44.0
2502	31.0
2503	31.0
2504	43.0
2505	43.0
2506	53.0
2507	46.0
2508	39.0
2509	31.0
2510	44.0
2511	50.0
2512	44.0
2513	37.0
2514	41.0
2515	31.0
2516	39.0
2517	40.0
2518	29.0
2519	48.0
2520	36.0
2521	34.0
2522	46.0
2523	40.0
2524	45.0
2525	40.0
2526	46.0
2527	32.0
2528	41.0
2529	48.0
2530	43.0
2531	58.0
2532	42.0
2533	41.0
2534	37.0
2535	44.0
2536	46.0
2537	36.0
2538	26.0
2539	34.0
2540	29.0
2541	31.0
2542	36.0
2543	42.0
2544	51.0
2545	36.0
2546	50.0
2547	41.0
2548	44.0
2549	49.0
2550	42.0
2551	29.0
2552	34.0
2553	42.0
2554	50.0
2555	53.0
2556	40.0
2557	37.0
2558	35.0
2559	35.0
2560	29.0
2561	42.0
2562	31.0
2563	40.0
2564	31.0
2565	49.0
2566	40.0
2567	36.0
2568	35.0
2569	48.0
2570	53.0
2571	40.0
2572	52.0
2573	38.0
2574	49.0
2575	40.0
2576	48.0
2577	49.0
2578	44.0
2579	44.0
2580	47.0
2581	45.0
2582	42.0
2583	65.0
2584	40.0
2585	43.0
2586	39.0
2587	47.0
2588	41.0
2589	50.0
2590	38.0
2591	34.0
2592	31.0
2593	44.0
2594	50.0
2595	41.0
2596	54.0
2597	43.0
2598	35.0
2599	45.0
2600	51.0
2601	41.0
2602	45.0
2603	46.0
2604	57.0
2605	47.0
2606	39.0
2607	40.0
2608	60.0
2609	46.0
2610	34.0
2611	41.0
2612	41.0
2613	43.0
2614	42.0
2615	43.0
2616	36.0
2617	35.0
2618	46.0
2619	45.0
2620	40.0
2621	35.0
2622	30.0
2623	33.0
2624	41.0
2625	42.0
2626	52.0
2627	42.0
2628	42.0
2629	41.0
2630	30.0
2631	43.0
2632	44.0
2633	49.0
2634	41.0
2635	33.0
2636	41.0
2637	55.0
2638	48.0
2639	35.0
2640	33.0
2641	55.0
2642	51.0
2643	34.0
2644	30.0
2645	41.0
2646	42.0
2647	53.0
2648	39.0
2649	48.0
2650	38.0
2651	43.0
2652	42.0
2653	44.0
2654	37.0
2655	51.0
2656	34.0
2657	47.0
2658	55.0
2659	43.0
2660	43.0
2661	43.0
2662	34.0
2663	44.0
2664	43.0
2665	40.0
2666	46.0
2667	43.0
2668	33.0
2669	36.0
2670	45.0
2671	54.0
2672	41.0
2673	47.0
2674	48.0
2675	47.0
2676	43.0
2677	43.0
2678	44.0
2679	43.0
2680	47.0
2681	57.0
2682	41.0
2683	36.0
2684	45.0
2685	53.0
2686	48.0
2687	46.0
2688	49.0
2689	44.0
2690	43.0
2691	52.0
2692	42.0
2693	40.0
2694	44.0
2695	44.0
2696	42.0
2697	37.0
2698	42.0
2699	30.0
2700	36.0
2701	37.0
2702	46.0
2703	45.0
2704	31.0
2705	45.0
2706	41.0
2707	42.0
2708	45.0
2709	40.0
2710	51.0
2711	37.0
2712	49.0
2713	47.0
2714	44.0
2715	60.0
2716	44.0
2717	42.0
2718	51.0
2719	50.0
2720	52.0
2721	44.0
2722	45.0
2723	44.0
2724	55.0
2725	39.0
2726	48.0
2727	39.0
2728	52.0
2729	43.0
2730	65.0
2731	48.0
2732	42.0
2733	45.0
2734	54.0
2735	45.0
2736	54.0
2737	52.0
2738	38.0
2739	35.0
2740	47.0
2741	47.0
2742	52.0
2743	49.0
2744	53.0
2745	46.0
2746	43.0
2747	56.0
2748	30.0
2749	38.0
2750	42.0
2751	53.0
2752	39.0
2753	59.0
2754	47.0
2755	53.0
2756	43.0
2757	50.0
2758	42.0
2759	52.0
2760	35.0
2761	51.0
2762	51.0
2763	48.0
2764	53.0
2765	45.0
2766	42.0
2767	51.0
2768	43.0
2769	43.0
2770	53.0
2771	51.0
2772	39.0
2773	34.0
2774	39.0
2775	53.0
2776	42.0
2777	50.0
2778	38.0
2779	50.0
2780	50.0
2781	44.0
2782	50.0
2783	41.0
2784	41.0
2785	33.0
2786	39.0
2787	38.0
2788	46.0
2789	46.0
2790	36.0
2791	46.0
2792	40.0
2793	54.0
2794	54.0
2795	46.0
2796	53.0
2797	49.0
2798	42.0
2799	49.0
2800	35.0
2801	46.0
2802	35.0
2803	40.0
2804	48.0
2805	41.0
2806	52.0
2807	56.0
2808	48.0
2809	32.0
2810	39.0
2811	29.0
2812	54.0
2813	46.0
2814	51.0
2815	44.0
2816	48.0
2817	46.0
2818	55.0
2819	42.0
2820	41.0
2821	48.0
2822	49.0
2823	38.0
2824	43.0
2825	52.0
2826	53.0
2827	42.0
2828	31.0
2829	59.0
2830	47.0
2831	34.0
2832	54.0
2833	50.0
2834	39.0
2835	28.0
2836	41.0
2837	46.0
2838	45.0
2839	41.0
2840	44.0
2841	34.0
2842	52.0
2843	35.0
2844	49.0
2845	25.0
2846	34.0
2847	44.0
2848	39.0
2849	35.0
2850	55.0
2851	47.0
2852	40.0
2853	45.0
2854	49.0
2855	41.0
2856	39.0
2857	33.0
2858	43.0
2859	42.0
2860	35.0
2861	50.0
2862	41.0
2863	45.0
2864	44.0
2865	41.0
2866	51.0
2867	39.0
2868	43.0
2869	49.0
2870	43.0
2871	39.0
2872	48.0
2873	40.0
2874	48.0
2875	50.0
2876	46.0
2877	33.0
2878	40.0
2879	43.0
2880	52.0
2881	45.0
2882	51.0
2883	47.0
2884	43.0
2885	48.0
2886	37.0
2887	38.0
2888	40.0
2889	57.0
2890	45.0
2891	50.0
2892	48.0
2893	63.0
2894	42.0
2895	49.0
2896	42.0
2897	48.0
2898	42.0
2899	42.0
2900	40.0
2901	31.0
2902	45.0
2903	31.0
2904	43.0
2905	41.0
2906	36.0
2907	29.0
2908	52.0
2909	39.0
2910	44.0
2911	39.0
2912	50.0
2913	40.0
2914	40.0
2915	44.0
2916	23.0
2917	38.0
2918	44.0
2919	33.0
2920	42.0
2921	42.0
2922	49.0
2923	50.0
2924	37.0
2925	44.0
2926	32.0
2927	34.0
2928	32.0
2929	39.0
2930	40.0
2931	45.0
2932	42.0
2933	50.0
2934	48.0
2935	41.0
2936	39.0
2937	32.0
2938	41.0
2939	34.0
2940	41.0
2941	28.0
2942	36.0
2943	39.0
2944	38.0
2945	42.0
2946	49.0
2947	37.0
2948	37.0
2949	35.0
2950	37.0
2951	40.0
2952	38.0
2953	40.0
2954	34.0
2955	35.0
2956	40.0
2957	42.0
2958	40.0
2959	39.0
2960	31.0
2961	24.0
2962	38.0
2963	51.0
2964	43.0
2965	42.0
2966	44.0
2967	32.0
2968	29.0
2969	43.0
2970	37.0
2971	37.0
2972	35.0
2973	49.0
2974	40.0
2975	35.0
2976	36.0
2977	34.0
2978	36.0
2979	34.0
2980	37.0
2981	37.0
2982	36.0
2983	34.0
2984	40.0
2985	34.0
2986	36.0
2987	38.0
2988	34.0
2989	38.0
2990	32.0
2991	34.0
2992	33.0
2993	36.0
2994	45.0
2995	45.0
2996	41.0
2997	35.0
2998	34.0
2999	37.0
3000	30.0
3001	45.0
3002	42.0
3003	34.0
3004	39.0
3005	31.0
3006	39.0
3007	35.0
3008	52.0
3009	33.0
3010	39.0
3011	42.0
3012	40.0
3013	40.0
3014	34.0
3015	34.0
3016	31.0
3017	32.0
3018	30.0
3019	36.0
3020	35.0
3021	31.0
3022	42.0
3023	41.0
3024	40.0
3025	34.0
3026	41.0
3027	39.0
3028	39.0
3029	43.0
3030	32.0
3031	26.0
3032	38.0
3033	36.0
3034	27.0
3035	27.0
3036	38.0
3037	36.0
3038	36.0
3039	31.0
3040	26.0
3041	29.0
3042	33.0
3043	34.0
3044	44.0
3045	36.0
3046	33.0
3047	34.0
3048	31.0
3049	28.0
3050	36.0
3051	36.0
3052	35.0
3053	47.0
3054	36.0
3055	40.0
3056	42.0
3057	39.0
3058	29.0
3059	40.0
3060	32.0
3061	27.0
3062	26.0
3063	38.0
3064	42.0
3065	32.0
3066	37.0
3067	36.0
3068	33.0
3069	36.0
3070	24.0
3071	35.0
3072	27.0
3073	22.0
3074	28.0
3075	35.0
3076	35.0
3077	30.0
3078	46.0
3079	36.0
3080	38.0
3081	36.0
3082	26.0
3083	44.0
3084	34.0
3085	38.0
3086	38.0
3087	45.0
3088	33.0
3089	41.0
3090	34.0
3091	35.0
3092	29.0
3093	52.0
3094	27.0
3095	37.0
3096	39.0
3097	27.0
3098	31.0
3099	25.0
3100	38.0
3101	32.0
3102	32.0
3103	32.0
3104	32.0
3105	35.0
3106	24.0
3107	39.0
3108	24.0
3109	34.0
3110	32.0
3111	35.0
3112	33.0
3113	32.0
3114	37.0
3115	24.0
3116	37.0
3117	26.0
3118	33.0
3119	34.0
3120	36.0
3121	34.0
3122	30.0
3123	26.0
3124	31.0
3125	34.0
3126	35.0
3127	24.0
3128	29.0
3129	22.0
3130	39.0
3131	32.0
3132	35.0
3133	39.0
3134	30.0
3135	37.0
3136	24.0
3137	28.0
3138	40.0
3139	43.0
3140	33.0
3141	38.0
3142	30.0
3143	30.0
3144	30.0
3145	35.0
3146	37.0
3147	28.0
3148	19.0
3149	28.0
3150	37.0
3151	32.0
3152	26.0
3153	26.0
3154	41.0
3155	26.0
3156	30.0
3157	28.0
3158	36.0
3159	29.0
3160	37.0
3161	19.0
3162	28.0
3163	31.0
3164	28.0
3165	24.0
3166	28.0
3167	49.0
3168	26.0
3169	38.0
3170	37.0
3171	29.0
3172	32.0
3173	22.0
3174	35.0
3175	32.0
3176	32.0
3177	30.0
3178	30.0
3179	31.0
3180	27.0
3181	26.0
3182	32.0
3183	36.0
3184	30.0
3185	29.0
3186	36.0
3187	26.0
3188	27.0
3189	25.0
3190	30.0
3191	28.0
3192	30.0
3193	38.0
3194	31.0
3195	35.0
3196	25.0
3197	35.0
3198	28.0
3199	29.0
3200	23.0
3201	32.0
3202	36.0
3203	31.0
3204	26.0
3205	21.0
3206	35.0
3207	24.0
3208	29.0
3209	26.0
3210	33.0
3211	24.0
3212	36.0
3213	30.0
3214	24.0
3215	26.0
3216	28.0
3217	31.0
3218	25.0
3219	28.0
3220	27.0
3221	22.0
3222	29.0
3223	32.0
3224	28.0
3225	35.0
3226	27.0
3227	30.0
3228	27.0
3229	19.0
3230	24.0
3231	28.0
3232	24.0
3233	30.0
3234	34.0
3235	16.0
3236	21.0
3237	35.0
3238	26.0
3239	27.0
3240	22.0
3241	30.0
3242	26.0
3243	24.0
3244	24.0
3245	29.0
3246	27.0
3247	20.0
3248	26.0
3249	24.0
3250	31.0
3251	26.0
3252	21.0
3253	29.0
3254	26.0
3255	26.0
3256	28.0
3257	35.0
3258	36.0
3259	34.0
3260	36.0
3261	30.0
3262	20.0
3263	24.0
3264	22.0
3265	35.0
3266	20.0
3267	25.0
3268	34.0
3269	21.0
3270	29.0
3271	26.0
3272	27.0
3273	25.0
3274	29.0
3275	16.0
3276	29.0
3277	44.0
3278	30.0
3279	23.0
3280	20.0
3281	26.0
3282	25.0
3283	24.0
3284	27.0
3285	23.0
3286	30.0
3287	25.0
3288	41.0
3289	23.0
3290	31.0
3291	32.0
3292	28.0
3293	31.0
3294	22.0
3295	31.0
3296	28.0
3297	36.0
3298	29.0
3299	30.0
3300	24.0
3301	25.0
3302	21.0
3303	37.0
3304	23.0
3305	32.0
3306	30.0
3307	29.0
3308	17.0
3309	23.0
3310	32.0
3311	26.0
3312	28.0
3313	26.0
3314	32.0
3315	21.0
3316	29.0
3317	29.0
3318	34.0
3319	22.0
3320	32.0
3321	25.0
3322	22.0
3323	29.0
3324	32.0
3325	32.0
3326	17.0
3327	20.0
3328	28.0
3329	27.0
3330	25.0
3331	27.0
3332	28.0
3333	26.0
3334	31.0
3335	39.0
3336	41.0
3337	23.0
3338	24.0
3339	23.0
3340	21.0
3341	36.0
3342	27.0
3343	33.0
3344	25.0
3345	32.0
3346	21.0
3347	26.0
3348	21.0
3349	32.0
3350	31.0
3351	28.0
3352	31.0
3353	28.0
3354	25.0
3355	28.0
3356	22.0
3357	23.0
3358	27.0
3359	19.0
3360	34.0
3361	31.0
3362	34.0
3363	24.0
3364	31.0
3365	27.0
3366	31.0
3367	24.0
3368	22.0
3369	23.0
3370	20.0
3371	34.0
3372	23.0
3373	29.0
3374	27.0
3375	33.0
3376	23.0
3377	24.0
3378	29.0
3379	21.0
3380	31.0
3381	34.0
3382	20.0
3383	31.0
3384	24.0
3385	38.0
3386	25.0
3387	20.0
3388	35.0
3389	27.0
3390	33.0
3391	41.0
3392	25.0
3393	28.0
3394	28.0
3395	35.0
3396	29.0
3397	20.0
3398	27.0
3399	28.0
3400	32.0
3401	26.0
3402	21.0
3403	21.0
3404	31.0
3405	23.0
3406	28.0
3407	32.0
3408	25.0
3409	29.0
3410	19.0
3411	30.0
3412	21.0
3413	26.0
3414	23.0
3415	24.0
3416	29.0
3417	38.0
3418	23.0
3419	29.0
3420	24.0
3421	31.0
3422	23.0
3423	32.0
3424	35.0
3425	33.0
3426	30.0
3427	29.0
3428	35.0
3429	44.0
3430	21.0
3431	36.0
3432	37.0
3433	25.0
3434	31.0
3435	31.0
3436	24.0
3437	30.0
3438	26.0
3439	35.0
3440	35.0
3441	34.0
3442	29.0
3443	36.0
3444	39.0
3445	25.0
3446	28.0
3447	28.0
3448	29.0
3449	39.0
3450	25.0
3451	30.0
3452	33.0
3453	30.0
3454	29.0
3455	37.0
3456	33.0
3457	28.0
3458	34.0
3459	41.0
3460	33.0
3461	26.0
3462	37.0
3463	39.0
3464	29.0
3465	43.0
3466	28.0
3467	26.0
3468	31.0
3469	34.0
3470	28.0
3471	36.0
3472	30.0
3473	44.0
3474	45.0
3475	32.0
3476	37.0
3477	33.0
3478	38.0
3479	34.0
3480	33.0
3481	33.0
3482	34.0
3483	25.0
3484	40.0
3485	31.0
3486	30.0
3487	42.0
3488	44.0
3489	45.0
3490	48.0
3491	36.0
3492	44.0
3493	36.0
3494	25.0
3495	46.0
3496	33.0
3497	38.0
3498	32.0
3499	33.0
3500	45.0
3501	35.0
3502	43.0
3503	41.0
3504	36.0
3505	38.0
3506	40.0
3507	50.0
3508	45.0
3509	36.0
3510	52.0
3511	49.0
3512	47.0
3513	41.0
3514	37.0
3515	39.0
3516	48.0
3517	37.0
3518	48.0
3519	53.0
3520	42.0
3521	39.0
3522	38.0
3523	44.0
3524	41.0
3525	51.0
3526	49.0
3527	47.0
3528	45.0
3529	54.0
3530	51.0
3531	47.0
3532	44.0
3533	40.0
3534	59.0
3535	50.0
3536	41.0
3537	56.0
3538	61.0
3539	52.0
3540	49.0
3541	52.0
3542	42.0
3543	54.0
3544	60.0
3545	36.0
3546	70.0
3547	52.0
3548	49.0
3549	51.0
3550	50.0
3551	52.0
3552	56.0
3553	62.0
3554	62.0
3555	52.0
3556	56.0
3557	70.0
3558	59.0
3559	50.0
3560	51.0
3561	62.0
3562	45.0
3563	44.0
3564	64.0
3565	53.0
3566	73.0
3567	51.0
3568	72.0
3569	64.0
3570	67.0
3571	60.0
3572	46.0
3573	55.0
3574	65.0
3575	66.0
3576	55.0
3577	58.0
3578	55.0
3579	57.0
3580	82.0
3581	72.0
3582	80.0
3583	45.0
3584	85.0
3585	78.0
3586	75.0
3587	76.0
3588	71.0
3589	53.0
3590	62.0
3591	83.0
3592	75.0
3593	76.0
3594	63.0
3595	69.0
3596	65.0
3597	66.0
3598	69.0
3599	78.0
3600	72.0
3601	93.0
3602	71.0
3603	88.0
3604	79.0
3605	80.0
3606	72.0
3607	82.0
3608	79.0
3609	84.0
3610	85.0
3611	94.0
3612	81.0
3613	86.0
3614	82.0
3615	85.0
3616	88.0
3617	85.0
3618	82.0
3619	81.0
3620	94.0
3621	84.0
3622	80.0
3623	84.0
3624	87.0
3625	80.0
3626	89.0
3627	88.0
3628	83.0
3629	83.0
3630	90.0
3631	95.0
3632	95.0
3633	90.0
3634	86.0
3635	76.0
3636	96.0
3637	85.0
3638	83.0
3639	95.0
3640	102.0
3641	85.0
3642	76.0
3643	105.0
3644	82.0
3645	82.0
3646	104.0
3647	95.0
3648	94.0
3649	94.0
3650	91.0
3651	107.0
3652	86.0
3653	82.0
3654	96.0
3655	77.0
3656	96.0
3657	91.0
3658	77.0
3659	97.0
3660	99.0
3661	95.0
3662	96.0
3663	89.0
3664	88.0
3665	107.0
3666	83.0
3667	93.0
3668	99.0
3669	87.0
3670	100.0
3671	89.0
3672	89.0
3673	100.0
3674	93.0
3675	89.0
3676	83.0
3677	83.0
3678	84.0
3679	77.0
3680	93.0
3681	79.0
3682	81.0
3683	94.0
3684	106.0
3685	92.0
3686	88.0
3687	92.0
3688	84.0
3689	80.0
3690	84.0
3691	95.0
3692	97.0
3693	66.0
3694	94.0
3695	93.0
3696	87.0
3697	92.0
3698	108.0
3699	83.0
3700	77.0
3701	70.0
3702	89.0
3703	99.0
3704	82.0
3705	80.0
3706	90.0
3707	84.0
3708	71.0
3709	79.0
3710	74.0
3711	88.0
3712	71.0
3713	83.0
3714	81.0
3715	74.0
3716	100.0
3717	85.0
3718	68.0
3719	70.0
3720	69.0
3721	76.0
3722	70.0
3723	72.0
3724	76.0
3725	79.0
3726	72.0
3727	68.0
3728	70.0
3729	72.0
3730	72.0
3731	63.0
3732	81.0
3733	53.0
3734	64.0
3735	60.0
3736	58.0
3737	64.0
3738	63.0
3739	55.0
3740	60.0
3741	57.0
3742	66.0
3743	69.0
3744	65.0
3745	58.0
3746	53.0
3747	67.0
3748	59.0
3749	73.0
3750	68.0
3751	65.0
3752	60.0
3753	57.0
3754	53.0
3755	59.0
3756	46.0
3757	46.0
3758	49.0
3759	46.0
3760	68.0
3761	44.0
3762	43.0
3763	46.0
3764	61.0
3765	45.0
3766	47.0
3767	52.0
3768	40.0
3769	51.0
3770	33.0
3771	32.0
3772	43.0
3773	52.0
3774	43.0
3775	27.0
3776	33.0
3777	47.0
3778	46.0
3779	43.0
3780	34.0
3781	37.0
3782	44.0
3783	48.0
3784	44.0
3785	47.0
3786	34.0
3787	37.0
3788	36.0
3789	48.0
3790	32.0
3791	26.0
3792	41.0
3793	42.0
3794	36.0
3795	42.0
3796	21.0
3797	24.0
3798	37.0
3799	30.0
3800	24.0
3801	34.0
3802	23.0
3803	29.0
3804	28.0
3805	37.0
3806	24.0
3807	33.0
3808	31.0
3809	20.0
3810	20.0
3811	29.0
3812	25.0
3813	31.0
3814	20.0
3815	22.0
3816	22.0
3817	20.0
3818	24.0
3819	23.0
3820	24.0
3821	21.0
3822	21.0
3823	16.0
3824	20.0
3825	25.0
3826	20.0
3827	18.0
3828	19.0
3829	21.0
3830	14.0
3831	17.0
3832	12.0
3833	14.0
3834	18.0
3835	18.0
3836	16.0
3837	24.0
3838	16.0
3839	16.0
3840	14.0
3841	14.0
3842	20.0
3843	11.0
3844	7.0
3845	11.0
3846	18.0
3847	15.0
3848	15.0
3849	13.0
3850	14.0
3851	19.0
3852	18.0
3853	18.0
3854	13.0
3855	13.0
3856	13.0
3857	7.0
3858	14.0
3859	9.0
3860	8.0
3861	11.0
3862	9.0
3863	14.0
3864	11.0
3865	12.0
3866	9.0
3867	9.0
3868	4.0
3869	9.0
3870	15.0
3871	10.0
3872	7.0
3873	9.0
3874	10.0
3875	8.0
3876	7.0
3877	9.0
3878	9.0
3879	12.0
3880	12.0
3881	8.0
3882	10.0
3883	7.0
3884	8.0
3885	7.0
3886	7.0
3887	8.0
3888	9.0
3889	4.0
3890	5.0
3891	9.0
3892	11.0
3893	6.0
3894	8.0
3895	8.0
3896	4.0
3897	8.0
3898	7.0
3899	14.0
3900	6.0
3901	7.0
3902	10.0
3903	2.0
3904	7.0
3905	4.0
3906	8.0
3907	4.0
3908	10.0
3909	6.0
3910	4.0
3911	8.0
3912	4.0
3913	9.0
3914	6.0
3915	3.0
3916	8.0
3917	5.0
3918	5.0
3919	7.0
3920	3.0
3921	6.0
3922	6.0
3923	4.0
3924	5.0
3925	13.0
3926	8.0
3927	5.0
3928	9.0
3929	8.0
3930	3.0
3931	5.0
3932	9.0
3933	5.0
3934	5.0
3935	5.0
3936	5.0
3937	10.0
3938	10.0
3939	9.0
3940	9.0
3941	5.0
3942	8.0
3943	10.0
3944	2.0
3945	8.0
3946	7.0
3947	8.0
3948	15.0
3949	14.0
3950	10.0
3951	7.0
3952	9.0
3953	8.0
3954	6.0
3955	7.0
3956	10.0
3957	8.0
3958	10.0
3959	7.0
3960	5.0
3961	15.0
3962	9.0
3963	10.0
3964	12.0
3965	12.0
3966	5.0
3967	15.0
3968	9.0
3969	9.0
3970	13.0
3971	12.0
3972	11.0
3973	9.0
3974	9.0
3975	13.0
3976	12.0
3977	12.0
3978	11.0
3979	13.0
3980	11.0
3981	14.0
3982	13.0
3983	10.0
3984	10.0
3985	17.0
3986	11.0
3987	19.0
3988	19.0
3989	20.0
3990	17.0
3991	9.0
3992	19.0
3993	25.0
3994	21.0
3995	21.0
3996	14.0
3997	22.0
3998	13.0
3999	16.0
4000	18.0
4001	16.0
4002	12.0
4003	12.0
4004	20.0
4005	14.0
4006	19.0
4007	12.0
4008	23.0
4009	20.0
4010	19.0
4011	21.0
4012	23.0
4013	25.0
4014	18.0
4015	25.0
4016	16.0
4017	13.0
4018	24.0
4019	19.0
4020	23.0
4021	26.0
4022	32.0
4023	18.0
4024	24.0
4025	30.0
4026	24.0
4027	22.0
4028	23.0
4029	22.0
4030	23.0
4031	30.0
4032	26.0
4033	39.0
4034	21.0
4035	27.0
4036	33.0
4037	26.0
4038	28.0
4039	26.0
4040	32.0
4041	23.0
4042	30.0
4043	26.0
4044	22.0
4045	33.0
4046	34.0
4047	37.0
4048	37.0
4049	28.0
4050	34.0
4051	26.0
4052	35.0
4053	30.0
4054	40.0
4055	34.0
4056	29.0
4057	32.0
4058	33.0
4059	32.0
4060	30.0
4061	34.0
4062	41.0
4063	41.0
4064	47.0
4065	33.0
4066	48.0
4067	35.0
4068	41.0
4069	43.0
4070	39.0
4071	41.0
4072	32.0
4073	39.0
4074	43.0
4075	44.0
4076	43.0
4077	52.0
4078	37.0
4079	37.0
4080	35.0
4081	47.0
4082	37.0
4083	43.0
4084	44.0
4085	44.0
4086	40.0
4087	56.0
4088	42.0
4089	36.0
4090	49.0
4091	51.0
4092	43.0
4093	46.0
4094	67.0
4095	41.0
4096	45.0
4097	56.0
4098	34.0
4099	44.0
4100	55.0
4101	50.0
4102	65.0
4103	46.0
4104	46.0
4105	56.0
4106	64.0
4107	35.0
4108	56.0
4109	64.0
4110	57.0
4111	50.0
4112	53.0
4113	53.0
4114	51.0
4115	54.0
4116	52.0
4117	65.0
4118	70.0
4119	56.0
4120	53.0
4121	61.0
4122	61.0
4123	55.0
4124	65.0
4125	68.0
4126	70.0
4127	85.0
4128	71.0
4129	68.0
4130	64.0
4131	65.0
4132	65.0
4133	54.0
4134	70.0
4135	45.0
4136	77.0
4137	64.0
4138	65.0
4139	50.0
4140	50.0
4141	72.0
4142	69.0
4143	58.0
4144	48.0
4145	64.0
4146	53.0
4147	80.0
4148	74.0
4149	62.0
4150	65.0
4151	61.0
4152	71.0
4153	63.0
4154	71.0
4155	55.0
4156	73.0
4157	66.0
4158	60.0
4159	65.0
4160	70.0
4161	78.0
4162	72.0
4163	67.0
4164	69.0
4165	69.0
4166	61.0
4167	78.0
4168	91.0
4169	75.0
4170	65.0
4171	71.0
4172	53.0
4173	86.0
4174	70.0
4175	64.0
4176	61.0
4177	61.0
4178	56.0
4179	79.0
4180	87.0
4181	73.0
4182	59.0
4183	65.0
4184	77.0
4185	82.0
4186	77.0
4187	84.0
4188	65.0
4189	59.0
4190	65.0
4191	65.0
4192	64.0
4193	86.0
4194	70.0
4195	76.0
4196	62.0
4197	60.0
4198	63.0
4199	57.0
4200	64.0
4201	79.0
4202	68.0
4203	63.0
4204	74.0
4205	57.0
4206	76.0
4207	80.0
4208	72.0
4209	69.0
4210	67.0
4211	86.0
4212	67.0
4213	73.0
4214	63.0
4215	60.0
4216	58.0
4217	61.0
4218	51.0
4219	68.0
4220	63.0
4221	70.0
4222	70.0
4223	66.0
4224	60.0
4225	60.0
4226	91.0
4227	63.0
4228	58.0
4229	52.0
4230	54.0
4231	62.0
4232	57.0
4233	57.0
4234	60.0
4235	53.0
4236	53.0
4237	43.0
4238	61.0
4239	61.0
4240	63.0
4241	59.0
4242	59.0
4243	46.0
4244	48.0
4245	58.0
4246	59.0
4247	48.0
4248	39.0
4249	52.0
4250	50.0
4251	58.0
4252	64.0
4253	56.0
4254	57.0
4255	49.0
4256	54.0
4257	43.0
4258	40.0
4259	57.0
4260	55.0
4261	51.0
4262	57.0
4263	45.0
4264	51.0
4265	61.0
4266	40.0
4267	48.0
4268	41.0
4269	48.0
4270	44.0
4271	40.0
4272	46.0
4273	42.0
4274	45.0
4275	44.0
4276	37.0
4277	35.0
4278	31.0
4279	41.0
4280	42.0
4281	37.0
4282	42.0
4283	33.0
4284	30.0
4285	36.0
4286	37.0
4287	52.0
4288	28.0
4289	35.0
4290	35.0
4291	37.0
4292	32.0
4293	23.0
4294	33.0
4295	34.0
4296	30.0
4297	31.0
4298	39.0
4299	27.0
4300	29.0
4301	24.0
4302	37.0
4303	27.0
4304	35.0
4305	30.0
4306	35.0
4307	15.0
4308	34.0
4309	35.0
4310	23.0
4311	21.0
4312	37.0
4313	31.0
4314	28.0
4315	30.0
4316	24.0
4317	29.0
4318	30.0
4319	23.0
4320	23.0
4321	16.0
4322	25.0
4323	16.0
4324	20.0
4325	26.0
4326	25.0
4327	27.0
4328	24.0
4329	23.0
4330	17.0
4331	19.0
4332	24.0
4333	19.0
4334	19.0
4335	12.0
4336	22.0
4337	18.0
4338	20.0
4339	23.0
4340	14.0
4341	35.0
4342	22.0
4343	24.0
4344	16.0
4345	18.0
4346	11.0
4347	21.0
4348	24.0
4349	15.0
4350	15.0
4351	9.0
4352	13.0
4353	14.0
4354	16.0
4355	16.0
4356	13.0
4357	12.0
4358	19.0
4359	14.0
4360	6.0
4361	15.0
4362	17.0
4363	13.0
4364	13.0
4365	10.0
4366	16.0
4367	12.0
4368	9.0
4369	14.0
4370	14.0
4371	10.0
4372	15.0
4373	14.0
4374	13.0
4375	9.0
4376	11.0
4377	4.0
4378	10.0
4379	11.0
4380	8.0
4381	14.0
4382	16.0
4383	15.0
4384	7.0
4385	10.0
4386	7.0
4387	8.0
4388	4.0
4389	10.0
4390	12.0
4391	8.0
4392	5.0
4393	11.0
4394	7.0
4395	9.0
4396	9.0
4397	7.0
4398	3.0
4399	9.0
4400	5.0
4401	7.0
4402	4.0
4403	6.0
4404	6.0
4405	7.0
4406	7.0
4407	6.0
4408	8.0
4409	5.0
4410	5.0
4411	6.0
4412	6.0
4413	9.0
4414	9.0
4415	5.0
4416	4.0
4417	5.0
4418	5.0
4419	3.0
4420	5.0
4421	1.0
4422	5.0
4423	3.0
4424	5.0
4425	3.0
4426	0.0
4427	4.0
4428	7.0
4429	6.0
4430	6.0
4431	5.0
4432	2.0
4433	5.0
4434	4.0
4435	3.0
4436	4.0
4437	4.0
4438	4.0
4439	6.0
4440	3.0
4441	5.0
4442	4.0
4443	4.0
4444	4.0
4445	9.0
4446	3.0
4447	4.0
4448	6.0
4449	5.0
4450	6.0
4451	3.0
4452	5.0
4453	5.0
4454	3.0
4455	3.0
4456	2.0
4457	1.0
4458	4.0
4459	3.0
4460	0.0
4461	4.0
4462	4.0
4463	5.0
4464	4.0
4465	1.0
4466	4.0
4467	2.0
4468	2.0
4469	1.0
4470	0.0
4471	4.0
4472	2.0
4473	4.0
4474	5.0
4475	1.0
4476	5.0
4477	3.0
4478	3.0
4479	3.0
4480	4.0
4481	7.0
4482	4.0
4483	6.0
4484	2.0
4485	4.0
4486	3.0
4487	2.0
4488	3.0
4489	1.0
4490	3.0
4491	4.0
4492	1.0
4493	2.0
4494	7.0
4495	2.0
4496	5.0
4497	2.0
4498	3.0
4499	4.0
4500	6.0
4501	6.0
4502	0.0
4503	7.0
4504	4.0
4505	2.0
4506	1.0
4507	4.0
4508	4.0
4509	4.0
4510	3.0
4511	1.0
4512	2.0
4513	5.0
4514	6.0
4515	1.0
4516	1.0
4517	4.0
4518	2.0
4519	2.0
4520	4.0
4521	2.0
4522	1.0
4523	4.0
4524	3.0
4525	3.0
4526	4.0
4527	5.0
4528	4.0
4529	3.0
4530	3.0
4531	4.0
4532	1.0
4533	4.0
4534	4.0
4535	4.0
4536	2.0
4537	7.0
4538	2.0
4539	4.0
4540	1.0
4541	8.0
4542	2.0
4543	3.0
4544	7.0
4545	2.0
4546	9.0
4547	7.0
4548	6.0
4549	5.0
4550	5.0
4551	2.0
4552	3.0
4553	4.0
4554	2.0
4555	2.0
4556	3.0
4557	3.0
4558	2.0
4559	5.0
4560	0.0
4561	5.0
4562	1.0
4563	2.0
4564	4.0
4565	4.0
4566	1.0
4567	1.0
4568	5.0
4569	3.0
4570	3.0
4571	8.0
4572	2.0
4573	3.0
4574	2.0
4575	7.0
4576	5.0
4577	7.0
4578	3.0
4579	4.0
4580	5.0
4581	3.0
4582	2.0
4583	4.0
4584	2.0
4585	8.0
4586	2.0
4587	3.0
4588	5.0
4589	3.0
4590	3.0
4591	3.0
4592	2.0
4593	4.0
4594	3.0
4595	0.0
4596	4.0
4597	2.0
4598	1.0
4599	1.0
4600	3.0
4601	2.0
4602	5.0
4603	9.0
4604	4.0
4605	4.0
4606	4.0
4607	3.0
4608	2.0
4609	2.0
4610	5.0
4611	1.0
4612	8.0
4613	5.0
4614	7.0
4615	7.0
4616	5.0
4617	5.0
4618	3.0
4619	3.0
4620	4.0
4621	3.0
4622	6.0
4623	3.0
4624	7.0
4625	2.0
4626	11.0
4627	4.0
4628	3.0
4629	4.0
4630	1.0
4631	1.0
4632	6.0
4633	4.0
4634	3.0
4635	4.0
4636	4.0
4637	5.0
4638	4.0
4639	4.0
4640	4.0
4641	5.0
4642	5.0
4643	7.0
4644	4.0
4645	5.0
4646	1.0
4647	1.0
4648	7.0
4649	6.0
4650	0.0
4651	4.0
4652	4.0
4653	5.0
4654	3.0
4655	2.0
4656	2.0
4657	5.0
4658	6.0
4659	8.0
4660	3.0
4661	1.0
4662	9.0
4663	5.0
4664	8.0
4665	1.0
4666	5.0
4667	4.0
4668	2.0
4669	1.0
4670	1.0
4671	3.0
4672	3.0
4673	3.0
4674	5.0
4675	1.0
4676	1.0
4677	8.0
4678	4.0
4679	2.0
4680	3.0
4681	0.0
4682	6.0
4683	5.0
4684	5.0
4685	2.0
4686	2.0
4687	3.0
4688	4.0
4689	2.0
4690	2.0
4691	3.0
4692	4.0
4693	4.0
4694	3.0
4695	5.0
4696	2.0
4697	2.0
4698	3.0
4699	4.0
4700	2.0
4701	4.0
4702	3.0
4703	2.0
4704	1.0
4705	10.0
4706	0.0
4707	1.0
4708	3.0
4709	1.0
4710	3.0
4711	2.0
4712	1.0
4713	2.0
4714	0.0
4715	2.0
4716	0.0
4717	5.0
4718	4.0
4719	3.0
4720	4.0
4721	4.0
4722	6.0
4723	3.0
4724	2.0
4725	4.0
4726	2.0
4727	1.0
4728	4.0
4729	3.0
4730	1.0
4731	1.0
4732	5.0
4733	4.0
4734	2.0
4735	5.0
4736	2.0
4737	2.0
4738	2.0
4739	0.0
4740	1.0
4741	4.0
4742	1.0
4743	2.0
4744	2.0
4745	2.0
4746	2.0
4747	1.0
4748	2.0
4749	3.0
4750	0.0
4751	4.0
4752	3.0
4753	3.0
4754	2.0
4755	1.0
4756	3.0
4757	1.0
4758	2.0
4759	2.0
4760	2.0
4761	1.0
4762	4.0
4763	1.0
4764	1.0
4765	3.0
4766	2.0
4767	2.0
4768	4.0
4769	0.0
4770	3.0
4771	8.0
4772	2.0
4773	2.0
4774	1.0
4775	1.0
4776	3.0
4777	1.0
4778	0.0
4779	3.0
4780	3.0
4781	1.0
4782	6.0
4783	3.0
4784	0.0
4785	5.0
4786	1.0
4787	3.0
4788	1.0
4789	1.0
4790	0.0
4791	2.0
4792	1.0
4793	3.0
4794	2.0
4795	3.0
4796	3.0
4797	2.0
4798	1.0
4799	0.0
4800	3.0
4801	0.0
4802	2.0
4803	1.0
4804	1.0
4805	1.0
4806	2.0
4807	0.0
4808	1.0
4809	0.0
4810	2.0
4811	1.0
4812	2.0
4813	4.0
4814	3.0
4815	2.0
4816	3.0
4817	4.0
4818	0.0
4819	0.0
4820	0.0
4821	3.0
4822	3.0
4823	1.0
4824	1.0
4825	3.0
4826	3.0
4827	1.0
4828	3.0
4829	1.0
4830	1.0
4831	3.0
4832	2.0
4833	0.0
4834	0.0
4835	3.0
4836	1.0
4837	1.0
4838	0.0
4839	2.0
4840	2.0
4841	1.0
4842	2.0
4843	2.0
4844	4.0
4845	1.0
4846	1.0
4847	0.0
4848	2.0
4849	1.0
4850	1.0
4851	1.0
4852	2.0
4853	3.0
4854	1.0
4855	2.0
4856	2.0
4857	1.0
4858	1.0
4859	2.0
4860	2.0
4861	0.0
4862	2.0
4863	0.0
4864	0.0
4865	1.0
4866	1.0
4867	0.0
4868	1.0
4869	2.0
4870	1.0
4871	1.0
4872	2.0
4873	0.0
4874	2.0
4875	0.0
4876	1.0
4877	0.0
4878	1.0
4879	1.0
4880	1.0
4881	0.0
4882	1.0
4883	3.0
4884	2.0
4885	1.0
4886	4.0
4887	4.0
4888	0.0
4889	1.0
4890	2.0
4891	2.0
4892	1.0
4893	1.0
4894	1.0
4895	0.0
4896	4.0
4897	2.0
4898	2.0
4899	5.0
4900	2.0
4901	0.0
4902	2.0
4903	0.0
4904	2.0
4905	1.0
4906	2.0
4907	4.0
4908	1.0
4909	0.0
4910	2.0
4911	2.0
4912	3.0
4913	1.0
4914	3.0
4915	3.0
4916	1.0
4917	1.0
4918	1.0
4919	0.0
4920	2.0
4921	1.0
4922	5.0
4923	0.0
4924	0.0
4925	0.0
4926	1.0
4927	0.0
4928	0.0
4929	2.0
4930	2.0
4931	2.0
4932	0.0
4933	2.0
4934	0.0
4935	1.0
4936	1.0
4937	0.0
4938	2.0
4939	0.0
4940	2.0
4941	3.0
4942	1.0
4943	0.0
4944	0.0
4945	1.0
4946	0.0
4947	1.0
4948	1.0
4949	2.0
4950	1.0
4951	1.0
4952	1.0
4953	1.0
4954	2.0
4955	0.0
4956	0.0
4957	1.0
4958	1.0
4959	1.0
4960	0.0
4961	0.0
4962	1.0
4963	1.0
4964	1.0
4965	3.0
4966	2.0
4967	2.0
4968	1.0
4969	3.0
4970	0.0
4971	3.0
4972	0.0
4973	1.0
4974	0.0
4975	1.0
4976	1.0
4977	2.0
4978	0.0
4979	0.0
4980	1.0
4981	0.0
4982	1.0
4983	0.0
4984	0.0
4985	0.0
4986	3.0
4987	1.0
4988	0.0
4989	2.0
4990	1.0
4991	1.0
4992	0.0
4993	1.0
4994	1.0
4995	2.0
4996	2.0
4997	3.0
4998	0.0
4999	1.0
5000	0.0
5001	2.0
5002	0.0
5003	0.0
5004	1.0
5005	3.0
5006	1.0
5007	0.0
5008	0.0
5009	1.0
5010	1.0
5011	0.0
5012	0.0
5013	0.0
5014	3.0
5015	4.0
5016	2.0
5017	0.0
5018	1.0
5019	0.0
5020	1.0
5021	0.0
5022	1.0
5023	4.0
5024	0.0
5025	0.0
5026	0.0
5027	2.0
5028	2.0
5029	0.0
5030	0.0
5031	1.0
5032	1.0
5033	0.0
5034	2.0
5035	2.0
5036	0.0
5037	2.0
5038	1.0
5039	2.0
5040	1.0
5041	2.0
5042	3.0
5043	4.0
5044	0.0
5045	0.0
5046	1.0
5047	0.0
5048	0.0
5049	0.0
5050	2.0
5051	2.0
5052	0.0
5053	2.0
5054	0.0
5055	2.0
5056	0.0
5057	2.0
5058	1.0
5059	0.0
5060	1.0
5061	1.0
5062	2.0
5063	0.0
5064	2.0
5065	3.0
5066	0.0
5067	2.0
5068	2.0
5069	0.0
5070	1.0
5071	1.0
5072	1.0
5073	1.0
5074	1.0
5075	0.0
5076	1.0
5077	2.0
5078	2.0
5079	0.0
5080	1.0
5081	1.0
5082	1.0
5083	1.0
5084	2.0
5085	2.0
5086	2.0
5087	1.0
5088	2.0
5089	0.0
5090	3.0
5091	2.0
5092	2.0
5093	1.0
5094	1.0
5095	0.0
5096	1.0
5097	0.0
5098	2.0
5099	2.0
5100	0.0
5101	0.0
5102	0.0
5103	4.0
5104	2.0
5105	3.0
5106	1.0
5107	1.0
5108	1.0
5109	0.0
5110	3.0
5111	3.0
5112	0.0
5113	2.0
5114	0.0
5115	3.0
5116	0.0
5117	0.0
5118	1.0
5119	1.0
5120	3.0
5121	4.0
5122	0.0
5123	1.0
5124	0.0
5125	0.0
5126	2.0
5127	0.0
5128	2.0
5129	0.0
5130	0.0
5131	1.0
5132	1.0
5133	1.0
5134	2.0
5135	1.0
5136	0.0
5137	5.0
5138	1.0
5139	1.0
5140	3.0
5141	2.0
5142	1.0
5143	3.0
5144	0.0
5145	2.0
5146	3.0
5147	0.0
5148	0.0
5149	0.0
5150	2.0
5151	0.0
5152	1.0
5153	0.0
5154	2.0
5155	2.0
5156	2.0
5157	2.0
5158	1.0
5159	0.0
5160	0.0
5161	0.0
5162	1.0
5163	1.0
5164	0.0
5165	1.0
5166	1.0
5167	0.0
5168	1.0
5169	2.0
5170	1.0
5171	0.0
5172	2.0
5173	0.0
5174	0.0
5175	1.0
5176	1.0
5177	0.0
5178	1.0
5179	0.0
5180	0.0
5181	1.0
5182	1.0
5183	0.0
5184	1.0
5185	0.0
5186	1.0
5187	0.0
5188	0.0
5189	0.0
5190	0.0
5191	0.0
5192	0.0
5193	2.0
5194	1.0
5195	0.0
5196	1.0
5197	2.0
5198	3.0
5199	0.0
5200	1.0
5201	1.0
5202	1.0
5203	3.0
5204	3.0
5205	2.0
5206	1.0
5207	0.0
5208	0.0
5209	2.0
5210	0.0
5211	1.0
5212	3.0
5213	1.0
5214	0.0
5215	2.0
5216	0.0
5217	1.0
5218	0.0
5219	0.0
5220	1.0
5221	1.0
5222	0.0
5223	2.0
5224	0.0
5225	0.0
5226	1.0
5227	0.0
5228	1.0
5229	0.0
5230	1.0
5231	1.0
5232	1.0
5233	1.0
5234	2.0
5235	1.0
5236	0.0
5237	1.0
5238	1.0
5239	1.0
5240	2.0
5241	3.0
5242	2.0
5243	1.0
5244	2.0
5245	2.0
5246	1.0
5247	0.0
5248	1.0
5249	3.0
5250	1.0
5251	1.0
5252	3.0
5253	0.0
5254	1.0
5255	0.0
5256	1.0
5257	0.0
5258	1.0
5259	1.0
5260	1.0
5261	2.0
5262	1.0
5263	0.0
5264	2.0
5265	0.0
5266	1.0
5267	0.0
5268	0.0
5269	3.0
5270	1.0
5271	2.0
5272	0.0
5273	3.0
5274	1.0
5275	0.0
5276	3.0
5277	3.0
5278	4.0
5279	0.0
5280	0.0
5281	1.0
5282	3.0
5283	2.0
5284	0.0
5285	0.0
5286	3.0
5287	1.0
5288	2.0
5289	0.0
5290	0.0
5291	4.0
5292	1.0
5293	2.0
5294	1.0
5295	0.0
5296	0.0
5297	1.0
5298	0.0
5299	2.0
5300	1.0
5301	1.0
5302	0.0
5303	2.0
5304	1.0
5305	0.0
5306	0.0
5307	0.0
5308	3.0
5309	2.0
5310	1.0
5311	3.0
5312	2.0
5313	0.0
5314	0.0
5315	0.0
5316	0.0
5317	5.0
5318	3.0
5319	3.0
5320	3.0
5321	0.0
5322	3.0
5323	0.0
5324	2.0
5325	1.0
5326	2.0
5327	0.0
5328	1.0
5329	0.0
5330	1.0
5331	2.0
5332	1.0
5333	0.0
5334	1.0
5335	0.0
5336	1.0
5337	2.0
5338	2.0
5339	1.0
5340	1.0
5341	0.0
5342	0.0
5343	0.0
5344	2.0
5345	1.0
5346	1.0
5347	2.0
5348	2.0
5349	0.0
5350	2.0
5351	0.0
5352	1.0
5353	2.0
5354	0.0
5355	2.0
5356	2.0
5357	2.0
5358	1.0
5359	2.0
5360	2.0
5361	2.0
5362	2.0
5363	0.0
5364	1.0
5365	1.0
5366	0.0
5367	1.0
5368	3.0
5369	1.0
5370	1.0
5371	1.0
5372	1.0
5373	0.0
5374	1.0
5375	1.0
5376	0.0
5377	0.0
5378	2.0
5379	0.0
5380	3.0
5381	1.0
5382	0.0
5383	2.0
5384	2.0
5385	2.0
5386	3.0
5387	0.0
5388	1.0
5389	0.0
5390	1.0
5391	1.0
5392	1.0
5393	1.0
5394	1.0
5395	3.0
5396	1.0
5397	2.0
5398	1.0
5399	1.0
5400	1.0
5401	1.0
5402	0.0
5403	3.0
5404	1.0
5405	2.0
5406	1.0
5407	1.0
5408	1.0
5409	2.0
5410	2.0
5411	2.0
5412	2.0
5413	1.0
5414	1.0
5415	1.0
5416	3.0
5417	1.0
5418	0.0
5419	1.0
5420	1.0
5421	2.0
5422	1.0
5423	1.0
5424	0.0
5425	2.0
5426	1.0
5427	2.0
5428	2.0
5429	0.0
5430	1.0
5431	1.0
5432	0.0
5433	0.0
5434	2.0
5435	2.0
5436	1.0
5437	3.0
5438	1.0
5439	2.0
5440	0.0
5441	1.0
5442	1.0
5443	0.0
5444	3.0
5445	1.0
5446	0.0
5447	1.0
5448	1.0
5449	1.0
5450	1.0
5451	1.0
5452	1.0
5453	0.0
5454	1.0
5455	3.0
5456	2.0
5457	1.0
5458	3.0
5459	0.0
5460	0.0
5461	0.0
5462	2.0
5463	0.0
5464	0.0
5465	0.0
5466	1.0
5467	0.0
5468	1.0
5469	2.0
5470	3.0
5471	1.0
5472	2.0
5473	3.0
5474	1.0
5475	0.0
5476	4.0
5477	1.0
5478	1.0
5479	2.0
5480	1.0
5481	1.0
5482	0.0
5483	1.0
5484	2.0
5485	0.0
5486	0.0
5487	1.0
5488	0.0
5489	4.0
5490	1.0
5491	0.0
5492	0.0
5493	3.0
5494	0.0
5495	1.0
5496	1.0
5497	1.0
5498	0.0
5499	2.0
5500	0.0
5501	0.0
5502	3.0
5503	2.0
5504	2.0
5505	1.0
5506	1.0
5507	1.0
5508	1.0
5509	1.0
5510	2.0
5511	1.0
5512	0.0
5513	0.0
5514	1.0
5515	2.0
5516	2.0
5517	1.0
5518	0.0
5519	2.0
5520	1.0
5521	3.0
5522	4.0
5523	1.0
5524	3.0
5525	0.0
5526	0.0
5527	1.0
5528	0.0
5529	0.0
5530	3.0
5531	1.0
5532	1.0
5533	1.0
5534	2.0
5535	0.0
5536	2.0
5537	2.0
5538	0.0
5539	1.0
5540	3.0
5541	0.0
5542	0.0
5543	2.0
5544	2.0
5545	2.0
5546	1.0
5547	1.0
5548	1.0
5549	0.0
5550	1.0
5551	1.0
5552	1.0
5553	1.0
5554	1.0
5555	1.0
5556	1.0
5557	0.0
5558	1.0
5559	2.0
5560	2.0
5561	5.0
5562	1.0
5563	2.0
5564	2.0
5565	2.0
5566	0.0
5567	0.0
5568	0.0
5569	1.0
5570	0.0
5571	2.0
5572	3.0
5573	4.0
5574	1.0
5575	1.0
5576	0.0
5577	0.0
5578	1.0
5579	1.0
5580	1.0
5581	2.0
5582	3.0
5583	1.0
5584	1.0
5585	0.0
5586	1.0
5587	0.0
5588	3.0
5589	0.0
5590	0.0
5591	0.0
5592	2.0
5593	0.0
5594	0.0
5595	1.0
5596	0.0
5597	1.0
5598	2.0
5599	0.0
5600	0.0
5601	2.0
5602	1.0
5603	0.0
5604	1.0
5605	1.0
5606	0.0
5607	1.0
5608	0.0
5609	0.0
5610	1.0
5611	1.0
5612	0.0
5613	1.0
5614	1.0
5615	0.0
5616	2.0
5617	1.0
5618	1.0
5619	0.0
5620	1.0
5621	2.0
5622	1.0
5623	0.0
5624	1.0
5625	0.0
5626	0.0
5627	0.0
5628	0.0
5629	0.0
5630	0.0
5631	0.0
5632	0.0
5633	3.0
5634	1.0
5635	1.0
5636	1.0
5637	1.0
5638	0.0
5639	0.0
5640	0.0
5641	0.0
5642	1.0
5643	0.0
5644	0.0
5645	0.0
5646	2.0
5647	0.0
5648	1.0
5649	2.0
5650	2.0
5651	1.0
5652	0.0
5653	2.0
5654	2.0
5655	5.0
5656	2.0
5657	3.0
5658	0.0
5659	1.0
5660	0.0
5661	2.0
5662	0.0
5663	1.0
5664	2.0
5665	1.0
5666	1.0
5667	1.0
5668	1.0
5669	2.0
5670	0.0
5671	1.0
5672	1.0
5673	3.0
5674	0.0
5675	1.0
5676	1.0
5677	0.0
5678	2.0
5679	1.0
5680	0.0
5681	3.0
5682	0.0
5683	3.0
5684	4.0
5685	2.0
5686	0.0
5687	1.0
5688	0.0
5689	1.0
5690	0.0
5691	1.0
5692	0.0
5693	1.0
5694	2.0
5695	1.0
5696	1.0
5697	1.0
5698	2.0
5699	0.0
5700	0.0
5701	0.0
5702	1.0
5703	0.0
5704	2.0
5705	1.0
5706	1.0
5707	1.0
5708	0.0
5709	0.0
5710	0.0
5711	1.0
5712	0.0
5713	0.0
5714	1.0
5715	2.0
5716	1.0
5717	0.0
5718	0.0
5719	0.0
5720	1.0
5721	1.0
5722	0.0
5723	0.0
5724	0.0
5725	1.0
5726	1.0
5727	0.0
5728	0.0
5729	0.0
5730	1.0
5731	1.0
5732	0.0
5733	0.0
5734	1.0
5735	1.0
5736	1.0
5737	0.0
5738	1.0
5739	0.0
5740	1.0
5741	1.0
5742	0.0
5743	1.0
5744	2.0
5745	0.0
5746	1.0
5747	0.0
5748	0.0
5749	3.0
5750	1.0
5751	0.0
5752	0.0
5753	2.0
5754	0.0
5755	0.0
5756	2.0
5757	0.0
5758	0.0
5759	1.0
5760	0.0
5761	0.0
5762	1.0
5763	1.0
5764	1.0
5765	1.0
5766	0.0
5767	0.0
5768	0.0
5769	1.0
5770	1.0
5771	1.0
5772	3.0
5773	0.0
5774	0.0
5775	1.0
5776	0.0
5777	0.0
5778	0.0
5779	0.0
5780	0.0
5781	1.0
5782	0.0
5783	0.0
5784	2.0
5785	1.0
5786	1.0
5787	2.0
5788	0.0
5789	1.0
5790	2.0
5791	2.0
5792	0.0
5793	1.0
5794	0.0
5795	2.0
5796	1.0
5797	2.0
5798	3.0
5799	0.0
5800	0.0
5801	0.0
5802	0.0
5803	0.0
5804	1.0
5805	0.0
5806	0.0
5807	1.0
5808	3.0
5809	1.0
5810	1.0
5811	0.0
5812	0.0
5813	0.0
5814	1.0
5815	0.0
5816	0.0
5817	0.0
5818	1.0
5819	0.0
5820	1.0
5821	0.0
5822	1.0
5823	2.0
5824	0.0
5825	2.0
5826	1.0
5827	0.0
5828	0.0
5829	0.0
5830	0.0
5831	2.0
5832	2.0
5833	0.0
5834	0.0
5835	0.0
5836	1.0
5837	0.0
5838	0.0
5839	0.0
5840	1.0
5841	0.0
5842	0.0
5843	1.0
5844	0.0
5845	0.0
5846	0.0
5847	1.0
5848	0.0
5849	2.0
5850	0.0
5851	1.0
5852	1.0
5853	0.0
5854	0.0
5855	0.0
5856	0.0
5857	0.0
5858	1.0
5859	1.0
5860	0.0
5861	1.0
5862	0.0
5863	2.0
5864	0.0
5865	0.0
5866	0.0
5867	2.0
5868	1.0
5869	1.0
5870	1.0
5871	1.0
5872	0.0
5873	1.0
5874	2.0
5875	2.0
5876	1.0
5877	1.0
5878	0.0
5879	0.0
5880	0.0
5881	0.0
5882	1.0
5883	4.0
5884	2.0
5885	1.0
5886	0.0
5887	0.0
5888	0.0
5889	1.0
5890	1.0
5891	1.0
5892	1.0
5893	2.0
5894	1.0
5895	0.0
5896	1.0
5897	0.0
5898	1.0
5899	0.0
5900	0.0
5901	0.0
5902	0.0
5903	0.0
5904	1.0
5905	1.0
5906	0.0
5907	0.0
5908	3.0
5909	0.0
5910	0.0
5911	0.0
5912	0.0
5913	1.0
5914	0.0
5915	1.0
5916	1.0
5917	2.0
5918	1.0
5919	0.0
5920	0.0
5921	0.0
5922	0.0
5923	0.0
5924	1.0
5925	0.0
5926	0.0
5927	1.0
5928	0.0
5929	0.0
5930	1.0
5931	0.0
5932	0.0
5933	0.0
5934	1.0
5935	0.0
5936	1.0
5937	0.0
5938	2.0
5939	0.0
5940	0.0
5941	0.0
5942	1.0
5943	1.0
5944	1.0
5945	1.0
5946	1.0
5947	1.0
5948	3.0
5949	0.0
5950	0.0
5951	0.0
5952	2.0
5953	0.0
5954	2.0
5955	0.0
5956	0.0
5957	0.0
5958	0.0
5959	0.0
5960	0.0
5961	0.0
5962	1.0
5963	0.0
5964	0.0
5965	0.0
5966	0.0
5967	0.0
5968	0.0
5969	3.0
5970	0.0
5971	0.0
5972	0.0
5973	1.0
5974	0.0
5975	1.0
5976	0.0
5977	0.0
5978	1.0
5979	1.0
5980	1.0
5981	0.0
5982	0.0
5983	0.0
5984	0.0
5985	0.0
5986	1.0
5987	0.0
5988	0.0
5989	1.0
5990	2.0
5991	1.0
5992	0.0
5993	1.0
5994	2.0
5995	1.0
5996	0.0
5997	1.0
5998	1.0
5999	0.0
6000	0.0
6001	1.0
6002	1.0
6003	1.0
6004	1.0
6005	1.0
6006	0.0
6007	0.0
6008	0.0
6009	2.0
6010	0.0
6011	0.0
6012	2.0
6013	1.0
6014	1.0
6015	0.0
6016	0.0
6017	1.0
6018	0.0
6019	0.0
6020	1.0
6021	0.0
6022	0.0
6023	0.0
6024	0.0
6025	3.0
6026	0.0
6027	0.0
6028	0.0
6029	2.0
6030	2.0
6031	0.0
6032	1.0
6033	2.0
6034	1.0
6035	0.0
6036	0.0
6037	0.0
6038	2.0
6039	1.0
6040	1.0
6041	0.0
6042	0.0
6043	0.0
6044	0.0
6045	0.0
6046	1.0
6047	0.0
6048	1.0
6049	0.0
6050	1.0
6051	0.0
6052	2.0
6053	1.0
6054	0.0
6055	0.0
6056	0.0
6057	0.0
6058	0.0
6059	1.0
6060	1.0
6061	0.0
6062	2.0
6063	0.0
6064	1.0
6065	1.0
6066	1.0
6067	1.0
6068	0.0
6069	1.0
6070	0.0
6071	0.0
6072	0.0
6073	5.0
6074	0.0
6075	1.0
6076	0.0
6077	0.0
6078	0.0
6079	0.0
6080	0.0
6081	1.0
6082	1.0
6083	1.0
6084	0.0
6085	1.0
6086	0.0
6087	0.0
6088	0.0
6089	0.0
6090	1.0
6091	0.0
6092	0.0
6093	1.0
6094	0.0
6095	2.0
6096	1.0
6097	0.0
6098	2.0
6099	0.0
6100	0.0
6101	0.0
6102	1.0
6103	0.0
6104	0.0
6105	0.0
6106	1.0
6107	2.0
6108	0.0
6109	1.0
6110	2.0
6111	0.0
6112	1.0
6113	0.0
6114	0.0
6115	1.0
6116	0.0
6117	0.0
6118	0.0
6119	1.0
6120	0.0
6121	0.0
6122	2.0
6123	0.0
6124	0.0
6125	2.0
6126	0.0
6127	2.0
6128	1.0
6129	2.0
6130	1.0
6131	0.0
6132	0.0
6133	0.0
6134	0.0
6135	1.0
6136	1.0
6137	1.0
6138	2.0
6139	1.0
6140	0.0
6141	1.0
6142	0.0
6143	0.0
6144	1.0
6145	1.0
6146	0.0
6147	1.0
6148	0.0
6149	1.0
6150	0.0
6151	0.0
6152	1.0
6153	0.0
6154	1.0
6155	0.0
6156	0.0
6157	1.0
6158	0.0
6159	0.0
6160	1.0
6161	1.0
6162	0.0
6163	0.0
6164	1.0
6165	0.0
6166	0.0
6167	1.0
6168	1.0
6169	0.0
6170	0.0
6171	1.0
6172	2.0
6173	3.0
6174	1.0
6175	0.0
6176	1.0
6177	0.0
6178	1.0
6179	0.0
6180	0.0
6181	0.0
6182	1.0
6183	0.0
6184	0.0
6185	0.0
6186	0.0
6187	0.0
6188	0.0
6189	0.0
6190	0.0
6191	0.0
6192	0.0
6193	0.0
6194	0.0
6195	0.0
6196	1.0
6197	0.0
6198	0.0
6199	0.0
6200	0.0
6201	0.0
6202	0.0
6203	0.0
6204	0.0
6205	0.0
6206	2.0
6207	0.0
6208	0.0
6209	1.0
6210	0.0
6211	0.0
6212	0.0
6213	0.0
6214	0.0
6215	0.0
6216	2.0
6217	0.0
6218	0.0
6219	0.0
6220	1.0
6221	0.0
6222	0.0
6223	1.0
6224	1.0
6225	0.0
6226	1.0
6227	0.0
6228	0.0
6229	0.0
6230	1.0
6231	0.0
6232	0.0
6233	0.0
6234	0.0
6235	0.0
6236	0.0
6237	0.0
6238	1.0
6239	1.0
6240	1.0
6241	1.0
6242	1.0
6243	1.0
6244	0.0
6245	1.0
6246	0.0
6247	1.0
6248	0.0
6249	0.0
6250	0.0
6251	1.0
6252	2.0
6253	0.0
6254	0.0
6255	1.0
6256	1.0
6257	0.0
6258	0.0
6259	1.0
6260	2.0
6261	0.0
6262	0.0
6263	1.0
6264	0.0
6265	1.0
6266	0.0
6267	1.0
6268	1.0
6269	1.0
6270	1.0
6271	2.0
6272	0.0
6273	0.0
6274	1.0
6275	1.0
6276	0.0
6277	0.0
6278	0.0
6279	0.0
6280	0.0
6281	2.0
6282	0.0
6283	0.0
6284	1.0
6285	2.0
6286	0.0
6287	0.0
6288	1.0
6289	1.0
6290	1.0
6291	0.0
6292	0.0
6293	1.0
6294	0.0
6295	1.0
6296	0.0
6297	1.0
6298	1.0
6299	3.0
6300	0.0
6301	0.0
6302	1.0
6303	0.0
6304	1.0
6305	0.0
6306	1.0
6307	1.0
6308	0.0
6309	0.0
6310	0.0
6311	1.0
6312	2.0
6313	0.0
6314	1.0
6315	2.0
6316	0.0
6317	0.0
6318	0.0
6319	0.0
6320	3.0
6321	2.0
6322	1.0
6323	0.0
6324	0.0
6325	0.0
6326	2.0
6327	1.0
6328	1.0
6329	1.0
6330	1.0
6331	0.0
6332	0.0
6333	1.0
6334	0.0
6335	1.0
6336	2.0
6337	0.0
6338	0.0
6339	1.0
6340	0.0
6341	0.0
6342	0.0
6343	0.0
6344	0.0
6345	0.0
6346	1.0
6347	1.0
6348	0.0
6349	0.0
6350	1.0
6351	0.0
6352	1.0
6353	0.0
6354	0.0
6355	1.0
6356	2.0
6357	0.0
6358	1.0
6359	1.0
6360	1.0
6361	1.0
6362	0.0
6363	0.0
6364	0.0
6365	0.0
6366	0.0
6367	1.0
6368	0.0
6369	0.0
6370	0.0
6371	0.0
6372	0.0
6373	0.0
6374	3.0
6375	2.0
6376	0.0
6377	1.0
6378	0.0
6379	1.0
6380	0.0
6381	2.0
6382	1.0
6383	0.0
6384	1.0
6385	0.0
6386	1.0
6387	1.0
6388	0.0
6389	2.0
6390	1.0
6391	0.0
6392	1.0
6393	0.0
6394	1.0
6395	0.0
6396	0.0
6397	0.0
6398	0.0
6399	1.0
6400	2.0
6401	1.0
6402	0.0
6403	0.0
6404	1.0
6405	0.0
6406	0.0
6407	0.0
6408	0.0
6409	1.0
6410	2.0
6411	1.0
6412	0.0
6413	1.0
6414	0.0
6415	0.0
6416	0.0
6417	1.0
6418	1.0
6419	2.0
6420	0.0
6421	0.0
6422	0.0
6423	0.0
6424	0.0
6425	0.0
6426	0.0
6427	0.0
6428	0.0
6429	0.0
6430	1.0
6431	0.0
6432	2.0
6433	1.0
6434	0.0
6435	0.0
6436	1.0
6437	0.0
6438	0.0
6439	1.0
6440	0.0
6441	1.0
6442	0.0
6443	0.0
6444	0.0
6445	1.0
6446	2.0
6447	1.0
6448	0.0
6449	0.0
6450	0.0
6451	1.0
6452	1.0
6453	0.0
6454	0.0
6455	0.0
6456	1.0
6457	0.0
6458	0.0
6459	1.0
6460	0.0
6461	0.0
6462	0.0
6463	0.0
6464	2.0
6465	1.0
6466	0.0
6467	0.0
6468	0.0
6469	0.0
6470	0.0
6471	0.0
6472	0.0
6473	1.0
6474	2.0
6475	0.0
6476	1.0
6477	0.0
6478	0.0
6479	1.0
6480	1.0
6481	2.0
6482	0.0
6483	0.0
6484	0.0
6485	0.0
6486	0.0
6487	0.0
6488	2.0
6489	0.0
6490	0.0
6491	2.0
6492	2.0
6493	2.0
6494	0.0
6495	0.0
6496	1.0
6497	1.0
6498	2.0
6499	1.0
6500	0.0
6501	0.0
6502	3.0
6503	1.0
6504	0.0
6505	1.0
6506	0.0
6507	1.0
6508	0.0
6509	1.0
6510	0.0
6511	1.0
6512	1.0
6513	0.0
6514	0.0
6515	0.0
6516	0.0
6517	2.0
6518	0.0
6519	0.0
6520	0.0
6521	1.0
6522	0.0
6523	1.0
6524	0.0
6525	1.0
6526	0.0
6527	0.0
6528	0.0
6529	1.0
6530	0.0
6531	0.0
6532	0.0
6533	0.0
6534	1.0
6535	1.0
6536	1.0
6537	1.0
6538	2.0
6539	0.0
6540	2.0
6541	0.0
6542	1.0
6543	0.0
6544	0.0
6545	0.0
6546	1.0
6547	0.0
6548	2.0
6549	0.0
6550	0.0
6551	1.0
6552	0.0
6553	1.0
6554	0.0
6555	0.0
6556	2.0
6557	1.0
6558	0.0
6559	0.0
6560	0.0
6561	1.0
6562	1.0
6563	0.0
6564	1.0
6565	0.0
6566	1.0
6567	2.0
6568	1.0
6569	0.0
6570	1.0
6571	2.0
6572	1.0
6573	0.0
6574	1.0
6575	1.0
6576	1.0
6577	0.0
6578	0.0
6579	0.0
6580	0.0
6581	0.0
6582	1.0
6583	1.0
6584	0.0
6585	1.0
6586	0.0
6587	0.0
6588	0.0
6589	1.0
6590	0.0
6591	0.0
6592	1.0
6593	0.0
6594	0.0
6595	1.0
6596	0.0
6597	0.0
6598	1.0
6599	1.0
6600	1.0
6601	0.0
6602	0.0
6603	0.0
6604	2.0
6605	0.0
6606	0.0
6607	1.0
6608	0.0
6609	1.0
6610	0.0
6611	0.0
6612	2.0
6613	1.0
6614	3.0
6615	0.0
6616	0.0
6617	2.0
6618	0.0
6619	1.0
6620	1.0
6621	0.0
6622	0.0
6623	0.0
6624	2.0
6625	2.0
6626	0.0
6627	2.0
6628	1.0
6629	0.0
6630	0.0
6631	0.0
6632	0.0
6633	1.0
6634	1.0
6635	0.0
6636	0.0
6637	0.0
6638	0.0
6639	0.0
6640	0.0
6641	0.0
6642	0.0
6643	1.0
6644	0.0
6645	0.0
6646	0.0
6647	0.0
6648	0.0
6649	0.0
6650	0.0
6651	0.0
6652	0.0
6653	1.0
6654	1.0
6655	0.0
6656	0.0
6657	0.0
6658	2.0
6659	1.0
6660	0.0
6661	1.0
6662	0.0
6663	3.0
6664	1.0
6665	0.0
6666	1.0
6667	1.0
6668	1.0
6669	0.0
6670	0.0
6671	0.0
6672	0.0
6673	0.0
6674	1.0
6675	0.0
6676	1.0
6677	0.0
6678	0.0
6679	1.0
6680	2.0
6681	0.0
6682	0.0
6683	1.0
6684	0.0
6685	0.0
6686	0.0
6687	0.0
6688	1.0
6689	0.0
6690	2.0
6691	0.0
6692	0.0
6693	1.0
6694	0.0
6695	1.0
6696	1.0
6697	3.0
6698	0.0
6699	1.0
6700	0.0
6701	0.0
6702	1.0
6703	0.0
6704	0.0
6705	0.0
6706	0.0
6707	0.0
6708	0.0
6709	2.0
6710	1.0
6711	3.0
6712	0.0
6713	0.0
6714	1.0
6715	1.0
6716	1.0
6717	0.0
6718	0.0
6719	1.0
6720	2.0
6721	0.0
6722	0.0
6723	1.0
6724	1.0
6725	0.0
6726	0.0
6727	0.0
6728	1.0
6729	3.0
6730	1.0
6731	0.0
6732	1.0
6733	0.0
6734	1.0
6735	1.0
6736	1.0
6737	0.0
6738	1.0
6739	0.0
6740	1.0
6741	1.0
6742	0.0
6743	1.0
6744	0.0
6745	3.0
6746	0.0
6747	0.0
6748	0.0
6749	0.0
6750	2.0
6751	1.0
6752	1.0
6753	0.0
6754	0.0
6755	2.0
6756	1.0
6757	2.0
6758	1.0
6759	0.0
6760	0.0
6761	0.0
6762	0.0
6763	0.0
6764	1.0
6765	0.0
6766	0.0
6767	0.0
6768	0.0
6769	2.0
6770	0.0
6771	1.0
6772	1.0
6773	1.0
6774	1.0
6775	1.0
6776	1.0
6777	0.0
6778	2.0
6779	0.0
6780	0.0
6781	0.0
6782	0.0
6783	1.0
6784	1.0
6785	0.0
6786	0.0
6787	0.0
6788	0.0
6789	0.0
6790	0.0
6791	0.0
6792	2.0
6793	1.0
6794	1.0
6795	1.0
6796	1.0
6797	0.0
6798	1.0
6799	0.0
6800	0.0
6801	1.0
6802	2.0
6803	1.0
6804	2.0
6805	1.0
6806	0.0
6807	2.0
6808	0.0
6809	0.0
6810	0.0
6811	0.0
6812	0.0
6813	1.0
6814	0.0
6815	0.0
6816	0.0
6817	0.0
6818	0.0
6819	0.0
6820	0.0
6821	1.0
6822	1.0
6823	2.0
6824	1.0
6825	0.0
6826	1.0
6827	0.0
6828	1.0
6829	0.0
6830	0.0
6831	0.0
6832	0.0
6833	1.0
6834	0.0
6835	1.0
6836	0.0
6837	1.0
6838	0.0
6839	0.0
6840	1.0
6841	0.0
6842	1.0
6843	1.0
6844	0.0
6845	0.0
6846	0.0
6847	0.0
6848	2.0
6849	0.0
6850	0.0
6851	0.0
6852	2.0
6853	0.0
6854	3.0
6855	0.0
6856	1.0
6857	0.0
6858	1.0
6859	1.0
6860	0.0
6861	1.0
6862	2.0
6863	1.0
6864	0.0
6865	1.0
6866	0.0
6867	0.0
6868	2.0
6869	1.0
6870	1.0
6871	0.0
6872	0.0
6873	1.0
6874	0.0
6875	1.0
6876	0.0
6877	2.0
6878	3.0
6879	0.0
6880	1.0
6881	0.0
6882	0.0
6883	0.0
6884	0.0
6885	0.0
6886	1.0
6887	0.0
6888	0.0
6889	0.0
6890	0.0
6891	0.0
6892	0.0
6893	0.0
6894	0.0
6895	0.0
6896	1.0
6897	0.0
6898	1.0
6899	0.0
6900	1.0
6901	1.0
6902	1.0
6903	1.0
6904	1.0
6905	2.0
6906	1.0
6907	1.0
6908	1.0
6909	0.0
6910	0.0
6911	2.0
6912	0.0
6913	0.0
6914	1.0
6915	1.0
6916	1.0
6917	0.0
6918	0.0
6919	0.0
6920	2.0
6921	1.0
6922	2.0
6923	0.0
6924	1.0
6925	4.0
6926	1.0
6927	0.0
6928	0.0
6929	1.0
6930	1.0
6931	4.0
6932	0.0
6933	1.0
6934	0.0
6935	0.0
6936	2.0
6937	0.0
6938	0.0
6939	0.0
6940	1.0
6941	0.0
6942	0.0
6943	1.0
6944	0.0
6945	0.0
6946	2.0
6947	0.0
6948	0.0
6949	0.0
6950	0.0
6951	0.0
6952	0.0
6953	0.0
6954	0.0
6955	0.0
6956	0.0
6957	1.0
6958	1.0
6959	0.0
6960	0.0
6961	0.0
6962	0.0
6963	1.0
6964	1.0
6965	0.0
6966	0.0
6967	0.0
6968	0.0
6969	0.0
6970	0.0
6971	0.0
6972	2.0
6973	1.0
6974	1.0
6975	0.0
6976	0.0
6977	0.0
6978	1.0
6979	2.0
6980	0.0
6981	0.0
6982	0.0
6983	0.0
6984	2.0
6985	1.0
6986	2.0
6987	0.0
6988	0.0
6989	0.0
6990	1.0
6991	0.0
6992	1.0
6993	0.0
6994	0.0
6995	0.0
6996	0.0
6997	0.0
6998	0.0
6999	0.0
7000	1.0
7001	0.0
7002	2.0
7003	1.0
7004	0.0
7005	0.0
7006	0.0
7007	0.0
7008	1.0
7009	1.0
7010	0.0
7011	1.0
7012	0.0
7013	0.0
7014	1.0
7015	0.0
7016	0.0
7017	3.0
7018	0.0
7019	0.0
7020	0.0
7021	1.0
7022	1.0
7023	0.0
7024	0.0
7025	0.0
7026	0.0
7027	0.0
7028	1.0
7029	1.0
7030	1.0
7031	0.0
7032	0.0
7033	0.0
7034	0.0
7035	0.0
7036	0.0
7037	1.0
7038	2.0
7039	0.0
7040	0.0
7041	0.0
7042	3.0
7043	0.0
7044	0.0
7045	1.0
7046	0.0
7047	1.0
7048	1.0
7049	2.0
7050	1.0
7051	0.0
7052	0.0
7053	0.0
7054	2.0
7055	1.0
7056	0.0
7057	0.0
7058	0.0
7059	0.0
7060	1.0
7061	0.0
7062	0.0
7063	0.0
7064	0.0
7065	1.0
7066	2.0
7067	0.0
7068	0.0
7069	0.0
7070	0.0
7071	0.0
7072	0.0
7073	0.0
7074	1.0
7075	2.0
7076	2.0
7077	0.0
7078	1.0
7079	0.0
7080	0.0
7081	1.0
7082	0.0
7083	1.0
7084	1.0
7085	0.0
7086	0.0
7087	1.0
7088	1.0
7089	0.0
7090	0.0
7091	0.0
7092	1.0
7093	0.0
7094	1.0
7095	0.0
7096	2.0
7097	0.0
7098	0.0
7099	0.0
7100	0.0
7101	0.0
7102	1.0
7103	1.0
7104	0.0
7105	1.0
7106	0.0
7107	1.0
7108	0.0
7109	0.0
7110	0.0
7111	0.0
7112	1.0
7113	1.0
7114	0.0
7115	0.0
7116	0.0
7117	1.0
7118	0.0
7119	0.0
7120	0.0
7121	0.0
7122	0.0
7123	1.0
7124	2.0
7125	2.0
7126	0.0
7127	1.0
7128	1.0
7129	0.0
7130	0.0
7131	1.0
7132	2.0
7133	2.0
7134	1.0
7135	1.0
7136	0.0
7137	1.0
7138	0.0
7139	0.0
7140	0.0
7141	0.0
7142	1.0
7143	2.0
7144	1.0
7145	0.0
7146	1.0
7147	0.0
7148	0.0
7149	1.0
7150	0.0
7151	0.0
7152	0.0
7153	0.0
7154	0.0
7155	0.0
7156	0.0
7157	1.0
7158	1.0
7159	0.0
7160	0.0
7161	0.0
7162	0.0
7163	1.0
7164	0.0
7165	0.0
7166	0.0
7167	1.0
7168	0.0
7169	1.0
7170	0.0
7171	0.0
7172	1.0
7173	0.0
7174	2.0
7175	0.0
7176	1.0
7177	0.0
7178	1.0
7179	1.0
7180	0.0
7181	0.0
7182	0.0
7183	1.0
7184	0.0
7185	0.0
7186	1.0
7187	0.0
7188	0.0
7189	0.0
7190	0.0
7191	0.0
7192	1.0
7193	0.0
7194	0.0
7195	0.0
7196	1.0
7197	1.0
7198	1.0
7199	0.0
7200	1.0
7201	0.0
7202	1.0
7203	0.0
7204	0.0
7205	0.0
7206	1.0
7207	0.0
7208	1.0
7209	0.0
7210	0.0
7211	0.0
7212	0.0
7213	1.0
7214	1.0
7215	0.0
7216	1.0
7217	0.0
7218	1.0
7219	0.0
7220	1.0
7221	1.0
7222	0.0
7223	0.0
7224	2.0
7225	1.0
7226	1.0
7227	0.0
7228	0.0
7229	0.0
7230	1.0
7231	4.0
7232	0.0
7233	0.0
7234	0.0
7235	0.0
7236	1.0
7237	0.0
7238	0.0
7239	1.0
7240	0.0
7241	0.0
7242	0.0
7243	0.0
7244	0.0
7245	1.0
7246	2.0
7247	0.0
7248	1.0
7249	1.0
7250	1.0
7251	0.0
7252	1.0
7253	1.0
7254	1.0
7255	0.0
7256	1.0
7257	1.0
7258	1.0
7259	2.0
7260	0.0
7261	1.0
7262	1.0
7263	0.0
7264	0.0
7265	2.0
7266	1.0
7267	0.0
7268	0.0
7269	0.0
7270	0.0
7271	0.0
7272	1.0
7273	1.0
7274	2.0
7275	0.0
7276	1.0
7277	0.0
7278	0.0
7279	0.0
7280	1.0
7281	2.0
7282	1.0
7283	0.0
7284	1.0
7285	2.0
7286	0.0
7287	0.0
7288	1.0
7289	0.0
7290	0.0
7291	0.0
7292	0.0
7293	0.0
7294	0.0
7295	0.0
7296	0.0
7297	0.0
7298	1.0
7299	0.0
7300	1.0
7301	0.0
7302	0.0
7303	1.0
7304	0.0
7305	0.0
7306	0.0
7307	0.0
7308	0.0
7309	0.0
7310	1.0
7311	0.0
7312	2.0
7313	0.0
7314	1.0
7315	0.0
7316	0.0
7317	1.0
7318	0.0
7319	1.0
7320	0.0
7321	0.0
7322	0.0
7323	1.0
7324	0.0
7325	0.0
7326	1.0
7327	0.0
7328	2.0
7329	2.0
7330	0.0
7331	0.0
7332	0.0
7333	1.0
7334	0.0
7335	0.0
7336	0.0
7337	0.0
7338	1.0
7339	1.0
7340	1.0
7341	0.0
7342	1.0
7343	0.0
7344	0.0
7345	1.0
7346	0.0
7347	0.0
7348	1.0
7349	0.0
7350	0.0
7351	1.0
7352	2.0
7353	1.0
7354	0.0
7355	1.0
7356	0.0
7357	0.0
7358	0.0
7359	1.0
7360	2.0
7361	0.0
7362	1.0
7363	0.0
7364	0.0
7365	0.0
7366	1.0
7367	1.0
7368	1.0
7369	1.0
7370	0.0
7371	0.0
7372	0.0
7373	1.0
7374	0.0
7375	1.0
7376	0.0
7377	0.0
7378	0.0
7379	1.0
7380	1.0
7381	2.0
7382	0.0
7383	0.0
7384	0.0
7385	0.0
7386	0.0
7387	0.0
7388	1.0
7389	0.0
7390	0.0
7391	1.0
7392	0.0
7393	0.0
7394	0.0
7395	1.0
7396	0.0
7397	0.0
7398	0.0
7399	0.0
7400	0.0
7401	0.0
7402	0.0
7403	2.0
7404	0.0
7405	0.0
7406	1.0
7407	0.0
7408	0.0
7409	1.0
7410	1.0
7411	1.0
7412	0.0
7413	0.0
7414	0.0
7415	0.0
7416	0.0
7417	1.0
7418	0.0
7419	1.0
7420	0.0
7421	0.0
7422	0.0
7423	1.0
7424	0.0
7425	0.0
7426	1.0
7427	1.0
7428	1.0
7429	0.0
7430	0.0
7431	0.0
7432	0.0
7433	1.0
7434	1.0
7435	0.0
7436	0.0
7437	1.0
7438	1.0
7439	0.0
7440	2.0
7441	1.0
7442	0.0
7443	1.0
7444	0.0
7445	0.0
7446	0.0
7447	0.0
7448	0.0
7449	1.0
7450	2.0
7451	1.0
7452	0.0
7453	0.0
7454	0.0
7455	1.0
7456	0.0
7457	0.0
7458	0.0
7459	0.0
7460	0.0
7461	0.0
7462	1.0
7463	0.0
7464	0.0
7465	1.0
7466	0.0
7467	0.0
7468	0.0
7469	0.0
7470	0.0
7471	0.0
7472	2.0
7473	0.0
7474	0.0
7475	1.0
7476	0.0
7477	1.0
7478	0.0
7479	0.0
7480	0.0
7481	0.0
7482	0.0
7483	0.0
7484	0.0
7485	0.0
7486	0.0
7487	0.0
7488	1.0
7489	0.0
7490	1.0
7491	1.0
7492	0.0
7493	0.0
7494	0.0
7495	1.0
7496	0.0
7497	1.0
7498	0.0
7499	0.0
7500	1.0
7501	1.0
7502	0.0
7503	0.0
7504	0.0
7505	0.0
7506	1.0
7507	1.0
7508	0.0
7509	0.0
7510	0.0
7511	0.0
7512	0.0
7513	0.0
7514	0.0
7515	1.0
7516	0.0
7517	2.0
7518	0.0
7519	1.0
7520	0.0
7521	1.0
7522	0.0
7523	0.0
7524	0.0
7525	0.0
7526	1.0
7527	1.0
7528	0.0
7529	0.0
7530	0.0
7531	3.0
7532	0.0
7533	0.0
7534	0.0
7535	1.0
7536	0.0
7537	0.0
7538	0.0
7539	1.0
7540	0.0
7541	0.0
7542	0.0
7543	0.0
7544	0.0
7545	0.0
7546	1.0
7547	0.0
7548	0.0
7549	1.0
7550	1.0
7551	0.0
7552	0.0
7553	1.0
7554	0.0
7555	0.0
7556	0.0
7557	0.0
7558	0.0
7559	0.0
7560	1.0
7561	0.0
7562	0.0
7563	0.0
7564	0.0
7565	0.0
7566	1.0
7567	0.0
7568	0.0
7569	0.0
7570	0.0
7571	1.0
7572	0.0
7573	0.0
7574	0.0
7575	0.0
7576	0.0
7577	0.0
7578	0.0
7579	0.0
7580	1.0
7581	0.0
7582	0.0
7583	0.0
7584	0.0
7585	1.0
7586	0.0
7587	0.0
7588	1.0
7589	0.0
7590	0.0
7591	1.0
7592	0.0
7593	0.0
7594	0.0
7595	1.0
7596	1.0
7597	0.0
7598	0.0
7599	0.0
7600	1.0
7601	0.0
7602	1.0
7603	0.0
7604	0.0
7605	1.0
7606	0.0
7607	0.0
7608	0.0
7609	1.0
7610	0.0
7611	0.0
7612	0.0
7613	0.0
7614	1.0
7615	0.0
7616	0.0
7617	0.0
7618	0.0
7619	0.0
7620	0.0
7621	0.0
7622	1.0
7623	0.0
7624	0.0
7625	0.0
7626	1.0
7627	0.0
7628	0.0
7629	2.0
7630	2.0
7631	0.0
7632	0.0
7633	0.0
7634	0.0
7635	0.0
7636	0.0
7637	1.0
7638	0.0
7639	1.0
7640	0.0
7641	0.0
7642	0.0
7643	0.0
7644	0.0
7645	0.0
7646	0.0
7647	0.0
7648	0.0
7649	0.0
7650	0.0
7651	0.0
7652	0.0
7653	0.0
7654	0.0
7655	0.0
7656	1.0
7657	0.0
7658	0.0
7659	0.0
7660	0.0
7661	0.0
7662	0.0
7663	0.0
7664	0.0
7665	0.0
7666	0.0
7667	0.0
7668	0.0
7669	1.0
7670	1.0
7671	0.0
7672	0.0
7673	0.0
7674	0.0
7675	0.0
7676	0.0
7677	0.0
7678	0.0
7679	0.0
7680	0.0
7681	1.0
7682	1.0
7683	0.0
7684	0.0
7685	0.0
7686	0.0
7687	0.0
7688	0.0
7689	1.0
7690	0.0
7691	0.0
7692	0.0
7693	0.0
7694	0.0
7695	0.0
7696	0.0
7697	0.0
7698	0.0
7699	0.0
7700	0.0
7701	0.0
7702	0.0
7703	0.0
7704	0.0
7705	0.0
7706	1.0
7707	0.0
7708	0.0
7709	0.0
7710	1.0
7711	0.0
7712	0.0
7713	0.0
7714	0.0
7715	0.0
7716	0.0
7717	0.0
7718	0.0
7719	0.0
7720	1.0
7721	0.0
7722	0.0
7723	0.0
7724	0.0
7725	1.0
7726	0.0
7727	0.0
7728	0.0
7729	0.0
7730	2.0
7731	0.0
7732	2.0
7733	0.0
7734	0.0
7735	0.0
7736	0.0
7737	0.0
7738	0.0
7739	0.0
7740	0.0
7741	0.0
7742	0.0
7743	0.0
7744	0.0
7745	0.0
7746	0.0
7747	0.0
7748	0.0
7749	0.0
7750	0.0
7751	0.0
7752	0.0
7753	0.0
7754	2.0
7755	0.0
7756	0.0
7757	2.0
7758	0.0
7759	0.0
7760	0.0
7761	0.0
7762	0.0
7763	0.0
7764	0.0
7765	0.0
7766	0.0
7767	0.0
7768	0.0
7769	1.0
7770	0.0
7771	1.0
7772	0.0
7773	1.0
7774	0.0
7775	0.0
7776	0.0
7777	2.0
7778	0.0
7779	0.0
7780	0.0
7781	0.0
7782	0.0
7783	0.0
7784	0.0
7785	0.0
7786	0.0
7787	0.0
7788	0.0
7789	0.0
7790	0.0
7791	2.0
7792	0.0
7793	1.0
7794	0.0
7795	0.0
7796	0.0
7797	1.0
7798	0.0
7799	0.0
7800	0.0
7801	0.0
7802	0.0
7803	1.0
7804	0.0
7805	0.0
7806	0.0
7807	0.0
7808	1.0
7809	0.0
7810	0.0
7811	1.0
7812	0.0
7813	0.0
7814	0.0
7815	0.0
7816	0.0
7817	2.0
7818	0.0
7819	1.0
7820	0.0
7821	1.0
7822	0.0
7823	0.0
7824	0.0
7825	0.0
7826	0.0
7827	0.0
7828	0.0
7829	0.0
7830	0.0
7831	0.0
7832	0.0
7833	0.0
7834	0.0
7835	0.0
7836	0.0
7837	0.0
7838	0.0
7839	0.0
7840	0.0
7841	0.0
7842	0.0
7843	0.0
7844	0.0
7845	0.0
7846	0.0
7847	0.0
7848	0.0
7849	0.0
7850	0.0
7851	0.0
7852	0.0
7853	0.0
7854	0.0
7855	0.0
7856	0.0
7857	0.0
7858	1.0
7859	0.0
7860	0.0
7861	0.0
7862	0.0
7863	0.0
7864	0.0
7865	0.0
7866	0.0
7867	0.0
7868	0.0
7869	0.0
7870	1.0
7871	0.0
7872	0.0
7873	0.0
7874	0.0
7875	0.0
7876	0.0
7877	0.0
7878	2.0
7879	0.0
7880	0.0
7881	1.0
7882	0.0
7883	0.0
7884	0.0
7885	1.0
7886	0.0
7887	1.0
7888	0.0
7889	0.0
7890	1.0
7891	1.0
7892	1.0
7893	0.0
7894	1.0
7895	0.0
7896	0.0
7897	0.0
7898	0.0
7899	0.0
7900	0.0
7901	0.0
7902	0.0
7903	0.0
7904	1.0
7905	0.0
7906	0.0
7907	1.0
7908	0.0
7909	0.0
7910	0.0
7911	0.0
7912	0.0
7913	0.0
7914	0.0
7915	0.0
7916	0.0
7917	0.0
7918	0.0
7919	0.0
7920	0.0
7921	0.0
7922	0.0
7923	0.0
7924	0.0
7925	0.0
7926	0.0
7927	0.0
7928	1.0
7929	1.0
7930	0.0
7931	0.0
7932	0.0
7933	0.0
7934	0.0
7935	0.0
7936	0.0
7937	1.0
7938	0.0
7939	0.0
7940	0.0
7941	0.0
7942	0.0
7943	0.0
7944	0.0
7945	0.0
7946	0.0
7947	0.0
7948	0.0
7949	0.0
7950	0.0
7951	0.0
7952	0.0
7953	0.0
7954	0.0
7955	0.0
7956	0.0
7957	2.0
7958	0.0
7959	0.0
7960	1.0
7961	0.0
7962	1.0
7963	0.0
7964	0.0
7965	0.0
7966	1.0
7967	0.0
7968	0.0
7969	0.0
7970	0.0
7971	0.0
7972	0.0
7973	0.0
7974	0.0
7975	0.0
7976	1.0
7977	0.0
7978	0.0
7979	0.0
7980	0.0
7981	0.0
7982	1.0
7983	0.0
7984	0.0
7985	0.0
7986	0.0
7987	0.0
7988	0.0
7989	1.0
7990	0.0
7991	0.0
7992	0.0
7993	0.0
7994	0.0
7995	0.0
7996	0.0
7997	0.0
7998	0.0
7999	0.0
8000	0.0
8001	0.0
8002	0.0
8003	1.0
8004	0.0
8005	1.0
8006	0.0
8007	0.0
8008	0.0
8009	0.0
8010	0.0
8011	0.0
8012	0.0
8013	1.0
8014	1.0
8015	0.0
8016	0.0
8017	0.0
8018	1.0
8019	0.0
8020	0.0
8021	0.0
8022	1.0
8023	0.0
8024	0.0
8025	0.0
8026	1.0
8027	0.0
8028	0.0
8029	0.0
8030	0.0
8031	0.0
8032	1.0
8033	0.0
8034	0.0
8035	2.0
8036	0.0
8037	0.0
8038	1.0
8039	0.0
8040	0.0
8041	0.0
8042	0.0
8043	0.0
8044	0.0
8045	0.0
8046	0.0
8047	0.0
8048	0.0
8049	0.0
8050	2.0
8051	1.0
8052	1.0
8053	0.0
8054	0.0
8055	1.0
8056	0.0
8057	0.0
8058	0.0
8059	0.0
8060	0.0
8061	0.0
8062	0.0
8063	1.0
8064	2.0
8065	0.0
8066	0.0
8067	0.0
8068	1.0
8069	0.0
8070	0.0
8071	0.0
8072	0.0
8073	0.0
8074	1.0
8075	0.0
8076	1.0
8077	0.0
8078	1.0
8079	0.0
8080	0.0
8081	0.0
8082	0.0
8083	0.0
8084	0.0
8085	0.0
8086	0.0
8087	0.0
8088	0.0
8089	2.0
8090	2.0
8091	0.0
8092	0.0
8093	0.0
8094	1.0
8095	0.0
8096	1.0
8097	0.0
8098	0.0
8099	0.0
8100	1.0
8101	0.0
8102	1.0
8103	0.0
8104	0.0
8105	0.0
8106	0.0
8107	0.0
8108	0.0
8109	0.0
8110	1.0
8111	0.0
8112	0.0
8113	1.0
8114	0.0
8115	0.0
8116	0.0
8117	0.0
8118	0.0
8119	0.0
8120	1.0
8121	0.0
8122	0.0
8123	1.0
8124	0.0
8125	1.0
8126	0.0
8127	0.0
8128	0.0
8129	1.0
8130	0.0
8131	0.0
8132	0.0
8133	0.0
8134	0.0
8135	0.0
8136	1.0
8137	0.0
8138	0.0
8139	0.0
8140	0.0
8141	1.0
8142	0.0
8143	0.0
8144	0.0
8145	0.0
8146	0.0
8147	0.0
8148	0.0
8149	0.0
8150	1.0
8151	1.0
8152	0.0
8153	0.0
8154	0.0
8155	0.0
8156	0.0
8157	1.0
8158	0.0
8159	0.0
8160	0.0
8161	1.0
8162	0.0
8163	1.0
8164	1.0
8165	0.0
8166	0.0
8167	0.0
8168	0.0
8169	0.0
8170	0.0
8171	0.0
8172	1.0
8173	0.0
8174	0.0
8175	0.0
8176	0.0
8177	0.0
8178	0.0
8179	0.0
8180	0.0
8181	0.0
8182	0.0
8183	0.0
8184	0.0
8185	2.0
8186	0.0
8187	0.0
8188	0.0
8189	0.0
8190	0.0
8191	0.0
