0	0.0
1	0.0
2	0.0
3	0.0
4	0.0
5	0.0
6	0.0
7	0.0
8	0.0
9	0.0
10	0.0
11	0.0
12	0.0
13	0.0
14	0.0
15	0.0
16	0.0
17	0.0
18	0.0
19	0.0
20	0.0
21	0.0
22	0.0
23	0.0
24	0.0
25	0.0
26	0.0
27	0.0
28	0.0
29	0.0
30	0.0
31	0.0
32	0.0
33	0.0
34	0.0
35	0.0
36	0.0
37	0.0
38	0.0
39	0.0
40	0.0
41	0.0
42	0.0
43	0.0
44	0.0
45	0.0
46	0.0
47	0.0
48	0.0
49	0.0
50	0.0
51	0.0
52	0.0
53	0.0
54	0.0
55	0.0
56	0.0
57	0.0
58	0.0
59	0.0
60	0.0
61	0.0
62	0.0
63	0.0
64	0.0
65	0.0
66	0.0
67	0.0
68	0.0
69	0.0
70	0.0
71	0.0
72	0.0
73	0.0
74	0.0
75	0.0
76	0.0
77	0.0
78	0.0
79	0.0
80	0.0
81	0.0
82	0.0
83	0.0
84	0.0
85	0.0
86	0.0
87	0.0
88	0.0
89	0.0
90	0.0
91	0.0
92	0.0
93	0.0
94	0.0
95	0.0
96	0.0
97	0.0
98	0.0
99	0.0
100	41.0
101	3441.0
102	9271.0
103	1310.0
104	5.0
105	0.0
106	0.0
107	0.0
108	0.0
109	0.0
110	0.0
111	0.0
112	0.0
113	0.0
114	0.0
115	0.0
116	0.0
117	0.0
118	0.0
119	0.0
120	0.0
121	0.0
122	0.0
123	0.0
124	0.0
125	0.0
126	0.0
127	0.0
128	0.0
129	0.0
130	0.0
131	0.0
132	0.0
133	0.0
134	0.0
135	0.0
136	0.0
137	0.0
138	0.0
139	0.0
140	0.0
141	0.0
142	0.0
143	0.0
144	0.0
145	0.0
146	0.0
147	0.0
148	0.0
149	0.0
150	0.0
151	0.0
152	0.0
153	0.0
154	0.0
155	0.0
156	0.0
157	0.0
158	0.0
159	0.0
160	0.0
161	0.0
162	0.0
163	0.0
164	0.0
165	0.0
166	0.0
167	0.0
168	0.0
169	0.0
170	0.0
171	0.0
172	0.0
173	0.0
174	0.0
175	0.0
176	0.0
177	0.0
178	0.0
179	0.0
180	0.0
181	0.0
182	0.0
183	0.0
184	0.0
185	0.0
186	0.0
187	0.0
188	0.0
189	0.0
190	0.0
191	0.0
192	0.0
193	0.0
194	0.0
195	0.0
196	0.0
197	0.0
198	0.0
199	0.0
200	0.0
201	0.0
202	0.0
203	0.0
204	0.0
205	0.0
206	0.0
207	0.0
208	0.0
209	0.0
210	0.0
211	0.0
212	0.0
213	0.0
214	0.0
215	0.0
216	0.0
217	0.0
218	0.0
219	0.0
220	0.0
221	0.0
222	0.0
223	0.0
224	0.0
225	0.0
226	0.0
227	0.0
228	0.0
229	0.0
230	0.0
231	0.0
232	0.0
233	0.0
234	0.0
235	0.0
236	0.0
237	0.0
238	0.0
239	0.0
240	0.0
241	0.0
242	0.0
243	0.0
244	0.0
245	0.0
246	0.0
247	0.0
248	0.0
249	0.0
250	0.0
251	0.0
252	0.0
253	0.0
254	0.0
255	0.0
256	0.0
257	0.0
258	0.0
259	0.0
260	0.0
261	0.0
262	0.0
263	0.0
264	0.0
265	0.0
266	0.0
267	0.0
268	0.0
269	0.0
270	0.0
271	0.0
272	0.0
273	0.0
274	0.0
275	0.0
276	0.0
277	0.0
278	0.0
279	0.0
280	0.0
281	0.0
282	0.0
283	0.0
284	0.0
285	0.0
286	0.0
287	0.0
288	0.0
289	0.0
290	0.0
291	0.0
292	0.0
293	0.0
294	0.0
295	0.0
296	0.0
297	0.0
298	0.0
299	0.0
300	0.0
301	0.0
302	0.0
303	0.0
304	0.0
305	0.0
306	0.0
307	0.0
308	0.0
309	0.0
310	0.0
311	0.0
312	0.0
313	0.0
314	2.0
315	14.0
316	44.0
317	37.0
318	20.0
319	11.0
320	10.0
321	8.0
322	15.0
323	10.0
324	9.0
325	8.0
326	5.0
327	8.0
328	8.0
329	16.0
330	11.0
331	5.0
332	7.0
333	12.0
334	5.0
335	7.0
336	4.0
337	10.0
338	8.0
339	10.0
340	3.0
341	22.0
342	7.0
343	9.0
344	12.0
345	5.0
346	12.0
347	3.0
348	8.0
349	11.0
350	6.0
351	11.0
352	11.0
353	7.0
354	12.0
355	12.0
356	12.0
357	7.0
358	12.0
359	11.0
360	5.0
361	7.0
362	12.0
363	3.0
364	6.0
365	7.0
366	9.0
367	9.0
368	9.0
369	10.0
370	4.0
371	16.0
372	13.0
373	14.0
374	7.0
375	7.0
376	8.0
377	4.0
378	9.0
379	10.0
380	4.0
381	7.0
382	8.0
383	7.0
384	9.0
385	6.0
386	12.0
387	8.0
388	11.0
389	13.0
390	9.0
391	10.0
392	9.0
393	5.0
394	11.0
395	8.0
396	8.0
397	10.0
398	11.0
399	12.0
400	6.0
401	6.0
402	11.0
403	5.0
404	7.0
405	7.0
406	12.0
407	9.0
408	8.0
409	4.0
410	7.0
411	6.0
412	5.0
413	10.0
414	10.0
415	9.0
416	13.0
417	5.0
418	8.0
419	13.0
420	6.0
421	9.0
422	12.0
423	9.0
424	8.0
425	9.0
426	9.0
427	11.0
428	9.0
429	12.0
430	8.0
431	10.0
432	5.0
433	13.0
434	10.0
435	9.0
436	5.0
437	10.0
438	10.0
439	8.0
440	8.0
441	7.0
442	12.0
443	11.0
444	10.0
445	12.0
446	12.0
447	10.0
448	7.0
449	8.0
450	8.0
451	10.0
452	8.0
453	6.0
454	5.0
455	10.0
456	5.0
457	9.0
458	6.0
459	8.0
460	9.0
461	13.0
462	7.0
463	9.0
464	11.0
465	12.0
466	10.0
467	13.0
468	9.0
469	7.0
470	11.0
471	11.0
472	9.0
473	11.0
474	9.0
475	7.0
476	7.0
477	11.0
478	12.0
479	9.0
480	8.0
481	4.0
482	8.0
483	8.0
484	9.0
485	11.0
486	8.0
487	10.0
488	9.0
489	14.0
490	6.0
491	8.0
492	8.0
493	7.0
494	13.0
495	9.0
496	2.0
497	11.0
498	7.0
499	9.0
500	5.0
501	10.0
502	13.0
503	14.0
504	8.0
505	2.0
506	5.0
507	6.0
508	6.0
509	10.0
510	5.0
511	7.0
512	10.0
513	8.0
514	7.0
515	12.0
516	8.0
517	8.0
518	8.0
519	7.0
520	8.0
521	12.0
522	9.0
523	4.0
524	8.0
525	10.0
526	10.0
527	4.0
528	8.0
529	8.0
530	9.0
531	9.0
532	13.0
533	5.0
534	13.0
535	13.0
536	8.0
537	13.0
538	9.0
539	6.0
540	7.0
541	12.0
542	9.0
543	7.0
544	8.0
545	8.0
546	8.0
547	10.0
548	9.0
549	3.0
550	11.0
551	9.0
552	9.0
553	9.0
554	7.0
555	10.0
556	5.0
557	7.0
558	9.0
559	9.0
560	3.0
561	15.0
562	3.0
563	8.0
564	8.0
565	8.0
566	11.0
567	3.0
568	3.0
569	7.0
570	5.0
571	5.0
572	6.0
573	4.0
574	6.0
575	12.0
576	10.0
577	9.0
578	3.0
579	8.0
580	9.0
581	8.0
582	10.0
583	7.0
584	6.0
585	17.0
586	7.0
587	5.0
588	5.0
589	12.0
590	8.0
591	7.0
592	9.0
593	9.0
594	7.0
595	15.0
596	9.0
597	9.0
598	10.0
599	5.0
600	6.0
601	3.0
602	13.0
603	8.0
604	3.0
605	7.0
606	12.0
607	12.0
608	7.0
609	10.0
610	10.0
611	5.0
612	17.0
613	10.0
614	8.0
615	8.0
616	6.0
617	5.0
618	9.0
619	6.0
620	7.0
621	6.0
622	4.0
623	10.0
624	9.0
625	6.0
626	7.0
627	7.0
628	5.0
629	14.0
630	8.0
631	5.0
632	8.0
633	12.0
634	12.0
635	7.0
636	6.0
637	8.0
638	10.0
639	11.0
640	8.0
641	10.0
642	6.0
643	5.0
644	4.0
645	9.0
646	8.0
647	10.0
648	13.0
649	10.0
650	6.0
651	10.0
652	15.0
653	11.0
654	9.0
655	8.0
656	9.0
657	10.0
658	6.0
659	17.0
660	17.0
661	22.0
662	26.0
663	40.0
664	48.0
665	57.0
666	50.0
667	84.0
668	85.0
669	85.0
670	69.0
671	68.0
672	50.0
673	39.0
674	34.0
675	18.0
676	6.0
677	23.0
678	15.0
679	7.0
680	8.0
681	20.0
682	22.0
683	18.0
684	10.0
685	14.0
686	18.0
687	18.0
688	22.0
689	23.0
690	11.0
691	14.0
692	10.0
693	13.0
694	11.0
695	9.0
696	20.0
697	13.0
698	10.0
699	9.0
700	9.0
701	12.0
702	9.0
703	10.0
704	14.0
705	15.0
706	13.0
707	15.0
708	12.0
709	17.0
710	15.0
711	13.0
712	22.0
713	21.0
714	30.0
715	53.0
716	69.0
717	103.0
718	113.0
719	153.0
720	198.0
721	203.0
722	203.0
723	189.0
724	146.0
725	131.0
726	96.0
727	86.0
728	44.0
729	36.0
730	28.0
731	29.0
732	16.0
733	12.0
734	11.0
735	15.0
736	13.0
737	8.0
738	13.0
739	12.0
740	13.0
741	18.0
742	18.0
743	19.0
744	14.0
745	15.0
746	15.0
747	14.0
748	24.0
749	19.0
750	19.0
751	14.0
752	22.0
753	12.0
754	28.0
755	26.0
756	17.0
757	13.0
758	11.0
759	19.0
760	10.0
761	12.0
762	12.0
763	12.0
764	12.0
765	7.0
766	12.0
767	3.0
768	11.0
769	11.0
770	14.0
771	12.0
772	11.0
773	11.0
774	12.0
775	18.0
776	11.0
777	15.0
778	16.0
779	9.0
780	9.0
781	13.0
782	8.0
783	10.0
784	8.0
785	5.0
786	13.0
787	21.0
788	15.0
789	12.0
790	5.0
791	7.0
792	4.0
793	6.0
794	6.0
795	3.0
796	12.0
797	10.0
798	7.0
799	8.0
800	6.0
801	5.0
802	5.0
803	3.0
804	7.0
805	8.0
806	7.0
807	8.0
808	11.0
809	10.0
810	5.0
811	7.0
812	2.0
813	9.0
814	9.0
815	7.0
816	6.0
817	7.0
818	6.0
819	9.0
820	3.0
821	8.0
822	9.0
823	13.0
824	23.0
825	25.0
826	29.0
827	36.0
828	31.0
829	52.0
830	49.0
831	50.0
832	49.0
833	29.0
834	32.0
835	25.0
836	18.0
837	9.0
838	10.0
839	10.0
840	8.0
841	0.0
842	11.0
843	10.0
844	12.0
845	13.0
846	9.0
847	6.0
848	7.0
849	3.0
850	4.0
851	9.0
852	4.0
853	2.0
854	5.0
855	9.0
856	1.0
857	10.0
858	4.0
859	6.0
860	4.0
861	7.0
862	4.0
863	3.0
864	4.0
865	3.0
866	9.0
867	0.0
868	4.0
869	1.0
870	9.0
871	8.0
872	8.0
873	10.0
874	1.0
875	6.0
876	7.0
877	4.0
878	13.0
879	16.0
880	13.0
881	10.0
882	10.0
883	21.0
884	15.0
885	18.0
886	19.0
887	17.0
888	11.0
889	7.0
890	14.0
891	13.0
892	7.0
893	7.0
894	5.0
895	7.0
896	6.0
897	5.0
898	9.0
899	2.0
900	7.0
901	8.0
902	1.0
903	2.0
904	3.0
905	3.0
906	4.0
907	7.0
908	3.0
909	3.0
910	4.0
911	7.0
912	4.0
913	6.0
914	7.0
915	0.0
916	1.0
917	5.0
918	4.0
919	1.0
920	5.0
921	4.0
922	2.0
923	4.0
924	4.0
925	6.0
926	1.0
927	2.0
928	6.0
929	3.0
930	8.0
931	3.0
932	3.0
933	5.0
934	7.0
935	5.0
936	5.0
937	7.0
938	9.0
939	5.0
940	7.0
941	7.0
942	5.0
943	2.0
944	5.0
945	5.0
946	5.0
947	6.0
948	4.0
949	4.0
950	4.0
951	5.0
952	2.0
953	6.0
954	6.0
955	5.0
956	4.0
957	4.0
958	6.0
959	5.0
960	5.0
961	4.0
962	4.0
963	6.0
964	4.0
965	5.0
966	8.0
967	7.0
968	4.0
969	2.0
970	5.0
971	6.0
972	10.0
973	1.0
974	8.0
975	7.0
976	5.0
977	4.0
978	6.0
979	5.0
980	6.0
981	9.0
982	11.0
983	7.0
984	16.0
985	15.0
986	14.0
987	21.0
988	16.0
989	20.0
990	10.0
991	15.0
992	11.0
993	9.0
994	13.0
995	8.0
996	8.0
997	2.0
998	6.0
999	8.0
1000	7.0
1001	1.0
1002	6.0
1003	6.0
1004	5.0
1005	6.0
1006	5.0
1007	5.0
1008	6.0
1009	3.0
1010	10.0
1011	5.0
1012	4.0
1013	4.0
1014	4.0
1015	5.0
1016	9.0
1017	6.0
1018	3.0
1019	4.0
1020	6.0
1021	7.0
1022	8.0
1023	7.0
1024	7.0
1025	10.0
1026	16.0
1027	8.0
1028	6.0
1029	1.0
1030	5.0
1031	1.0
1032	2.0
1033	3.0
1034	8.0
1035	6.0
1036	11.0
1037	5.0
1038	16.0
1039	12.0
1040	10.0
1041	9.0
1042	15.0
1043	12.0
1044	13.0
1045	13.0
1046	7.0
1047	5.0
1048	4.0
1049	10.0
1050	7.0
1051	11.0
1052	5.0
1053	8.0
1054	3.0
1055	3.0
1056	4.0
1057	5.0
1058	9.0
1059	1.0
1060	6.0
1061	7.0
1062	3.0
1063	4.0
1064	7.0
1065	3.0
1066	6.0
1067	7.0
1068	3.0
1069	2.0
1070	5.0
1071	3.0
1072	5.0
1073	6.0
1074	4.0
1075	6.0
1076	5.0
1077	7.0
1078	4.0
1079	9.0
1080	5.0
1081	7.0
1082	11.0
1083	8.0
1084	10.0
1085	9.0
1086	5.0
1087	7.0
1088	11.0
1089	1.0
1090	6.0
1091	5.0
1092	8.0
1093	5.0
1094	5.0
1095	2.0
1096	5.0
1097	7.0
1098	3.0
1099	4.0
1100	5.0
1101	5.0
1102	9.0
1103	5.0
1104	8.0
1105	3.0
1106	8.0
1107	10.0
1108	2.0
1109	8.0
1110	3.0
1111	9.0
1112	5.0
1113	3.0
1114	3.0
1115	7.0
1116	5.0
1117	2.0
1118	4.0
1119	5.0
1120	9.0
1121	7.0
1122	8.0
1123	5.0
1124	5.0
1125	5.0
1126	9.0
1127	8.0
1128	7.0
1129	13.0
1130	8.0
1131	7.0
1132	10.0
1133	6.0
1134	4.0
1135	7.0
1136	3.0
1137	6.0
1138	6.0
1139	4.0
1140	7.0
1141	4.0
1142	7.0
1143	8.0
1144	8.0
1145	7.0
1146	6.0
1147	5.0
1148	8.0
1149	3.0
1150	6.0
1151	5.0
1152	8.0
1153	3.0
1154	3.0
1155	7.0
1156	4.0
1157	5.0
1158	7.0
1159	1.0
1160	7.0
1161	3.0
1162	6.0
1163	15.0
1164	7.0
1165	11.0
1166	1.0
1167	12.0
1168	7.0
1169	8.0
1170	9.0
1171	13.0
1172	6.0
1173	4.0
1174	13.0
1175	14.0
1176	17.0
1177	20.0
1178	28.0
1179	23.0
1180	28.0
1181	35.0
1182	40.0
1183	42.0
1184	48.0
1185	53.0
1186	50.0
1187	68.0
1188	50.0
1189	65.0
1190	64.0
1191	38.0
1192	48.0
1193	39.0
1194	35.0
1195	19.0
1196	21.0
1197	6.0
1198	10.0
1199	9.0
1200	4.0
1201	10.0
1202	6.0
1203	6.0
1204	7.0
1205	9.0
1206	6.0
1207	2.0
1208	7.0
1209	4.0
1210	10.0
1211	4.0
1212	6.0
1213	5.0
1214	9.0
1215	6.0
1216	6.0
1217	8.0
1218	6.0
1219	6.0
1220	8.0
1221	7.0
1222	7.0
1223	6.0
1224	4.0
1225	5.0
1226	6.0
1227	7.0
1228	6.0
1229	4.0
1230	6.0
1231	8.0
1232	5.0
1233	7.0
1234	6.0
1235	15.0
1236	10.0
1237	16.0
1238	17.0
1239	12.0
1240	16.0
1241	6.0
1242	10.0
1243	6.0
1244	7.0
1245	10.0
1246	9.0
1247	8.0
1248	8.0
1249	3.0
1250	5.0
1251	10.0
1252	12.0
1253	8.0
1254	12.0
1255	7.0
1256	15.0
1257	18.0
1258	7.0
1259	13.0
1260	7.0
1261	6.0
1262	12.0
1263	7.0
1264	8.0
1265	4.0
1266	3.0
1267	4.0
1268	2.0
1269	8.0
1270	7.0
1271	2.0
1272	8.0
1273	3.0
1274	6.0
1275	6.0
1276	7.0
1277	6.0
1278	6.0
1279	14.0
1280	14.0
1281	8.0
1282	6.0
1283	10.0
1284	14.0
1285	14.0
1286	13.0
1287	14.0
1288	21.0
1289	26.0
1290	26.0
1291	29.0
1292	44.0
1293	43.0
1294	30.0
1295	46.0
1296	34.0
1297	42.0
1298	36.0
1299	43.0
1300	19.0
1301	31.0
1302	17.0
1303	16.0
1304	16.0
1305	11.0
1306	10.0
1307	17.0
1308	14.0
1309	12.0
1310	9.0
1311	1.0
1312	9.0
1313	6.0
1314	6.0
1315	6.0
1316	6.0
1317	8.0
1318	12.0
1319	9.0
1320	3.0
1321	10.0
1322	6.0
1323	4.0
1324	9.0
1325	4.0
1326	3.0
1327	8.0
1328	5.0
1329	8.0
1330	3.0
1331	4.0
1332	10.0
1333	5.0
1334	5.0
1335	9.0
1336	11.0
1337	8.0
1338	5.0
1339	8.0
1340	5.0
1341	5.0
1342	5.0
1343	9.0
1344	8.0
1345	5.0
1346	1.0
1347	5.0
1348	6.0
1349	5.0
1350	8.0
1351	9.0
1352	2.0
1353	5.0
1354	4.0
1355	6.0
1356	5.0
1357	12.0
1358	6.0
1359	1.0
1360	3.0
1361	11.0
1362	5.0
1363	4.0
1364	6.0
1365	7.0
1366	2.0
1367	4.0
1368	9.0
1369	8.0
1370	6.0
1371	2.0
1372	7.0
1373	5.0
1374	4.0
1375	6.0
1376	6.0
1377	11.0
1378	12.0
1379	6.0
1380	13.0
1381	11.0
1382	4.0
1383	12.0
1384	8.0
1385	2.0
1386	6.0
1387	5.0
1388	5.0
1389	7.0
1390	6.0
1391	5.0
1392	5.0
1393	5.0
1394	5.0
1395	8.0
1396	5.0
1397	6.0
1398	6.0
1399	8.0
1400	14.0
1401	4.0
1402	7.0
1403	8.0
1404	6.0
1405	12.0
1406	11.0
1407	11.0
1408	14.0
1409	10.0
1410	18.0
1411	11.0
1412	8.0
1413	13.0
1414	13.0
1415	11.0
1416	16.0
1417	19.0
1418	10.0
1419	11.0
1420	16.0
1421	9.0
1422	8.0
1423	12.0
1424	9.0
1425	14.0
1426	7.0
1427	8.0
1428	12.0
1429	12.0
1430	6.0
1431	12.0
1432	19.0
1433	13.0
1434	16.0
1435	15.0
1436	18.0
1437	28.0
1438	28.0
1439	26.0
1440	45.0
1441	44.0
1442	52.0
1443	63.0
1444	66.0
1445	73.0
1446	58.0
1447	70.0
1448	51.0
1449	48.0
1450	45.0
1451	31.0
1452	32.0
1453	27.0
1454	33.0
1455	15.0
1456	12.0
1457	10.0
1458	13.0
1459	10.0
1460	14.0
1461	9.0
1462	6.0
1463	9.0
1464	2.0
1465	3.0
1466	7.0
1467	12.0
1468	5.0
1469	7.0
1470	10.0
1471	7.0
1472	8.0
1473	10.0
1474	7.0
1475	9.0
1476	8.0
1477	10.0
1478	15.0
1479	14.0
1480	17.0
1481	22.0
1482	23.0
1483	18.0
1484	29.0
1485	24.0
1486	38.0
1487	48.0
1488	51.0
1489	60.0
1490	65.0
1491	64.0
1492	81.0
1493	75.0
1494	55.0
1495	76.0
1496	68.0
1497	64.0
1498	60.0
1499	66.0
1500	54.0
1501	43.0
1502	55.0
1503	49.0
1504	39.0
1505	36.0
1506	30.0
1507	23.0
1508	19.0
1509	18.0
1510	21.0
1511	9.0
1512	7.0
1513	17.0
1514	10.0
1515	4.0
1516	8.0
1517	7.0
1518	9.0
1519	15.0
1520	5.0
1521	5.0
1522	11.0
1523	12.0
1524	6.0
1525	8.0
1526	14.0
1527	9.0
1528	11.0
1529	4.0
1530	11.0
1531	8.0
1532	8.0
1533	4.0
1534	9.0
1535	5.0
1536	5.0
1537	5.0
1538	12.0
1539	7.0
1540	5.0
1541	13.0
1542	5.0
1543	9.0
1544	8.0
1545	6.0
1546	5.0
1547	6.0
1548	9.0
1549	11.0
1550	7.0
1551	15.0
1552	6.0
1553	5.0
1554	7.0
1555	9.0
1556	8.0
1557	12.0
1558	11.0
1559	19.0
1560	22.0
1561	24.0
1562	29.0
1563	31.0
1564	30.0
1565	27.0
1566	33.0
1567	28.0
1568	63.0
1569	67.0
1570	51.0
1571	65.0
1572	82.0
1573	84.0
1574	73.0
1575	84.0
1576	93.0
1577	87.0
1578	79.0
1579	77.0
1580	70.0
1581	53.0
1582	77.0
1583	49.0
1584	36.0
1585	35.0
1586	38.0
1587	26.0
1588	19.0
1589	20.0
1590	14.0
1591	12.0
1592	15.0
1593	11.0
1594	17.0
1595	6.0
1596	13.0
1597	8.0
1598	10.0
1599	9.0
1600	9.0
1601	5.0
1602	5.0
1603	13.0
1604	3.0
1605	4.0
1606	5.0
1607	6.0
1608	8.0
1609	5.0
1610	5.0
1611	6.0
1612	7.0
1613	14.0
1614	12.0
1615	9.0
1616	8.0
1617	10.0
1618	7.0
1619	7.0
1620	12.0
1621	14.0
1622	17.0
1623	14.0
1624	18.0
1625	14.0
1626	12.0
1627	11.0
1628	5.0
1629	6.0
1630	8.0
1631	5.0
1632	3.0
1633	3.0
1634	7.0
1635	4.0
1636	5.0
1637	7.0
1638	7.0
1639	5.0
1640	13.0
1641	10.0
1642	6.0
1643	6.0
1644	12.0
1645	9.0
1646	6.0
1647	14.0
1648	9.0
1649	9.0
1650	10.0
1651	13.0
1652	7.0
1653	14.0
1654	18.0
1655	13.0
1656	15.0
1657	16.0
1658	22.0
1659	10.0
1660	16.0
1661	13.0
1662	11.0
1663	7.0
1664	4.0
1665	9.0
1666	1.0
1667	9.0
1668	13.0
1669	12.0
1670	13.0
1671	6.0
1672	10.0
1673	9.0
1674	7.0
1675	4.0
1676	11.0
1677	2.0
1678	11.0
1679	4.0
1680	11.0
1681	6.0
1682	17.0
1683	19.0
1684	10.0
1685	11.0
1686	19.0
1687	21.0
1688	15.0
1689	23.0
1690	19.0
1691	9.0
1692	20.0
1693	12.0
1694	15.0
1695	12.0
1696	7.0
1697	10.0
1698	11.0
1699	9.0
1700	6.0
1701	8.0
1702	7.0
1703	11.0
1704	7.0
1705	6.0
1706	15.0
1707	11.0
1708	12.0
1709	10.0
1710	17.0
1711	20.0
1712	16.0
1713	11.0
1714	19.0
1715	8.0
1716	15.0
1717	15.0
1718	18.0
1719	18.0
1720	20.0
1721	15.0
1722	16.0
1723	23.0
1724	23.0
1725	27.0
1726	23.0
1727	20.0
1728	17.0
1729	22.0
1730	12.0
1731	14.0
1732	22.0
1733	18.0
1734	15.0
1735	14.0
1736	3.0
1737	9.0
1738	15.0
1739	5.0
1740	14.0
1741	8.0
1742	19.0
1743	11.0
1744	12.0
1745	8.0
1746	9.0
1747	8.0
1748	9.0
1749	6.0
1750	5.0
1751	4.0
1752	4.0
1753	5.0
1754	6.0
1755	7.0
1756	13.0
1757	4.0
1758	6.0
1759	4.0
1760	10.0
1761	8.0
1762	5.0
1763	3.0
1764	8.0
1765	6.0
1766	1.0
1767	2.0
1768	11.0
1769	7.0
1770	2.0
1771	7.0
1772	4.0
1773	8.0
1774	4.0
1775	0.0
1776	5.0
1777	9.0
1778	9.0
1779	1.0
1780	4.0
1781	5.0
1782	5.0
1783	2.0
1784	6.0
1785	5.0
1786	3.0
1787	9.0
1788	6.0
1789	6.0
1790	5.0
1791	6.0
1792	9.0
1793	3.0
1794	7.0
1795	3.0
1796	5.0
1797	6.0
1798	6.0
1799	4.0
1800	10.0
1801	5.0
1802	8.0
1803	6.0
1804	7.0
1805	11.0
1806	5.0
1807	7.0
1808	3.0
1809	4.0
1810	6.0
1811	6.0
1812	5.0
1813	8.0
1814	9.0
1815	15.0
1816	11.0
1817	9.0
1818	16.0
1819	14.0
1820	18.0
1821	11.0
1822	11.0
1823	8.0
1824	8.0
1825	15.0
1826	12.0
1827	12.0
1828	6.0
1829	10.0
1830	8.0
1831	9.0
1832	9.0
1833	5.0
1834	6.0
1835	3.0
1836	4.0
1837	5.0
1838	7.0
1839	4.0
1840	4.0
1841	3.0
1842	4.0
1843	4.0
1844	4.0
1845	2.0
1846	8.0
1847	5.0
1848	4.0
1849	6.0
1850	6.0
1851	6.0
1852	8.0
1853	3.0
1854	10.0
1855	7.0
1856	2.0
1857	6.0
1858	5.0
1859	2.0
1860	7.0
1861	4.0
1862	5.0
1863	8.0
1864	10.0
1865	3.0
1866	8.0
1867	9.0
1868	9.0
1869	4.0
1870	4.0
1871	8.0
1872	5.0
1873	10.0
1874	11.0
1875	9.0
1876	6.0
1877	8.0
1878	8.0
1879	15.0
1880	13.0
1881	5.0
1882	11.0
1883	11.0
1884	8.0
1885	11.0
1886	9.0
1887	8.0
1888	6.0
1889	6.0
1890	7.0
1891	10.0
1892	11.0
1893	8.0
1894	12.0
1895	12.0
1896	8.0
1897	13.0
1898	7.0
1899	4.0
1900	6.0
1901	9.0
1902	10.0
1903	7.0
1904	10.0
1905	15.0
1906	10.0
1907	14.0
1908	12.0
1909	14.0
1910	14.0
1911	9.0
1912	11.0
1913	23.0
1914	22.0
1915	22.0
1916	30.0
1917	48.0
1918	44.0
1919	60.0
1920	88.0
1921	97.0
1922	107.0
1923	162.0
1924	151.0
1925	176.0
1926	223.0
1927	264.0
1928	307.0
1929	287.0
1930	335.0
1931	295.0
1932	288.0
1933	248.0
1934	200.0
1935	203.0
1936	152.0
1937	133.0
1938	110.0
1939	119.0
1940	91.0
1941	91.0
1942	103.0
1943	121.0
1944	143.0
1945	166.0
1946	210.0
1947	217.0
1948	267.0
1949	254.0
1950	298.0
1951	323.0
1952	323.0
1953	306.0
1954	338.0
1955	308.0
1956	262.0
1957	236.0
1958	172.0
1959	155.0
1960	113.0
1961	85.0
1962	74.0
1963	38.0
1964	32.0
1965	25.0
1966	20.0
1967	16.0
1968	25.0
1969	18.0
1970	12.0
1971	7.0
1972	17.0
1973	11.0
1974	12.0
1975	9.0
1976	7.0
1977	6.0
1978	11.0
1979	7.0
1980	7.0
1981	9.0
1982	11.0
1983	10.0
1984	8.0
1985	6.0
1986	8.0
1987	7.0
1988	14.0
1989	8.0
1990	12.0
1991	9.0
1992	11.0
1993	9.0
1994	8.0
1995	8.0
1996	5.0
1997	5.0
1998	10.0
1999	7.0
2000	13.0
2001	6.0
2002	9.0
2003	10.0
2004	9.0
2005	7.0
2006	6.0
2007	9.0
2008	8.0
2009	6.0
2010	12.0
2011	9.0
2012	7.0
2013	6.0
2014	6.0
2015	10.0
2016	12.0
2017	7.0
2018	7.0
2019	12.0
2020	14.0
2021	9.0
2022	12.0
2023	11.0
2024	11.0
2025	15.0
2026	16.0
2027	21.0
2028	15.0
2029	21.0
2030	17.0
2031	22.0
2032	11.0
2033	8.0
2034	6.0
2035	20.0
2036	12.0
2037	6.0
2038	9.0
2039	14.0
2040	14.0
2041	11.0
2042	12.0
2043	9.0
2044	17.0
2045	15.0
2046	15.0
2047	14.0
2048	19.0
2049	18.0
2050	18.0
2051	13.0
2052	18.0
2053	23.0
2054	15.0
2055	9.0
2056	12.0
2057	13.0
2058	8.0
2059	13.0
2060	8.0
2061	9.0
2062	7.0
2063	6.0
2064	13.0
2065	7.0
2066	6.0
2067	10.0
2068	17.0
2069	8.0
2070	9.0
2071	4.0
2072	9.0
2073	16.0
2074	6.0
2075	6.0
2076	12.0
2077	9.0
2078	10.0
2079	17.0
2080	14.0
2081	13.0
2082	11.0
2083	11.0
2084	4.0
2085	9.0
2086	8.0
2087	10.0
2088	12.0
2089	18.0
2090	7.0
2091	9.0
2092	9.0
2093	11.0
2094	12.0
2095	8.0
2096	9.0
2097	11.0
2098	7.0
2099	11.0
2100	12.0
2101	2.0
2102	10.0
2103	10.0
2104	10.0
2105	9.0
2106	13.0
2107	11.0
2108	11.0
2109	23.0
2110	18.0
2111	24.0
2112	37.0
2113	40.0
2114	57.0
2115	63.0
2116	85.0
2117	86.0
2118	91.0
2119	78.0
2120	95.0
2121	68.0
2122	57.0
2123	35.0
2124	42.0
2125	24.0
2126	23.0
2127	16.0
2128	15.0
2129	12.0
2130	14.0
2131	14.0
2132	9.0
2133	9.0
2134	7.0
2135	13.0
2136	9.0
2137	7.0
2138	7.0
2139	10.0
2140	11.0
2141	11.0
2142	9.0
2143	7.0
2144	8.0
2145	7.0
2146	13.0
2147	16.0
2148	14.0
2149	10.0
2150	14.0
2151	7.0
2152	9.0
2153	10.0
2154	10.0
2155	11.0
2156	4.0
2157	14.0
2158	13.0
2159	15.0
2160	17.0
2161	16.0
2162	19.0
2163	21.0
2164	18.0
2165	14.0
2166	31.0
2167	34.0
2168	25.0
2169	26.0
2170	25.0
2171	23.0
2172	18.0
2173	20.0
2174	15.0
2175	13.0
2176	12.0
2177	10.0
2178	10.0
2179	4.0
2180	16.0
2181	5.0
2182	6.0
2183	8.0
2184	11.0
2185	9.0
2186	6.0
2187	6.0
2188	7.0
2189	10.0
2190	9.0
2191	15.0
2192	7.0
2193	5.0
2194	6.0
2195	11.0
2196	16.0
2197	11.0
2198	13.0
2199	7.0
2200	6.0
2201	8.0
2202	12.0
2203	7.0
2204	10.0
2205	8.0
2206	9.0
2207	9.0
2208	9.0
2209	6.0
2210	8.0
2211	5.0
2212	8.0
2213	7.0
2214	4.0
2215	12.0
2216	10.0
2217	11.0
2218	11.0
2219	7.0
2220	4.0
2221	6.0
2222	10.0
2223	11.0
2224	5.0
2225	8.0
2226	10.0
2227	7.0
2228	11.0
2229	13.0
2230	12.0
2231	19.0
2232	13.0
2233	17.0
2234	13.0
2235	11.0
2236	10.0
2237	10.0
2238	7.0
2239	10.0
2240	6.0
2241	8.0
2242	10.0
2243	7.0
2244	4.0
2245	10.0
2246	5.0
2247	9.0
2248	3.0
2249	5.0
2250	5.0
2251	9.0
2252	7.0
2253	5.0
2254	3.0
2255	8.0
2256	9.0
2257	6.0
2258	5.0
2259	3.0
2260	6.0
2261	4.0
2262	6.0
2263	5.0
2264	9.0
2265	6.0
2266	8.0
2267	13.0
2268	8.0
2269	7.0
2270	15.0
2271	8.0
2272	10.0
2273	13.0
2274	5.0
2275	11.0
2276	17.0
2277	14.0
2278	12.0
2279	19.0
2280	13.0
2281	22.0
2282	16.0
2283	16.0
2284	16.0
2285	22.0
2286	26.0
2287	27.0
2288	31.0
2289	14.0
2290	29.0
2291	25.0
2292	24.0
2293	14.0
2294	15.0
2295	12.0
2296	6.0
2297	13.0
2298	12.0
2299	11.0
2300	14.0
2301	12.0
2302	7.0
2303	6.0
2304	11.0
2305	14.0
2306	8.0
2307	0.0
2308	12.0
2309	11.0
2310	9.0
2311	6.0
2312	13.0
2313	17.0
2314	12.0
2315	2.0
2316	6.0
2317	6.0
2318	9.0
2319	9.0
2320	5.0
2321	6.0
2322	11.0
2323	8.0
2324	8.0
2325	12.0
2326	6.0
2327	6.0
2328	8.0
2329	7.0
2330	4.0
2331	5.0
2332	14.0
2333	5.0
2334	10.0
2335	10.0
2336	6.0
2337	12.0
2338	9.0
2339	7.0
2340	7.0
2341	3.0
2342	5.0
2343	7.0
2344	7.0
2345	4.0
2346	6.0
2347	9.0
2348	6.0
2349	4.0
2350	7.0
2351	6.0
2352	10.0
2353	9.0
2354	6.0
2355	8.0
2356	7.0
2357	7.0
2358	9.0
2359	21.0
2360	18.0
2361	11.0
2362	20.0
2363	30.0
2364	21.0
2365	35.0
2366	45.0
2367	56.0
2368	45.0
2369	53.0
2370	49.0
2371	60.0
2372	65.0
2373	53.0
2374	48.0
2375	30.0
2376	33.0
2377	25.0
2378	16.0
2379	15.0
2380	11.0
2381	15.0
2382	8.0
2383	9.0
2384	10.0
2385	7.0
2386	8.0
2387	12.0
2388	9.0
2389	5.0
2390	11.0
2391	10.0
2392	5.0
2393	3.0
2394	5.0
2395	11.0
2396	8.0
2397	8.0
2398	8.0
2399	11.0
2400	7.0
2401	15.0
2402	6.0
2403	6.0
2404	7.0
2405	13.0
2406	26.0
2407	12.0
2408	21.0
2409	18.0
2410	14.0
2411	33.0
2412	21.0
2413	28.0
2414	31.0
2415	28.0
2416	30.0
2417	32.0
2418	20.0
2419	20.0
2420	19.0
2421	19.0
2422	14.0
2423	21.0
2424	12.0
2425	10.0
2426	10.0
2427	7.0
2428	9.0
2429	4.0
2430	9.0
2431	10.0
2432	11.0
2433	6.0
2434	5.0
2435	8.0
2436	7.0
2437	7.0
2438	9.0
2439	13.0
2440	5.0
2441	8.0
2442	12.0
2443	13.0
2444	20.0
2445	17.0
2446	15.0
2447	28.0
2448	29.0
2449	47.0
2450	44.0
2451	46.0
2452	48.0
2453	45.0
2454	43.0
2455	35.0
2456	42.0
2457	49.0
2458	27.0
2459	30.0
2460	19.0
2461	20.0
2462	25.0
2463	17.0
2464	13.0
2465	16.0
2466	14.0
2467	12.0
2468	3.0
2469	8.0
2470	4.0
2471	6.0
2472	6.0
2473	7.0
2474	2.0
2475	10.0
2476	4.0
2477	4.0
2478	8.0
2479	9.0
2480	7.0
2481	5.0
2482	9.0
2483	9.0
2484	3.0
2485	4.0
2486	9.0
2487	10.0
2488	10.0
2489	8.0
2490	9.0
2491	8.0
2492	14.0
2493	6.0
2494	11.0
2495	9.0
2496	14.0
2497	10.0
2498	6.0
2499	8.0
2500	10.0
2501	9.0
2502	6.0
2503	6.0
2504	7.0
2505	6.0
2506	3.0
2507	3.0
2508	8.0
2509	6.0
2510	5.0
2511	4.0
2512	6.0
2513	6.0
2514	3.0
2515	7.0
2516	9.0
2517	3.0
2518	6.0
2519	7.0
2520	5.0
2521	9.0
2522	7.0
2523	10.0
2524	6.0
2525	5.0
2526	6.0
2527	4.0
2528	8.0
2529	5.0
2530	10.0
2531	9.0
2532	6.0
2533	8.0
2534	9.0
2535	9.0
2536	3.0
2537	6.0
2538	2.0
2539	13.0
2540	8.0
2541	5.0
2542	9.0
2543	5.0
2544	9.0
2545	3.0
2546	8.0
2547	4.0
2548	8.0
2549	13.0
2550	11.0
2551	12.0
2552	9.0
2553	8.0
2554	8.0
2555	8.0
2556	4.0
2557	6.0
2558	12.0
2559	6.0
2560	11.0
2561	6.0
2562	7.0
2563	9.0
2564	6.0
2565	6.0
2566	8.0
2567	11.0
2568	3.0
2569	7.0
2570	4.0
2571	8.0
2572	4.0
2573	9.0
2574	1.0
2575	9.0
2576	7.0
2577	7.0
2578	4.0
2579	10.0
2580	9.0
2581	8.0
2582	7.0
2583	9.0
2584	6.0
2585	6.0
2586	11.0
2587	7.0
2588	5.0
2589	8.0
2590	9.0
2591	6.0
2592	9.0
2593	6.0
2594	5.0
2595	7.0
2596	2.0
2597	8.0
2598	9.0
2599	5.0
2600	9.0
2601	8.0
2602	6.0
2603	11.0
2604	7.0
2605	5.0
2606	10.0
2607	13.0
2608	9.0
2609	5.0
2610	8.0
2611	11.0
2612	9.0
2613	11.0
2614	7.0
2615	9.0
2616	7.0
2617	10.0
2618	8.0
2619	11.0
2620	3.0
2621	10.0
2622	10.0
2623	7.0
2624	3.0
2625	6.0
2626	9.0
2627	4.0
2628	8.0
2629	7.0
2630	12.0
2631	5.0
2632	7.0
2633	9.0
2634	11.0
2635	6.0
2636	8.0
2637	2.0
2638	4.0
2639	11.0
2640	5.0
2641	3.0
2642	1.0
2643	11.0
2644	5.0
2645	10.0
2646	7.0
2647	9.0
2648	9.0
2649	11.0
2650	8.0
2651	6.0
2652	7.0
2653	4.0
2654	12.0
2655	10.0
2656	3.0
2657	10.0
2658	8.0
2659	11.0
2660	8.0
2661	6.0
2662	8.0
2663	8.0
2664	7.0
2665	8.0
2666	7.0
2667	6.0
2668	16.0
2669	5.0
2670	4.0
2671	7.0
2672	5.0
2673	6.0
2674	5.0
2675	12.0
2676	16.0
2677	13.0
2678	8.0
2679	7.0
2680	9.0
2681	12.0
2682	5.0
2683	3.0
2684	7.0
2685	6.0
2686	4.0
2687	5.0
2688	7.0
2689	6.0
2690	10.0
2691	16.0
2692	16.0
2693	8.0
2694	21.0
2695	13.0
2696	5.0
2697	9.0
2698	9.0
2699	8.0
2700	12.0
2701	9.0
2702	7.0
2703	10.0
2704	12.0
2705	8.0
2706	4.0
2707	11.0
2708	3.0
2709	7.0
2710	5.0
2711	7.0
2712	6.0
2713	8.0
2714	8.0
2715	5.0
2716	8.0
2717	7.0
2718	3.0
2719	7.0
2720	6.0
2721	8.0
2722	6.0
2723	8.0
2724	7.0
2725	5.0
2726	4.0
2727	9.0
2728	13.0
2729	10.0
2730	10.0
2731	9.0
2732	10.0
2733	14.0
2734	12.0
2735	11.0
2736	8.0
2737	10.0
2738	15.0
2739	18.0
2740	14.0
2741	9.0
2742	12.0
2743	7.0
2744	9.0
2745	18.0
2746	8.0
2747	7.0
2748	18.0
2749	14.0
2750	13.0
2751	13.0
2752	8.0
2753	9.0
2754	8.0
2755	9.0
2756	7.0
2757	4.0
2758	6.0
2759	10.0
2760	4.0
2761	7.0
2762	4.0
2763	8.0
2764	4.0
2765	9.0
2766	9.0
2767	6.0
2768	6.0
2769	4.0
2770	7.0
2771	9.0
2772	9.0
2773	4.0
2774	10.0
2775	10.0
2776	11.0
2777	9.0
2778	12.0
2779	10.0
2780	10.0
2781	8.0
2782	22.0
2783	21.0
2784	20.0
2785	12.0
2786	25.0
2787	33.0
2788	24.0
2789	20.0
2790	25.0
2791	33.0
2792	24.0
2793	24.0
2794	17.0
2795	19.0
2796	14.0
2797	15.0
2798	13.0
2799	12.0
2800	7.0
2801	9.0
2802	10.0
2803	6.0
2804	6.0
2805	12.0
2806	9.0
2807	7.0
2808	12.0
2809	8.0
2810	6.0
2811	7.0
2812	3.0
2813	4.0
2814	8.0
2815	5.0
2816	12.0
2817	10.0
2818	10.0
2819	9.0
2820	8.0
2821	5.0
2822	7.0
2823	8.0
2824	4.0
2825	8.0
2826	14.0
2827	7.0
2828	4.0
2829	6.0
2830	11.0
2831	5.0
2832	13.0
2833	11.0
2834	7.0
2835	6.0
2836	7.0
2837	9.0
2838	8.0
2839	7.0
2840	5.0
2841	9.0
2842	6.0
2843	12.0
2844	2.0
2845	5.0
2846	3.0
2847	5.0
2848	8.0
2849	9.0
2850	6.0
2851	5.0
2852	2.0
2853	10.0
2854	10.0
2855	5.0
2856	10.0
2857	5.0
2858	4.0
2859	7.0
2860	5.0
2861	5.0
2862	8.0
2863	3.0
2864	9.0
2865	6.0
2866	7.0
2867	10.0
2868	2.0
2869	10.0
2870	9.0
2871	8.0
2872	5.0
2873	4.0
2874	6.0
2875	7.0
2876	9.0
2877	7.0
2878	11.0
2879	10.0
2880	7.0
2881	10.0
2882	8.0
2883	6.0
2884	6.0
2885	8.0
2886	3.0
2887	6.0
2888	14.0
2889	11.0
2890	8.0
2891	7.0
2892	10.0
2893	17.0
2894	9.0
2895	8.0
2896	16.0
2897	17.0
2898	12.0
2899	9.0
2900	13.0
2901	12.0
2902	10.0
2903	12.0
2904	16.0
2905	11.0
2906	13.0
2907	10.0
2908	17.0
2909	9.0
2910	9.0
2911	6.0
2912	6.0
2913	8.0
2914	9.0
2915	14.0
2916	6.0
2917	4.0
2918	6.0
2919	5.0
2920	7.0
2921	6.0
2922	4.0
2923	10.0
2924	8.0
2925	12.0
2926	7.0
2927	9.0
2928	7.0
2929	3.0
2930	6.0
2931	11.0
2932	9.0
2933	13.0
2934	6.0
2935	12.0
2936	9.0
2937	7.0
2938	10.0
2939	14.0
2940	10.0
2941	19.0
2942	8.0
2943	23.0
2944	21.0
2945	18.0
2946	23.0
2947	18.0
2948	16.0
2949	29.0
2950	17.0
2951	11.0
2952	12.0
2953	11.0
2954	11.0
2955	6.0
2956	5.0
2957	6.0
2958	11.0
2959	7.0
2960	8.0
2961	7.0
2962	7.0
2963	8.0
2964	6.0
2965	9.0
2966	9.0
2967	10.0
2968	3.0
2969	8.0
2970	4.0
2971	9.0
2972	9.0
2973	12.0
2974	9.0
2975	5.0
2976	8.0
2977	10.0
2978	6.0
2979	8.0
2980	12.0
2981	7.0
2982	8.0
2983	6.0
2984	4.0
2985	5.0
2986	7.0
2987	5.0
2988	3.0
2989	6.0
2990	4.0
2991	4.0
2992	7.0
2993	3.0
2994	2.0
2995	6.0
2996	8.0
2997	7.0
2998	12.0
2999	4.0
3000	5.0
3001	10.0
3002	14.0
3003	8.0
3004	2.0
3005	4.0
3006	11.0
3007	7.0
3008	7.0
3009	5.0
3010	3.0
3011	8.0
3012	3.0
3013	4.0
3014	7.0
3015	7.0
3016	10.0
3017	8.0
3018	6.0
3019	5.0
3020	4.0
3021	13.0
3022	6.0
3023	5.0
3024	9.0
3025	5.0
3026	5.0
3027	8.0
3028	5.0
3029	7.0
3030	5.0
3031	5.0
3032	8.0
3033	13.0
3034	10.0
3035	4.0
3036	5.0
3037	11.0
3038	9.0
3039	2.0
3040	8.0
3041	6.0
3042	7.0
3043	5.0
3044	9.0
3045	9.0
3046	7.0
3047	9.0
3048	2.0
3049	8.0
3050	3.0
3051	1.0
3052	9.0
3053	3.0
3054	13.0
3055	4.0
3056	5.0
3057	7.0
3058	6.0
3059	9.0
3060	4.0
3061	6.0
3062	9.0
3063	8.0
3064	9.0
3065	7.0
3066	5.0
3067	8.0
3068	9.0
3069	8.0
3070	3.0
3071	13.0
3072	9.0
3073	8.0
3074	5.0
3075	9.0
3076	8.0
3077	8.0
3078	9.0
3079	6.0
3080	13.0
3081	9.0
3082	7.0
3083	11.0
3084	10.0
3085	11.0
3086	10.0
3087	13.0
3088	8.0
3089	12.0
3090	10.0
3091	10.0
3092	10.0
3093	13.0
3094	6.0
3095	9.0
3096	12.0
3097	10.0
3098	6.0
3099	11.0
3100	17.0
3101	21.0
3102	12.0
3103	21.0
3104	26.0
3105	10.0
3106	16.0
3107	8.0
3108	13.0
3109	20.0
3110	8.0
3111	9.0
3112	14.0
3113	15.0
3114	14.0
3115	4.0
3116	4.0
3117	7.0
3118	9.0
3119	7.0
3120	9.0
3121	12.0
3122	15.0
3123	4.0
3124	7.0
3125	11.0
3126	6.0
3127	9.0
3128	9.0
3129	12.0
3130	9.0
3131	11.0
3132	5.0
3133	7.0
3134	11.0
3135	5.0
3136	10.0
3137	9.0
3138	10.0
3139	5.0
3140	6.0
3141	13.0
3142	10.0
3143	11.0
3144	10.0
3145	9.0
3146	10.0
3147	14.0
3148	7.0
3149	12.0
3150	8.0
3151	8.0
3152	6.0
3153	3.0
3154	8.0
3155	16.0
3156	7.0
3157	5.0
3158	17.0
3159	8.0
3160	11.0
3161	10.0
3162	21.0
3163	19.0
3164	28.0
3165	41.0
3166	43.0
3167	43.0
3168	54.0
3169	63.0
3170	64.0
3171	76.0
3172	76.0
3173	67.0
3174	69.0
3175	71.0
3176	48.0
3177	31.0
3178	29.0
3179	25.0
3180	21.0
3181	18.0
3182	15.0
3183	16.0
3184	12.0
3185	6.0
3186	6.0
3187	8.0
3188	10.0
3189	14.0
3190	14.0
3191	10.0
3192	8.0
3193	7.0
3194	8.0
3195	13.0
3196	11.0
3197	20.0
3198	9.0
3199	17.0
3200	12.0
3201	12.0
3202	7.0
3203	12.0
3204	16.0
3205	11.0
3206	10.0
3207	5.0
3208	10.0
3209	11.0
3210	9.0
3211	13.0
3212	7.0
3213	11.0
3214	4.0
3215	6.0
3216	7.0
3217	9.0
3218	6.0
3219	4.0
3220	8.0
3221	16.0
3222	6.0
3223	8.0
3224	10.0
3225	12.0
3226	5.0
3227	4.0
3228	11.0
3229	10.0
3230	6.0
3231	13.0
3232	10.0
3233	4.0
3234	4.0
3235	11.0
3236	9.0
3237	5.0
3238	7.0
3239	12.0
3240	7.0
3241	12.0
3242	10.0
3243	11.0
3244	7.0
3245	6.0
3246	11.0
3247	12.0
3248	9.0
3249	7.0
3250	10.0
3251	7.0
3252	5.0
3253	11.0
3254	7.0
3255	3.0
3256	8.0
3257	13.0
3258	6.0
3259	9.0
3260	14.0
3261	11.0
3262	11.0
3263	4.0
3264	5.0
3265	8.0
3266	10.0
3267	6.0
3268	6.0
3269	8.0
3270	2.0
3271	3.0
3272	11.0
3273	5.0
3274	6.0
3275	8.0
3276	8.0
3277	3.0
3278	12.0
3279	4.0
3280	7.0
3281	8.0
3282	8.0
3283	9.0
3284	8.0
3285	10.0
3286	9.0
3287	6.0
3288	3.0
3289	9.0
3290	7.0
3291	7.0
3292	4.0
3293	7.0
3294	7.0
3295	5.0
3296	6.0
3297	11.0
3298	7.0
3299	7.0
3300	7.0
3301	1.0
3302	7.0
3303	6.0
3304	4.0
3305	10.0
3306	9.0
3307	3.0
3308	8.0
3309	8.0
3310	4.0
3311	8.0
3312	3.0
3313	7.0
3314	11.0
3315	7.0
3316	6.0
3317	12.0
3318	8.0
3319	7.0
3320	6.0
3321	8.0
3322	5.0
3323	10.0
3324	8.0
3325	9.0
3326	4.0
3327	10.0
3328	5.0
3329	11.0
3330	6.0
3331	5.0
3332	3.0
3333	2.0
3334	9.0
3335	12.0
3336	9.0
3337	9.0
3338	7.0
3339	6.0
3340	6.0
3341	4.0
3342	6.0
3343	5.0
3344	10.0
3345	8.0
3346	0.0
3347	8.0
3348	4.0
3349	7.0
3350	10.0
3351	2.0
3352	6.0
3353	6.0
3354	6.0
3355	5.0
3356	6.0
3357	5.0
3358	7.0
3359	5.0
3360	1.0
3361	9.0
3362	7.0
3363	6.0
3364	4.0
3365	6.0
3366	2.0
3367	6.0
3368	7.0
3369	11.0
3370	3.0
3371	1.0
3372	4.0
3373	4.0
3374	4.0
3375	11.0
3376	9.0
3377	4.0
3378	5.0
3379	6.0
3380	5.0
3381	11.0
3382	8.0
3383	9.0
3384	2.0
3385	6.0
3386	7.0
3387	3.0
3388	2.0
3389	3.0
3390	7.0
3391	9.0
3392	4.0
3393	7.0
3394	5.0
3395	7.0
3396	5.0
3397	4.0
3398	6.0
3399	14.0
3400	6.0
3401	4.0
3402	8.0
3403	5.0
3404	9.0
3405	11.0
3406	9.0
3407	10.0
3408	3.0
3409	4.0
3410	3.0
3411	9.0
3412	8.0
3413	3.0
3414	9.0
3415	4.0
3416	11.0
3417	2.0
3418	5.0
3419	4.0
3420	6.0
3421	3.0
3422	10.0
3423	8.0
3424	9.0
3425	11.0
3426	6.0
3427	8.0
3428	7.0
3429	5.0
3430	7.0
3431	9.0
3432	6.0
3433	8.0
3434	5.0
3435	9.0
3436	4.0
3437	7.0
3438	7.0
3439	6.0
3440	9.0
3441	5.0
3442	6.0
3443	9.0
3444	4.0
3445	7.0
3446	6.0
3447	7.0
3448	7.0
3449	5.0
3450	8.0
3451	8.0
3452	11.0
3453	8.0
3454	4.0
3455	6.0
3456	9.0
3457	3.0
3458	6.0
3459	7.0
3460	12.0
3461	4.0
3462	3.0
3463	3.0
3464	7.0
3465	6.0
3466	6.0
3467	10.0
3468	11.0
3469	6.0
3470	8.0
3471	7.0
3472	13.0
3473	5.0
3474	1.0
3475	9.0
3476	6.0
3477	10.0
3478	5.0
3479	7.0
3480	7.0
3481	5.0
3482	6.0
3483	8.0
3484	11.0
3485	5.0
3486	5.0
3487	8.0
3488	4.0
3489	5.0
3490	2.0
3491	3.0
3492	7.0
3493	6.0
3494	11.0
3495	6.0
3496	3.0
3497	4.0
3498	8.0
3499	4.0
3500	6.0
3501	5.0
3502	2.0
3503	8.0
3504	6.0
3505	9.0
3506	9.0
3507	10.0
3508	7.0
3509	7.0
3510	7.0
3511	6.0
3512	7.0
3513	7.0
3514	9.0
3515	3.0
3516	10.0
3517	7.0
3518	6.0
3519	2.0
3520	5.0
3521	10.0
3522	6.0
3523	8.0
3524	10.0
3525	10.0
3526	6.0
3527	10.0
3528	12.0
3529	11.0
3530	9.0
3531	6.0
3532	4.0
3533	8.0
3534	4.0
3535	11.0
3536	9.0
3537	6.0
3538	9.0
3539	7.0
3540	6.0
3541	6.0
3542	10.0
3543	11.0
3544	6.0
3545	5.0
3546	13.0
3547	8.0
3548	10.0
3549	5.0
3550	4.0
3551	6.0
3552	5.0
3553	6.0
3554	3.0
3555	5.0
3556	12.0
3557	6.0
3558	3.0
3559	7.0
3560	7.0
3561	13.0
3562	6.0
3563	3.0
3564	8.0
3565	12.0
3566	10.0
3567	8.0
3568	6.0
3569	1.0
3570	5.0
3571	6.0
3572	5.0
3573	8.0
3574	4.0
3575	6.0
3576	7.0
3577	4.0
3578	8.0
3579	4.0
3580	5.0
3581	8.0
3582	7.0
3583	4.0
3584	8.0
3585	10.0
3586	6.0
3587	10.0
3588	7.0
3589	5.0
3590	5.0
3591	11.0
3592	5.0
3593	9.0
3594	8.0
3595	7.0
3596	3.0
3597	5.0
3598	10.0
3599	7.0
3600	7.0
3601	4.0
3602	8.0
3603	10.0
3604	8.0
3605	10.0
3606	6.0
3607	8.0
3608	6.0
3609	10.0
3610	8.0
3611	8.0
3612	6.0
3613	12.0
3614	5.0
3615	7.0
3616	11.0
3617	4.0
3618	9.0
3619	5.0
3620	7.0
3621	3.0
3622	8.0
3623	8.0
3624	7.0
3625	5.0
3626	3.0
3627	5.0
3628	2.0
3629	11.0
3630	6.0
3631	8.0
3632	4.0
3633	7.0
3634	8.0
3635	6.0
3636	6.0
3637	9.0
3638	10.0
3639	5.0
3640	8.0
3641	6.0
3642	7.0
3643	6.0
3644	5.0
3645	5.0
3646	8.0
3647	8.0
3648	4.0
3649	4.0
3650	10.0
3651	6.0
3652	6.0
3653	9.0
3654	8.0
3655	3.0
3656	10.0
3657	8.0
3658	10.0
3659	9.0
3660	5.0
3661	4.0
3662	7.0
3663	2.0
3664	8.0
3665	9.0
3666	7.0
3667	10.0
3668	8.0
3669	4.0
3670	9.0
3671	6.0
3672	9.0
3673	13.0
3674	4.0
3675	9.0
3676	13.0
3677	5.0
3678	12.0
3679	10.0
3680	15.0
3681	8.0
3682	13.0
3683	9.0
3684	6.0
3685	11.0
3686	4.0
3687	11.0
3688	8.0
3689	2.0
3690	5.0
3691	8.0
3692	12.0
3693	8.0
3694	7.0
3695	8.0
3696	11.0
3697	13.0
3698	15.0
3699	9.0
3700	8.0
3701	5.0
3702	11.0
3703	8.0
3704	8.0
3705	8.0
3706	14.0
3707	5.0
3708	11.0
3709	4.0
3710	5.0
3711	9.0
3712	7.0
3713	9.0
3714	6.0
3715	8.0
3716	7.0
3717	6.0
3718	10.0
3719	12.0
3720	8.0
3721	7.0
3722	5.0
3723	4.0
3724	6.0
3725	12.0
3726	3.0
3727	15.0
3728	4.0
3729	9.0
3730	8.0
3731	11.0
3732	7.0
3733	11.0
3734	6.0
3735	12.0
3736	7.0
3737	5.0
3738	12.0
3739	4.0
3740	4.0
3741	10.0
3742	6.0
3743	15.0
3744	13.0
3745	9.0
3746	11.0
3747	11.0
3748	5.0
3749	7.0
3750	7.0
3751	6.0
3752	9.0
3753	8.0
3754	7.0
3755	9.0
3756	8.0
3757	11.0
3758	8.0
3759	11.0
3760	11.0
3761	10.0
3762	5.0
3763	13.0
3764	12.0
3765	9.0
3766	8.0
3767	13.0
3768	11.0
3769	19.0
3770	24.0
3771	29.0
3772	25.0
3773	42.0
3774	44.0
3775	64.0
3776	63.0
3777	57.0
3778	58.0
3779	76.0
3780	50.0
3781	44.0
3782	36.0
3783	37.0
3784	32.0
3785	28.0
3786	35.0
3787	37.0
3788	41.0
3789	52.0
3790	58.0
3791	76.0
3792	93.0
3793	101.0
3794	101.0
3795	106.0
3796	96.0
3797	82.0
3798	84.0
3799	59.0
3800	38.0
3801	37.0
3802	22.0
3803	22.0
3804	21.0
3805	16.0
3806	14.0
3807	7.0
3808	7.0
3809	10.0
3810	11.0
3811	9.0
3812	20.0
3813	9.0
3814	10.0
3815	15.0
3816	11.0
3817	6.0
3818	9.0
3819	9.0
3820	11.0
3821	5.0
3822	8.0
3823	11.0
3824	12.0
3825	14.0
3826	10.0
3827	10.0
3828	8.0
3829	11.0
3830	17.0
3831	9.0
3832	6.0
3833	8.0
3834	3.0
3835	8.0
3836	12.0
3837	9.0
3838	11.0
3839	5.0
3840	13.0
3841	5.0
3842	10.0
3843	10.0
3844	13.0
3845	8.0
3846	8.0
3847	8.0
3848	11.0
3849	8.0
3850	10.0
3851	9.0
3852	9.0
3853	9.0
3854	11.0
3855	9.0
3856	14.0
3857	7.0
3858	9.0
3859	13.0
3860	10.0
3861	7.0
3862	7.0
3863	10.0
3864	8.0
3865	8.0
3866	13.0
3867	7.0
3868	6.0
3869	11.0
3870	6.0
3871	10.0
3872	12.0
3873	5.0
3874	14.0
3875	15.0
3876	12.0
3877	11.0
3878	9.0
3879	13.0
3880	11.0
3881	18.0
3882	20.0
3883	23.0
3884	32.0
3885	35.0
3886	60.0
3887	67.0
3888	91.0
3889	112.0
3890	115.0
3891	100.0
3892	96.0
3893	60.0
3894	40.0
3895	25.0
3896	20.0
3897	13.0
3898	10.0
3899	12.0
3900	3.0
3901	15.0
3902	13.0
3903	6.0
3904	12.0
3905	12.0
3906	17.0
3907	19.0
3908	15.0
3909	13.0
3910	12.0
3911	16.0
3912	14.0
3913	6.0
3914	14.0
3915	6.0
3916	5.0
3917	8.0
3918	3.0
3919	6.0
3920	9.0
3921	11.0
3922	6.0
3923	10.0
3924	8.0
3925	4.0
3926	10.0
3927	10.0
3928	8.0
3929	8.0
3930	7.0
3931	9.0
3932	14.0
3933	7.0
3934	9.0
3935	9.0
3936	11.0
3937	7.0
3938	7.0
3939	8.0
3940	8.0
3941	8.0
3942	8.0
3943	5.0
3944	6.0
3945	11.0
3946	14.0
3947	7.0
3948	11.0
3949	12.0
3950	21.0
3951	19.0
3952	15.0
3953	10.0
3954	9.0
3955	11.0
3956	8.0
3957	4.0
3958	6.0
3959	4.0
3960	6.0
3961	11.0
3962	5.0
3963	8.0
3964	6.0
3965	7.0
3966	2.0
3967	8.0
3968	6.0
3969	8.0
3970	7.0
3971	4.0
3972	7.0
3973	10.0
3974	4.0
3975	2.0
3976	5.0
3977	7.0
3978	4.0
3979	3.0
3980	1.0
3981	5.0
3982	4.0
3983	3.0
3984	4.0
3985	6.0
3986	4.0
3987	3.0
3988	4.0
3989	5.0
3990	6.0
3991	8.0
3992	7.0
3993	7.0
3994	6.0
3995	4.0
3996	3.0
3997	3.0
3998	4.0
3999	5.0
4000	6.0
4001	4.0
4002	6.0
4003	2.0
4004	5.0
4005	5.0
4006	4.0
4007	7.0
4008	6.0
4009	4.0
4010	3.0
4011	4.0
4012	3.0
4013	5.0
4014	6.0
4015	2.0
4016	3.0
4017	4.0
4018	5.0
4019	5.0
4020	3.0
4021	1.0
4022	5.0
4023	1.0
4024	5.0
4025	2.0
4026	3.0
4027	5.0
4028	7.0
4029	13.0
4030	18.0
4031	19.0
4032	13.0
4033	18.0
4034	8.0
4035	7.0
4036	2.0
4037	5.0
4038	8.0
4039	4.0
4040	1.0
4041	2.0
4042	5.0
4043	7.0
4044	6.0
4045	5.0
4046	4.0
4047	4.0
4048	4.0
4049	8.0
4050	7.0
4051	7.0
4052	5.0
4053	8.0
4054	6.0
4055	14.0
4056	15.0
4057	29.0
4058	22.0
4059	38.0
4060	47.0
4061	69.0
4062	65.0
4063	89.0
4064	87.0
4065	122.0
4066	126.0
4067	140.0
4068	181.0
4069	205.0
4070	208.0
4071	172.0
4072	172.0
4073	190.0
4074	195.0
4075	202.0
4076	207.0
4077	230.0
4078	226.0
4079	226.0
4080	221.0
4081	193.0
4082	153.0
4083	144.0
4084	160.0
4085	145.0
4086	144.0
4087	121.0
4088	94.0
4089	39.0
4090	20.0
4091	8.0
4092	13.0
4093	0.0
4094	0.0
4095	0.0
