0		0.000000
1		0.000000
2		0.000000
3		0.000000
4		0.000000
5		0.000000
6		0.000000
7		0.000000
8		0.000000
9		0.000000
10		0.000000
11		0.000000
12		0.000000
13		0.000000
14		0.000000
15		0.000000
16		0.000000
17		0.000000
18		0.000000
19		0.000000
20		0.000000
21		0.000000
22		0.000000
23		0.000000
24		0.000000
25		0.000000
26		0.000000
27		0.000000
28		0.000000
29		0.000000
30		0.000000
31		0.000000
32		0.000000
33		0.000000
34		0.000000
35		0.000000
36		0.000000
37		0.000000
38		0.000000
39		0.000000
40		0.000000
41		0.000000
42		0.000000
43		0.000000
44		0.000000
45		0.000000
46		0.000000
47		0.000000
48		0.000000
49		0.000000
50		0.000000
51		0.000000
52		0.000000
53		0.000000
54		0.000000
55		0.000000
56		0.000000
57		0.000000
58		0.000000
59		0.000000
60		0.000000
61		0.000000
62		0.000000
63		0.000000
64		0.000000
65		0.000000
66		0.000000
67		0.000000
68		0.000000
69		0.000000
70		0.000000
71		0.000000
72		0.000000
73		0.000000
74		0.000000
75		0.000000
76		0.000000
77		0.000000
78		0.000000
79		0.000000
80		0.000000
81		0.000000
82		0.000000
83		0.000000
84		0.000000
85		0.000000
86		0.000000
87		0.000000
88		0.000000
89		0.000000
90		0.000000
91		0.000000
92		0.000000
93		0.000000
94		0.000000
95		0.000000
96		0.000000
97		0.000000
98		0.000000
99		0.000000
100		0.000000
101		0.000000
102		0.000000
103		0.000000
104		0.000000
105		0.000000
106		0.000000
107		0.000000
108		0.000000
109		0.000000
110		0.000000
111		0.000000
112		0.000000
113		0.000000
114		0.000000
115		0.000000
116		0.000000
117		0.000000
118		0.000000
119		0.000000
120		0.000000
121		0.000000
122		0.000000
123		0.000000
124		0.000000
125		0.000000
126		0.000000
127		0.000000
128		0.000000
129		0.000000
130		0.000000
131		0.000000
132		0.000000
133		0.000000
134		0.000000
135		0.000000
136		0.000000
137		0.000000
138		0.000000
139		0.000000
140		0.000000
141		0.000000
142		0.000000
143		0.000000
144		0.000000
145		0.000000
146		0.000000
147		0.000000
148		0.000000
149		0.000000
150		0.000000
151		0.000000
152		0.000000
153		0.000000
154		0.000000
155		0.000000
156		0.000000
157		0.000000
158		0.000000
159		0.000000
160		0.000000
161		0.000000
162		0.000000
163		0.000000
164		0.000000
165		0.000000
166		0.000000
167		0.000000
168		0.000000
169		0.000000
170		0.000000
171		0.000000
172		0.000000
173		0.000000
174		0.000000
175		0.000000
176		0.000000
177		46.900871
178		55.812038
179		57.688072
180		59.564106
181		61.440144
182		66.130226
183		63.785187
184		58.626091
185		56.281048
186		65.661217
187		71.758331
188		68.944283
189		68.006264
190		75.510406
191		80.669502
192		85.359589
193		80.669502
194		81.138512
195		87.704628
196		93.801743
197		90.049675
198		101.774895
199		99.429848
200		109.748039
201		90.049675
202		110.686058
203		113.969116
204		123.818298
205		105.526962
206		114.907135
207		109.279030
208		105.995972
209		119.597221
210		128.039383
211		130.384430
212		136.012527
213		127.570374
214		132.260452
215		121.942268
216		136.950546
217		142.109634
218		139.295593
219		136.012527
220		135.543518
221		136.950546
222		146.799728
223		141.171631
224		143.985672
225		151.020813
226		133.198471
227		139.764603
228		139.764603
229		135.543518
230		149.144775
231		157.586929
232		163.215027
233		157.586929
234		161.339005
235		154.303864
236		155.241882
237		148.675766
238		157.117920
239		158.993958
240		140.702621
241		161.339005
242		153.834854
243		149.144775
244		152.896835
245		144.454681
246		139.764603
247		147.737747
248		144.923691
249		144.923691
250		146.799728
251		138.357574
252		137.419556
253		146.330719
254		133.667480
255		125.694336
256		127.570374
257		136.950546
258		144.923691
259		130.384430
260		135.543518
261		138.357574
262		121.942268
263		127.101364
264		139.295593
265		135.543518
266		127.101364
267		132.260452
268		128.977402
269		130.384430
270		129.915421
271		133.667480
272		117.252182
273		128.508392
274		121.942268
275		131.791443
276		124.287308
277		131.791443
278		126.163345
279		130.853439
280		129.446411
281		122.411278
282		112.562096
283		111.155067
284		114.438126
285		118.190193
286		132.260452
287		104.588943
288		129.915421
289		128.039383
290		110.686058
291		116.314163
292		99.429848
293		116.783173
294		103.650925
295		112.093086
296		104.588943
297		106.933990
298		119.128212
299		97.553810
300		102.243904
301		121.942268
302		119.597221
303		102.243904
304		96.615799
305		105.526962
306		99.898857
307		105.995972
308		107.403000
309		107.872002
310		97.084801
311		106.464981
312		120.535240
313		112.093086
314		132.260452
315		315.173859
316		1086.224243
317		732.591614
318		150.082794
319		83.952560
320		83.014542
321		80.669502
322		94.270752
323		75.041397
324		77.386436
325		82.076523
326		90.049675
327		80.200493
328		68.944283
329		77.855446
330		73.634369
331		70.351311
332		75.041397
333		76.917427
334		74.572388
335		70.351311
336		74.103378
337		74.103378
338		71.289322
339		85.359589
340		75.979416
341		76.448418
342		75.979416
343		75.041397
344		67.537254
345		113.031097
346		95.208771
347		74.572388
348		64.254196
349		77.855446
350		97.084801
351		110.217049
352		85.828598
353		73.165359
354		80.200493
355		72.696350
356		93.801743
357		80.669502
358		66.130226
359		72.696350
360		68.006264
361		76.448418
362		66.130226
363		77.386436
364		80.669502
365		72.696350
366		78.793465
367		81.607513
368		67.537254
369		55.812038
370		61.909149
371		75.510406
372		72.696350
373		60.033115
374		68.475273
375		59.564106
376		78.793465
377		67.068245
378		60.502125
379		61.909149
380		64.254196
381		67.068245
382		60.971134
383		47.838890
384		61.440144
385		59.095097
386		54.405010
387		63.316177
388		59.095097
389		68.475273
390		71.758331
391		65.192215
392		60.502125
393		62.847168
394		72.227341
395		72.227341
396		68.006264
397		60.033115
398		59.564106
399		59.095097
400		61.440144
401		57.688072
402		56.281048
403		60.502125
404		63.316177
405		64.254196
406		54.874020
407		62.847168
408		56.750053
409		45.962852
410		51.121952
411		65.661217
412		60.502125
413		57.219063
414		52.059967
415		52.528976
416		48.307899
417		50.652943
418		52.997986
419		63.785187
420		57.219063
421		55.812038
422		51.121952
423		51.121952
424		43.617809
425		47.838890
426		53.466995
427		54.874020
428		51.121952
429		56.750053
430		58.157082
431		44.555828
432		45.962852
433		50.652943
434		44.086819
435		49.245914
436		48.307899
437		42.210785
438		46.900871
439		50.652943
440		47.369881
441		44.555828
442		49.245914
443		56.281048
444		55.812038
445		50.183933
446		55.812038
447		46.431862
448		51.590958
449		51.590958
450		61.440144
451		51.121952
452		48.307899
453		44.555828
454		52.997986
455		48.776905
456		54.874020
457		53.466995
458		50.183933
459		49.245914
460		56.750053
461		58.157082
462		53.466995
463		45.493847
464		48.776905
465		46.900871
466		44.555828
467		47.838890
468		47.369881
469		40.334751
470		56.281048
471		48.776905
472		47.369881
473		47.369881
474		53.466995
475		41.272766
476		45.024837
477		38.458714
478		37.051689
479		44.555828
480		39.865742
481		43.617809
482		41.272766
483		50.183933
484		52.997986
485		45.024837
486		32.830608
487		40.334751
488		47.838890
489		45.493847
490		47.838890
491		42.679794
492		41.272766
493		39.396732
494		40.803757
495		41.272766
496		50.183933
497		34.237637
498		35.644661
499		33.768627
500		42.210785
501		35.644661
502		42.210785
503		38.927723
504		45.024837
505		45.024837
506		41.272766
507		41.272766
508		47.838890
509		39.865742
510		38.927723
511		39.865742
512		34.237637
513		31.892593
514		36.582680
515		41.272766
516		49.245914
517		40.803757
518		32.830608
519		47.369881
520		45.962852
521		43.617809
522		36.582680
523		35.175655
524		38.927723
525		37.051689
526		46.431862
527		44.086819
528		39.396732
529		42.210785
530		49.714924
531		43.148804
532		36.113670
533		43.148804
534		37.989708
535		38.927723
536		41.272766
537		41.272766
538		47.838890
539		40.334751
540		30.954575
541		40.334751
542		37.051689
543		41.741776
544		38.927723
545		31.423584
546		33.768627
547		30.485567
548		42.679794
549		36.582680
550		33.299618
551		36.582680
552		49.245914
553		40.334751
554		30.954575
555		32.830608
556		42.210785
557		36.582680
558		27.671515
559		35.644661
560		40.803757
561		31.423584
562		39.865742
563		39.396732
564		31.892593
565		36.582680
566		34.237637
567		37.989708
568		40.803757
569		35.644661
570		30.485567
571		37.520699
572		38.927723
573		38.927723
574		34.237637
575		33.768627
576		34.237637
577		30.016558
578		32.361603
579		31.892593
580		32.361603
581		42.210785
582		33.768627
583		29.547548
584		32.361603
585		40.334751
586		39.396732
587		25.326471
588		36.113670
589		37.051689
590		36.113670
591		32.830608
592		30.016558
593		34.706646
594		32.830608
595		31.892593
596		30.954575
597		31.423584
598		38.927723
599		33.768627
600		38.927723
601		34.706646
602		34.706646
603		37.051689
604		32.361603
605		32.830608
606		37.051689
607		31.423584
608		31.892593
609		36.582680
610		28.609531
611		31.423584
612		29.078541
613		29.547548
614		27.671515
615		24.857462
616		28.140524
617		29.547548
618		35.644661
619		25.795479
620		30.485567
621		25.326471
622		25.795479
623		30.485567
624		35.644661
625		41.272766
626		37.989708
627		33.299618
628		31.423584
629		23.919445
630		27.671515
631		34.237637
632		32.361603
633		24.388453
634		36.113670
635		35.644661
636		30.954575
637		28.140524
638		28.140524
639		30.016558
640		25.326471
641		34.706646
642		28.609531
643		33.299618
644		26.264488
645		26.733498
646		29.547548
647		25.326471
648		27.202505
649		26.264488
650		35.175655
651		25.795479
652		32.361603
653		31.892593
654		28.140524
655		32.361603
656		26.264488
657		30.016558
658		34.237637
659		28.140524
660		28.140524
661		28.140524
662		41.741776
663		57.688072
664		38.458714
665		24.857462
666		26.733498
667		42.679794
668		29.078541
669		34.706646
670		30.016558
671		24.857462
672		22.043409
673		25.326471
674		23.919445
675		22.043409
676		31.423584
677		29.547548
678		30.016558
679		31.423584
680		26.733498
681		23.450436
682		26.264488
683		22.043409
684		26.264488
685		27.202505
686		28.140524
687		25.795479
688		18.760349
689		25.795479
690		30.485567
691		27.671515
692		24.857462
693		24.857462
694		21.105392
695		24.857462
696		25.326471
697		27.202505
698		20.636383
699		33.299618
700		33.299618
701		32.830608
702		36.113670
703		23.450436
704		24.857462
705		28.140524
706		16.415304
707		33.299618
708		18.291340
709		29.547548
710		26.264488
711		28.140524
712		22.981426
713		22.981426
714		23.919445
715		26.264488
716		28.609531
717		21.105392
718		22.512419
719		22.981426
720		31.423584
721		30.016558
722		22.043409
723		26.733498
724		34.706646
725		25.795479
726		23.450436
727		30.016558
728		23.919445
729		21.574402
730		28.140524
731		30.954575
732		29.547548
733		22.512419
734		20.167376
735		19.698366
736		25.326471
737		23.450436
738		25.795479
739		27.671515
740		23.450436
741		20.167376
742		20.636383
743		18.291340
744		27.202505
745		22.043409
746		22.512419
747		25.795479
748		22.512419
749		22.512419
750		19.698366
751		27.671515
752		18.760349
753		33.768627
754		30.016558
755		25.795479
756		31.892593
757		19.229357
758		32.830608
759		18.760349
760		22.043409
761		21.105392
762		25.795479
763		25.795479
764		22.981426
765		21.574402
766		20.167376
767		28.140524
768		23.919445
769		22.981426
770		32.361603
771		21.574402
772		25.326471
773		21.574402
774		21.574402
775		26.264488
776		22.981426
777		18.291340
778		21.574402
779		24.857462
780		28.609531
781		25.795479
782		21.105392
783		23.450436
784		17.353323
785		23.919445
786		20.167376
787		26.264488
788		22.512419
789		23.919445
790		24.388453
791		22.512419
792		24.857462
793		26.733498
794		18.291340
795		23.450436
796		29.547548
797		27.202505
798		26.264488
799		24.388453
800		24.857462
801		18.760349
802		18.291340
803		19.698366
804		21.574402
805		22.043409
806		19.698366
807		19.698366
808		22.043409
809		19.698366
810		23.450436
811		22.512419
812		17.353323
813		25.326471
814		18.291340
815		25.795479
816		19.698366
817		23.450436
818		15.477287
819		22.043409
820		26.733498
821		26.264488
822		26.733498
823		24.388453
824		22.981426
825		22.512419
826		18.291340
827		21.105392
828		22.981426
829		17.822330
830		22.043409
831		21.574402
832		18.760349
833		24.857462
834		17.353323
835		19.229357
836		19.229357
837		20.167376
838		17.822330
839		25.795479
840		22.512419
841		20.167376
842		27.202505
843		21.574402
844		21.574402
845		22.981426
846		23.450436
847		16.415304
848		16.884314
849		16.884314
850		19.698366
851		26.733498
852		18.760349
853		22.043409
854		22.043409
855		24.388453
856		20.636383
857		20.167376
858		21.574402
859		22.043409
860		19.229357
861		18.291340
862		22.043409
863		20.167376
864		20.636383
865		21.574402
866		18.291340
867		20.636383
868		14.070262
869		21.105392
870		17.353323
871		18.760349
872		22.043409
873		22.043409
874		16.884314
875		17.822330
876		21.574402
877		20.167376
878		15.946297
879		24.388453
880		19.698366
881		15.477287
882		17.353323
883		23.450436
884		21.574402
885		16.884314
886		22.512419
887		15.946297
888		11.256209
889		18.291340
890		14.539270
891		23.919445
892		19.698366
893		20.167376
894		15.477287
895		10.318192
896		18.760349
897		16.415304
898		11.256209
899		22.981426
900		18.760349
901		16.884314
902		19.698366
903		18.291340
904		21.105392
905		21.105392
906		22.043409
907		22.981426
908		15.008279
909		14.539270
910		22.512419
911		24.388453
912		19.698366
913		22.981426
914		15.477287
915		20.636383
916		17.353323
917		20.636383
918		17.822330
919		20.636383
920		23.450436
921		17.822330
922		14.539270
923		13.601253
924		23.919445
925		15.946297
926		20.167376
927		19.698366
928		22.043409
929		16.884314
930		21.105392
931		17.822330
932		20.636383
933		15.008279
934		22.043409
935		18.760349
936		19.229357
937		19.229357
938		14.070262
939		24.857462
940		19.698366
941		19.229357
942		18.760349
943		25.326471
944		21.574402
945		13.601253
946		21.574402
947		17.353323
948		15.946297
949		17.353323
950		20.636383
951		12.194226
952		17.353323
953		25.326471
954		18.760349
955		30.016558
956		16.884314
957		18.291340
958		19.698366
959		24.857462
960		23.450436
961		16.884314
962		18.760349
963		20.167376
964		14.539270
965		18.291340
966		19.229357
967		21.574402
968		13.132244
969		19.229357
970		16.884314
971		14.539270
972		19.229357
973		14.539270
974		22.043409
975		16.415304
976		20.167376
977		19.698366
978		12.663236
979		12.663236
980		16.884314
981		21.105392
982		15.008279
983		16.884314
984		20.167376
985		15.008279
986		14.539270
987		18.291340
988		15.946297
989		15.946297
990		16.884314
991		16.415304
992		18.291340
993		14.539270
994		15.946297
995		18.291340
996		21.574402
997		16.415304
998		22.043409
999		21.105392
1000		16.415304
1001		15.946297
1002		19.698366
1003		15.008279
1004		10.318192
1005		18.760349
1006		15.008279
1007		17.822330
1008		16.884314
1009		17.353323
1010		19.229357
1011		14.539270
1012		13.132244
1013		17.353323
1014		18.291340
1015		17.353323
1016		19.698366
1017		17.822330
1018		24.388453
1019		19.229357
1020		14.070262
1021		17.822330
1022		13.132244
1023		18.760349
1024		16.884314
1025		20.636383
1026		19.229357
1027		15.477287
1028		16.415304
1029		14.070262
1030		21.574402
1031		18.760349
1032		24.388453
1033		15.946297
1034		19.229357
1035		18.760349
1036		15.008279
1037		19.698366
1038		17.822330
1039		21.105392
1040		11.256209
1041		15.477287
1042		15.477287
1043		15.477287
1044		17.822330
1045		17.353323
1046		13.132244
1047		16.884314
1048		15.946297
1049		20.167376
1050		19.229357
1051		12.663236
1052		11.725218
1053		18.291340
1054		13.601253
1055		17.353323
1056		16.415304
1057		15.946297
1058		16.415304
1059		16.415304
1060		14.539270
1061		16.884314
1062		14.070262
1063		19.229357
1064		15.008279
1065		17.353323
1066		14.539270
1067		16.415304
1068		16.415304
1069		17.822330
1070		16.415304
1071		13.601253
1072		18.291340
1073		16.415304
1074		13.132244
1075		19.229357
1076		18.291340
1077		16.884314
1078		13.132244
1079		13.601253
1080		21.574402
1081		17.822330
1082		19.229357
1083		11.256209
1084		16.415304
1085		13.132244
1086		17.353323
1087		15.008279
1088		15.477287
1089		16.884314
1090		18.291340
1091		18.291340
1092		13.601253
1093		18.291340
1094		15.477287
1095		15.008279
1096		10.787201
1097		16.884314
1098		20.167376
1099		16.884314
1100		16.415304
1101		16.884314
1102		15.946297
1103		18.291340
1104		15.477287
1105		16.884314
1106		15.477287
1107		16.884314
1108		15.946297
1109		15.477287
1110		14.070262
1111		18.760349
1112		14.070262
1113		19.698366
1114		13.132244
1115		21.105392
1116		13.601253
1117		16.415304
1118		17.822330
1119		16.884314
1120		14.070262
1121		19.229357
1122		17.353323
1123		15.477287
1124		18.291340
1125		15.008279
1126		11.256209
1127		15.946297
1128		13.601253
1129		16.415304
1130		15.946297
1131		15.008279
1132		11.725218
1133		20.167376
1134		16.415304
1135		16.415304
1136		13.601253
1137		15.946297
1138		13.132244
1139		13.601253
1140		15.477287
1141		13.132244
1142		12.663236
1143		14.539270
1144		9.849183
1145		12.194226
1146		10.787201
1147		8.911165
1148		14.539270
1149		11.256209
1150		17.353323
1151		15.008279
1152		15.477287
1153		14.070262
1154		11.256209
1155		15.477287
1156		16.415304
1157		13.132244
1158		15.008279
1159		10.787201
1160		13.132244
1161		12.194226
1162		15.946297
1163		15.946297
1164		14.539270
1165		25.326471
1166		61.909149
1167		64.254196
1168		25.795479
1169		14.070262
1170		11.256209
1171		14.539270
1172		12.194226
1173		14.070262
1174		13.132244
1175		10.318192
1176		11.256209
1177		17.353323
1178		13.601253
1179		10.787201
1180		13.132244
1181		11.725218
1182		15.946297
1183		15.946297
1184		12.194226
1185		17.822330
1186		13.132244
1187		11.725218
1188		11.256209
1189		10.787201
1190		15.008279
1191		10.318192
1192		11.256209
1193		17.353323
1194		9.849183
1195		14.070262
1196		15.946297
1197		11.725218
1198		13.601253
1199		14.539270
1200		15.008279
1201		15.946297
1202		13.601253
1203		14.539270
1204		10.318192
1205		15.946297
1206		9.380175
1207		13.601253
1208		15.008279
1209		9.380175
1210		8.442157
1211		15.946297
1212		11.725218
1213		10.787201
1214		12.194226
1215		10.787201
1216		14.070262
1217		10.787201
1218		13.132244
1219		10.787201
1220		15.946297
1221		18.760349
1222		34.237637
1223		38.927723
1224		18.291340
1225		13.601253
1226		11.725218
1227		12.194226
1228		14.070262
1229		11.725218
1230		15.946297
1231		15.477287
1232		10.787201
1233		19.229357
1234		10.787201
1235		13.601253
1236		6.097113
1237		10.787201
1238		12.194226
1239		8.911165
1240		11.256209
1241		14.070262
1242		14.070262
1243		13.132244
1244		15.946297
1245		7.973148
1246		13.132244
1247		18.760349
1248		9.849183
1249		15.477287
1250		12.663236
1251		11.725218
1252		11.256209
1253		12.663236
1254		9.380175
1255		12.194226
1256		7.973148
1257		10.787201
1258		9.849183
1259		11.725218
1260		13.132244
1261		13.601253
1262		13.601253
1263		16.884314
1264		11.725218
1265		13.132244
1266		16.415304
1267		9.849183
1268		14.070262
1269		13.132244
1270		11.725218
1271		12.663236
1272		11.725218
1273		13.132244
1274		15.008279
1275		15.008279
1276		12.663236
1277		10.787201
1278		10.787201
1279		7.504139
1280		15.477287
1281		13.132244
1282		13.601253
1283		15.477287
1284		13.132244
1285		15.008279
1286		11.725218
1287		10.318192
1288		16.415304
1289		9.380175
1290		13.132244
1291		11.256209
1292		20.636383
1293		11.725218
1294		12.663236
1295		8.911165
1296		13.601253
1297		9.849183
1298		8.911165
1299		14.539270
1300		11.725218
1301		13.601253
1302		18.291340
1303		10.787201
1304		16.415304
1305		12.194226
1306		17.353323
1307		9.380175
1308		12.663236
1309		8.442157
1310		13.601253
1311		13.132244
1312		12.194226
1313		10.318192
1314		10.318192
1315		13.601253
1316		12.194226
1317		14.539270
1318		7.973148
1319		9.849183
1320		13.601253
1321		13.132244
1322		17.353323
1323		9.849183
1324		13.132244
1325		9.849183
1326		11.725218
1327		12.194226
1328		9.380175
1329		13.132244
1330		14.539270
1331		13.601253
1332		14.070262
1333		16.884314
1334		12.663236
1335		13.132244
1336		19.698366
1337		16.415304
1338		17.822330
1339		15.008279
1340		12.194226
1341		7.973148
1342		8.911165
1343		16.415304
1344		14.539270
1345		12.663236
1346		8.442157
1347		13.132244
1348		15.008279
1349		8.442157
1350		12.194226
1351		12.663236
1352		9.849183
1353		15.477287
1354		13.601253
1355		12.663236
1356		10.787201
1357		12.663236
1358		14.070262
1359		14.070262
1360		15.477287
1361		7.504139
1362		14.070262
1363		11.256209
1364		16.415304
1365		15.008279
1366		11.725218
1367		12.194226
1368		10.787201
1369		15.477287
1370		11.256209
1371		9.849183
1372		16.415304
1373		11.725218
1374		15.008279
1375		13.132244
1376		10.787201
1377		13.601253
1378		8.442157
1379		16.884314
1380		15.946297
1381		17.822330
1382		11.256209
1383		12.194226
1384		14.539270
1385		10.787201
1386		13.601253
1387		7.035131
1388		7.973148
1389		17.353323
1390		14.070262
1391		9.380175
1392		9.849183
1393		14.539270
1394		14.539270
1395		10.318192
1396		9.849183
1397		12.663236
1398		13.132244
1399		13.601253
1400		10.787201
1401		13.132244
1402		13.132244
1403		14.539270
1404		12.663236
1405		11.725218
1406		9.849183
1407		16.884314
1408		11.725218
1409		7.973148
1410		14.070262
1411		12.663236
1412		14.070262
1413		12.194226
1414		7.973148
1415		14.070262
1416		13.601253
1417		11.725218
1418		12.663236
1419		17.353323
1420		14.070262
1421		12.663236
1422		14.539270
1423		8.911165
1424		11.256209
1425		13.601253
1426		13.132244
1427		11.725218
1428		13.601253
1429		15.477287
1430		12.663236
1431		9.380175
1432		14.539270
1433		9.849183
1434		12.194226
1435		8.442157
1436		10.318192
1437		13.132244
1438		8.911165
1439		11.256209
1440		9.849183
1441		11.256209
1442		9.849183
1443		10.787201
1444		9.380175
1445		13.601253
1446		15.477287
1447		8.442157
1448		9.380175
1449		11.256209
1450		14.070262
1451		12.194226
1452		7.973148
1453		9.849183
1454		7.973148
1455		7.504139
1456		14.070262
1457		12.663236
1458		10.318192
1459		11.256209
1460		10.318192
1461		14.070262
1462		10.318192
1463		9.849183
1464		9.849183
1465		9.849183
1466		11.725218
1467		11.256209
1468		11.725218
1469		10.787201
1470		6.566122
1471		10.318192
1472		9.849183
1473		12.194226
1474		11.256209
1475		11.256209
1476		14.539270
1477		10.787201
1478		12.663236
1479		11.725218
1480		13.601253
1481		12.194226
1482		9.849183
1483		13.132244
1484		7.035131
1485		12.663236
1486		11.256209
1487		11.256209
1488		9.849183
1489		11.725218
1490		7.504139
1491		11.256209
1492		11.256209
1493		9.380175
1494		8.911165
1495		11.725218
1496		9.849183
1497		11.725218
1498		12.663236
1499		13.601253
1500		16.415304
1501		7.973148
1502		11.256209
1503		12.194226
1504		8.442157
1505		10.787201
1506		13.601253
1507		7.973148
1508		9.849183
1509		8.442157
1510		11.725218
1511		12.663236
1512		10.787201
1513		11.725218
1514		11.256209
1515		9.380175
1516		9.849183
1517		13.132244
1518		7.973148
1519		7.973148
1520		9.849183
1521		7.504139
1522		9.849183
1523		9.849183
1524		14.070262
1525		8.442157
1526		11.725218
1527		7.504139
1528		8.442157
1529		10.787201
1530		10.318192
1531		8.911165
1532		9.380175
1533		7.035131
1534		7.504139
1535		6.097113
1536		11.256209
1537		9.849183
1538		14.070262
1539		9.849183
1540		9.849183
1541		7.973148
1542		9.849183
1543		8.911165
1544		13.132244
1545		10.787201
1546		9.380175
1547		13.132244
1548		8.442157
1549		13.132244
1550		12.663236
1551		8.442157
1552		11.256209
1553		10.318192
1554		11.256209
1555		7.504139
1556		9.849183
1557		6.566122
1558		9.380175
1559		7.504139
1560		10.318192
1561		15.477287
1562		10.787201
1563		9.380175
1564		12.194226
1565		9.849183
1566		7.973148
1567		12.663236
1568		10.318192
1569		9.380175
1570		11.256209
1571		7.035131
1572		9.849183
1573		7.504139
1574		9.849183
1575		12.663236
1576		9.849183
1577		9.849183
1578		7.973148
1579		8.911165
1580		8.911165
1581		11.256209
1582		7.973148
1583		12.194226
1584		8.911165
1585		10.787201
1586		10.787201
1587		9.380175
1588		7.035131
1589		10.318192
1590		6.097113
1591		9.849183
1592		9.380175
1593		11.256209
1594		11.256209
1595		10.318192
1596		7.973148
1597		7.973148
1598		10.318192
1599		11.256209
1600		7.504139
1601		7.973148
1602		9.380175
1603		8.911165
1604		7.035131
1605		8.442157
1606		9.380175
1607		9.380175
1608		9.380175
1609		6.097113
1610		7.504139
1611		12.194226
1612		8.911165
1613		9.380175
1614		7.973148
1615		12.194226
1616		9.380175
1617		9.380175
1618		12.663236
1619		6.566122
1620		6.097113
1621		11.725218
1622		9.849183
1623		9.380175
1624		9.380175
1625		8.911165
1626		6.566122
1627		6.097113
1628		6.566122
1629		10.318192
1630		7.973148
1631		9.380175
1632		5.159096
1633		10.318192
1634		8.442157
1635		7.035131
1636		6.097113
1637		11.725218
1638		7.035131
1639		7.504139
1640		12.194226
1641		11.256209
1642		11.256209
1643		9.849183
1644		13.601253
1645		6.097113
1646		9.849183
1647		10.318192
1648		9.849183
1649		9.380175
1650		9.380175
1651		7.504139
1652		7.973148
1653		7.973148
1654		4.690087
1655		8.442157
1656		7.035131
1657		7.504139
1658		7.035131
1659		9.849183
1660		7.035131
1661		7.973148
1662		10.318192
1663		7.504139
1664		5.628105
1665		11.256209
1666		11.256209
1667		9.849183
1668		9.849183
1669		7.504139
1670		7.973148
1671		7.035131
1672		8.911165
1673		8.911165
1674		8.911165
1675		5.628105
1676		6.566122
1677		7.035131
1678		12.194226
1679		13.601253
1680		6.566122
1681		9.380175
1682		11.725218
1683		12.194226
1684		7.504139
1685		9.849183
1686		7.504139
1687		11.256209
1688		10.787201
1689		9.849183
1690		10.318192
1691		10.318192
1692		7.035131
1693		2.345044
1694		11.725218
1695		7.504139
1696		6.566122
1697		7.973148
1698		7.973148
1699		6.097113
1700		7.504139
1701		9.380175
1702		7.035131
1703		7.973148
1704		7.035131
1705		10.787201
1706		12.663236
1707		5.628105
1708		7.973148
1709		5.159096
1710		6.566122
1711		9.849183
1712		7.035131
1713		7.504139
1714		7.973148
1715		5.628105
1716		6.097113
1717		9.380175
1718		7.035131
1719		12.194226
1720		8.911165
1721		9.380175
1722		7.035131
1723		10.318192
1724		6.097113
1725		7.504139
1726		7.973148
1727		7.973148
1728		4.221078
1729		6.097113
1730		8.442157
1731		10.318192
1732		6.566122
1733		9.849183
1734		7.973148
1735		7.504139
1736		7.504139
1737		11.256209
1738		6.566122
1739		7.035131
1740		7.973148
1741		11.725218
1742		7.035131
1743		7.973148
1744		7.035131
1745		8.442157
1746		7.973148
1747		6.566122
1748		11.725218
1749		5.159096
1750		13.601253
1751		7.035131
1752		9.849183
1753		5.628105
1754		8.911165
1755		7.035131
1756		11.256209
1757		8.442157
1758		7.035131
1759		7.035131
1760		5.628105
1761		6.097113
1762		11.256209
1763		7.035131
1764		9.380175
1765		7.973148
1766		7.973148
1767		4.690087
1768		7.504139
1769		4.690087
1770		4.690087
1771		7.504139
1772		7.973148
1773		8.442157
1774		4.690087
1775		11.725218
1776		6.097113
1777		7.973148
1778		9.849183
1779		5.628105
1780		13.132244
1781		7.504139
1782		7.504139
1783		9.849183
1784		6.566122
1785		5.159096
1786		9.849183
1787		8.442157
1788		8.442157
1789		8.442157
1790		5.159096
1791		6.097113
1792		5.159096
1793		6.566122
1794		5.159096
1795		7.035131
1796		10.318192
1797		9.849183
1798		7.973148
1799		9.380175
1800		7.035131
1801		8.442157
1802		8.911165
1803		7.035131
1804		7.504139
1805		6.566122
1806		9.380175
1807		8.911165
1808		7.504139
1809		9.380175
1810		7.504139
1811		6.566122
1812		8.442157
1813		6.566122
1814		11.256209
1815		6.566122
1816		7.035131
1817		3.752070
1818		12.663236
1819		6.097113
1820		7.973148
1821		10.318192
1822		9.849183
1823		7.504139
1824		6.097113
1825		8.911165
1826		7.973148
1827		6.097113
1828		8.442157
1829		3.283061
1830		5.628105
1831		4.221078
1832		4.690087
1833		8.442157
1834		8.442157
1835		6.097113
1836		8.911165
1837		6.566122
1838		5.628105
1839		7.973148
1840		7.504139
1841		4.221078
1842		5.628105
1843		5.628105
1844		5.628105
1845		7.035131
1846		9.380175
1847		4.690087
1848		7.035131
1849		8.911165
1850		8.442157
1851		6.097113
1852		9.849183
1853		11.725218
1854		6.566122
1855		6.097113
1856		8.442157
1857		4.221078
1858		5.159096
1859		10.318192
1860		7.035131
1861		6.566122
1862		7.973148
1863		8.442157
1864		6.097113
1865		7.035131
1866		6.097113
1867		7.035131
1868		6.097113
1869		7.973148
1870		10.318192
1871		4.221078
1872		4.221078
1873		6.097113
1874		5.628105
1875		8.442157
1876		7.973148
1877		4.221078
1878		10.318192
1879		6.097113
1880		5.628105
1881		7.035131
1882		8.911165
1883		7.973148
1884		6.566122
1885		7.035131
1886		9.380175
1887		4.690087
1888		7.035131
1889		4.221078
1890		7.973148
1891		7.035131
1892		9.380175
1893		8.442157
1894		4.690087
1895		7.035131
1896		7.504139
1897		7.973148
1898		3.283061
1899		5.628105
1900		9.380175
1901		5.628105
1902		8.442157
1903		2.814052
1904		6.566122
1905		5.159096
1906		6.566122
1907		10.318192
1908		4.221078
1909		9.380175
1910		4.690087
1911		3.752070
1912		6.566122
1913		6.097113
1914		6.566122
1915		5.628105
1916		9.849183
1917		5.159096
1918		5.159096
1919		6.566122
1920		10.318192
1921		6.566122
1922		6.566122
1923		6.566122
1924		2.814052
1925		6.097113
1926		3.283061
1927		5.628105
1928		8.442157
1929		7.504139
1930		8.442157
1931		4.690087
1932		2.814052
1933		10.787201
1934		7.504139
1935		8.442157
1936		4.221078
1937		3.283061
1938		4.690087
1939		5.628105
1940		5.628105
1941		3.752070
1942		6.566122
1943		5.159096
1944		3.752070
1945		7.504139
1946		7.035131
1947		7.973148
1948		2.814052
1949		5.159096
1950		4.690087
1951		4.221078
1952		7.973148
1953		5.159096
1954		4.221078
1955		7.504139
1956		4.690087
1957		4.690087
1958		5.628105
1959		8.442157
1960		8.442157
1961		8.442157
1962		5.628105
1963		7.035131
1964		5.628105
1965		6.097113
1966		7.504139
1967		6.566122
1968		7.504139
1969		4.690087
1970		6.566122
1971		5.159096
1972		5.159096
1973		6.097113
1974		8.442157
1975		5.159096
1976		6.097113
1977		5.628105
1978		7.504139
1979		6.097113
1980		6.566122
1981		5.628105
1982		4.221078
1983		4.690087
1984		7.035131
1985		7.973148
1986		7.035131
1987		7.504139
1988		7.035131
1989		6.566122
1990		8.911165
1991		6.097113
1992		6.097113
1993		7.035131
1994		2.814052
1995		5.159096
1996		9.849183
1997		7.035131
1998		5.628105
1999		8.442157
2000		8.442157
2001		4.690087
2002		7.035131
2003		4.221078
2004		4.221078
2005		8.911165
2006		5.159096
2007		6.566122
2008		4.690087
2009		4.690087
2010		6.097113
2011		7.504139
2012		5.159096
2013		4.690087
2014		8.911165
2015		7.973148
2016		4.690087
2017		4.690087
2018		3.283061
2019		8.442157
2020		2.814052
2021		4.221078
2022		10.318192
2023		5.628105
2024		4.221078
2025		6.566122
2026		5.159096
2027		3.283061
2028		5.159096
2029		3.752070
2030		6.097113
2031		3.283061
2032		5.628105
2033		7.973148
2034		5.628105
2035		6.097113
2036		7.035131
2037		5.159096
2038		4.690087
2039		6.097113
2040		7.504139
2041		6.566122
2042		5.628105
2043		6.097113
2044		4.690087
2045		7.035131
2046		5.628105
2047		6.097113
2048		4.690087
2049		4.221078
2050		4.221078
2051		4.690087
2052		5.628105
2053		4.221078
2054		3.283061
2055		3.752070
2056		5.159096
2057		3.752070
2058		5.628105
2059		4.221078
2060		4.690087
2061		5.628105
2062		5.159096
2063		3.283061
2064		3.752070
2065		4.221078
2066		5.159096
2067		3.283061
2068		3.752070
2069		4.221078
2070		7.035131
2071		6.566122
2072		3.283061
2073		5.628105
2074		5.159096
2075		5.628105
2076		6.097113
2077		7.035131
2078		5.159096
2079		6.566122
2080		5.628105
2081		4.690087
2082		4.690087
2083		4.690087
2084		3.283061
2085		3.752070
2086		5.628105
2087		3.283061
2088		4.221078
2089		7.035131
2090		6.566122
2091		4.221078
2092		3.752070
2093		4.690087
2094		3.752070
2095		3.752070
2096		6.566122
2097		6.097113
2098		7.504139
2099		7.504139
2100		6.566122
2101		6.566122
2102		6.097113
2103		6.566122
2104		7.504139
2105		4.690087
2106		4.690087
2107		2.814052
2108		5.628105
2109		7.035131
2110		7.035131
2111		5.159096
2112		7.504139
2113		5.628105
2114		6.097113
2115		4.221078
2116		3.752070
2117		5.159096
2118		6.097113
2119		4.221078
2120		7.035131
2121		7.504139
2122		7.035131
2123		2.814052
2124		6.097113
2125		4.221078
2126		2.345044
2127		3.752070
2128		7.035131
2129		6.097113
2130		6.566122
2131		7.035131
2132		5.628105
2133		6.566122
2134		6.097113
2135		2.814052
2136		3.752070
2137		5.159096
2138		4.221078
2139		2.814052
2140		5.628105
2141		7.504139
2142		3.752070
2143		5.159096
2144		8.442157
2145		5.159096
2146		1.876035
2147		2.814052
2148		7.035131
2149		5.628105
2150		9.380175
2151		5.159096
2152		7.973148
2153		6.097113
2154		4.221078
2155		4.690087
2156		4.221078
2157		4.690087
2158		5.159096
2159		4.221078
2160		6.097113
2161		2.345044
2162		4.221078
2163		5.159096
2164		5.628105
2165		3.283061
2166		3.752070
2167		5.628105
2168		2.814052
2169		7.504139
2170		3.283061
2171		5.628105
2172		5.159096
2173		4.221078
2174		7.035131
2175		4.690087
2176		3.283061
2177		5.628105
2178		4.690087
2179		5.628105
2180		2.814052
2181		5.159096
2182		2.345044
2183		2.814052
2184		4.690087
2185		4.221078
2186		4.690087
2187		5.628105
2188		6.097113
2189		3.283061
2190		5.628105
2191		6.097113
2192		7.035131
2193		3.283061
2194		5.628105
2195		2.814052
2196		5.159096
2197		4.690087
2198		5.159096
2199		4.690087
2200		3.752070
2201		3.752070
2202		5.159096
2203		6.097113
2204		3.283061
2205		5.628105
2206		4.690087
2207		2.814052
2208		4.221078
2209		2.814052
2210		3.752070
2211		8.911165
2212		9.380175
2213		5.628105
2214		7.035131
2215		7.504139
2216		4.690087
2217		4.690087
2218		6.097113
2219		4.690087
2220		4.221078
2221		3.283061
2222		3.283061
2223		3.752070
2224		4.690087
2225		5.628105
2226		1.407026
2227		3.752070
2228		2.814052
2229		4.221078
2230		3.283061
2231		6.097113
2232		5.628105
2233		4.690087
2234		6.097113
2235		1.407026
2236		3.752070
2237		4.690087
2238		3.283061
2239		4.690087
2240		4.221078
2241		5.628105
2242		4.221078
2243		4.221078
2244		3.283061
2245		4.221078
2246		6.566122
2247		5.628105
2248		5.628105
2249		3.283061
2250		4.221078
2251		3.283061
2252		1.876035
2253		5.159096
2254		5.159096
2255		1.876035
2256		4.221078
2257		4.690087
2258		5.159096
2259		4.690087
2260		5.628105
2261		5.628105
2262		2.345044
2263		2.814052
2264		1.876035
2265		4.221078
2266		3.752070
2267		5.628105
2268		1.876035
2269		4.690087
2270		4.221078
2271		5.159096
2272		6.097113
2273		2.345044
2274		2.814052
2275		4.221078
2276		5.159096
2277		1.876035
2278		2.345044
2279		2.345044
2280		6.097113
2281		4.690087
2282		4.221078
2283		0.469009
2284		4.690087
2285		4.690087
2286		2.345044
2287		4.221078
2288		3.283061
2289		3.752070
2290		5.628105
2291		1.876035
2292		6.097113
2293		1.876035
2294		4.221078
2295		7.504139
2296		4.221078
2297		5.628105
2298		4.690087
2299		4.221078
2300		4.690087
2301		5.159096
2302		3.752070
2303		3.752070
2304		3.283061
2305		2.345044
2306		3.752070
2307		5.159096
2308		3.752070
2309		3.752070
2310		3.283061
2311		1.407026
2312		3.283061
2313		2.814052
2314		4.221078
2315		3.752070
2316		4.221078
2317		2.345044
2318		4.690087
2319		1.876035
2320		2.345044
2321		7.035131
2322		3.752070
2323		3.752070
2324		4.221078
2325		3.752070
2326		3.283061
2327		5.159096
2328		3.283061
2329		2.814052
2330		4.690087
2331		3.752070
2332		2.345044
2333		4.690087
2334		4.221078
2335		4.221078
2336		4.221078
2337		2.345044
2338		4.221078
2339		4.690087
2340		2.345044
2341		5.159096
2342		2.814052
2343		4.690087
2344		4.221078
2345		2.814052
2346		4.690087
2347		1.876035
2348		3.283061
2349		5.628105
2350		4.221078
2351		3.283061
2352		2.345044
2353		3.283061
2354		5.159096
2355		5.628105
2356		4.221078
2357		6.097113
2358		5.628105
2359		5.159096
2360		5.159096
2361		5.159096
2362		1.876035
2363		2.345044
2364		3.283061
2365		2.345044
2366		3.752070
2367		5.628105
2368		3.283061
2369		5.159096
2370		1.407026
2371		6.097113
2372		5.628105
2373		5.159096
2374		2.814052
2375		3.752070
2376		4.690087
2377		4.690087
2378		1.876035
2379		3.752070
2380		4.690087
2381		4.690087
2382		2.814052
2383		5.159096
2384		3.283061
2385		3.283061
2386		4.221078
2387		3.283061
2388		3.752070
2389		6.097113
2390		5.159096
2391		3.283061
2392		2.345044
2393		1.876035
2394		5.159096
2395		4.690087
2396		5.628105
2397		2.345044
2398		4.221078
2399		3.752070
2400		3.283061
2401		4.221078
2402		3.752070
2403		2.814052
2404		1.876035
2405		3.752070
2406		4.221078
2407		3.752070
2408		2.345044
2409		1.876035
2410		2.345044
2411		4.221078
2412		1.876035
2413		3.752070
2414		2.814052
2415		0.938017
2416		5.628105
2417		5.628105
2418		1.876035
2419		3.283061
2420		2.814052
2421		2.814052
2422		3.752070
2423		3.752070
2424		3.283061
2425		2.814052
2426		3.283061
2427		2.814052
2428		4.690087
2429		1.876035
2430		2.345044
2431		3.752070
2432		7.504139
2433		5.159096
2434		2.345044
2435		2.345044
2436		2.814052
2437		1.876035
2438		0.938017
2439		4.690087
2440		5.628105
2441		4.221078
2442		6.097113
2443		3.752070
2444		3.283061
2445		2.345044
2446		4.221078
2447		1.876035
2448		2.814052
2449		3.283061
2450		2.345044
2451		3.752070
2452		1.407026
2453		3.283061
2454		2.814052
2455		3.283061
2456		0.938017
2457		1.407026
2458		4.221078
2459		3.283061
2460		2.345044
2461		3.283061
2462		1.876035
2463		5.628105
2464		4.221078
2465		3.752070
2466		3.283061
2467		5.159096
2468		2.814052
2469		7.504139
2470		4.690087
2471		2.345044
2472		1.407026
2473		0.469009
2474		1.876035
2475		3.283061
2476		3.283061
2477		3.283061
2478		2.345044
2479		4.221078
2480		2.345044
2481		1.407026
2482		1.876035
2483		2.814052
2484		5.628105
2485		5.159096
2486		4.221078
2487		4.690087
2488		3.283061
2489		6.566122
2490		3.283061
2491		1.876035
2492		2.345044
2493		3.283061
2494		5.159096
2495		0.469009
2496		3.752070
2497		3.752070
2498		4.221078
2499		1.876035
2500		1.876035
2501		3.283061
2502		2.814052
2503		2.814052
2504		6.566122
2505		2.814052
2506		1.876035
2507		3.283061
2508		3.752070
2509		2.345044
2510		4.221078
2511		4.690087
2512		4.221078
2513		3.283061
2514		3.752070
2515		3.283061
2516		2.814052
2517		2.814052
2518		2.345044
2519		2.814052
2520		2.814052
2521		3.283061
2522		1.876035
2523		1.876035
2524		4.690087
2525		3.283061
2526		4.690087
2527		5.159096
2528		6.097113
2529		4.690087
2530		4.690087
2531		2.345044
2532		2.814052
2533		0.938017
2534		2.814052
2535		2.814052
2536		2.345044
2537		2.345044
2538		1.876035
2539		0.469009
2540		2.814052
2541		3.283061
2542		2.345044
2543		0.938017
2544		2.814052
2545		5.628105
2546		5.159096
2547		1.876035
2548		3.283061
2549		1.876035
2550		2.345044
2551		3.283061
2552		2.345044
2553		1.876035
2554		4.690087
2555		3.283061
2556		0.938017
2557		1.876035
2558		1.407026
2559		2.345044
2560		1.876035
2561		2.814052
2562		2.345044
2563		2.345044
2564		2.345044
2565		1.407026
2566		1.407026
2567		1.876035
2568		2.814052
2569		4.221078
2570		2.814052
2571		2.345044
2572		3.283061
2573		0.938017
2574		1.876035
2575		3.283061
2576		2.814052
2577		0.938017
2578		2.345044
2579		1.876035
2580		2.814052
2581		2.814052
2582		1.407026
2583		1.876035
2584		3.283061
2585		1.876035
2586		1.876035
2587		3.283061
2588		3.752070
2589		2.345044
2590		3.752070
2591		3.283061
2592		1.876035
2593		3.283061
2594		2.814052
2595		1.876035
2596		1.876035
2597		2.345044
2598		1.876035
2599		2.345044
2600		1.407026
2601		4.221078
2602		3.752070
2603		4.690087
2604		3.752070
2605		2.345044
2606		2.345044
2607		2.345044
2608		2.814052
2609		0.938017
2610		1.876035
2611		1.407026
2612		1.876035
2613		1.407026
2614		1.876035
2615		2.814052
2616		2.814052
2617		1.407026
2618		4.221078
2619		4.221078
2620		3.752070
2621		2.814052
2622		2.814052
2623		2.814052
2624		3.283061
2625		3.283061
2626		2.345044
2627		2.814052
2628		1.407026
2629		4.221078
2630		3.283061
2631		2.814052
2632		2.814052
2633		2.345044
2634		4.221078
2635		2.345044
2636		4.221078
2637		1.876035
2638		3.283061
2639		3.283061
2640		3.283061
2641		1.407026
2642		2.814052
2643		1.407026
2644		5.628105
2645		2.345044
2646		5.628105
2647		3.752070
2648		2.814052
2649		1.407026
2650		0.938017
2651		1.876035
2652		0.469009
2653		3.752070
2654		1.876035
2655		1.876035
2656		2.814052
2657		5.628105
2658		2.814052
2659		0.469009
2660		1.407026
2661		3.283061
2662		1.876035
2663		3.283061
2664		2.814052
2665		3.283061
2666		1.876035
2667		2.345044
2668		3.283061
2669		3.752070
2670		5.628105
2671		0.938017
2672		1.407026
2673		1.407026
2674		2.814052
2675		1.876035
2676		2.345044
2677		2.345044
2678		1.876035
2679		0.000000
2680		5.628105
2681		1.876035
2682		3.283061
2683		1.876035
2684		2.345044
2685		1.407026
2686		1.876035
2687		2.814052
2688		2.814052
2689		1.407026
2690		1.876035
2691		1.407026
2692		1.407026
2693		0.938017
2694		3.752070
2695		0.469009
2696		1.876035
2697		3.752070
2698		2.345044
2699		3.283061
2700		0.938017
2701		3.752070
2702		2.345044
2703		2.345044
2704		1.876035
2705		4.690087
2706		0.938017
2707		1.407026
2708		2.345044
2709		0.000000
2710		1.876035
2711		1.876035
2712		3.752070
2713		1.407026
2714		2.345044
2715		0.469009
2716		2.814052
2717		3.283061
2718		2.345044
2719		1.407026
2720		1.876035
2721		1.876035
2722		3.283061
2723		3.283061
2724		2.814052
2725		2.345044
2726		2.345044
2727		3.283061
2728		1.407026
2729		1.407026
2730		0.469009
2731		2.814052
2732		3.752070
2733		1.407026
2734		1.407026
2735		2.345044
2736		0.938017
2737		2.345044
2738		2.345044
2739		1.876035
2740		1.876035
2741		0.938017
2742		0.938017
2743		0.938017
2744		1.407026
2745		0.938017
2746		3.283061
2747		2.345044
2748		2.345044
2749		0.938017
2750		1.407026
2751		0.469009
2752		2.814052
2753		1.876035
2754		0.000000
2755		0.469009
2756		1.407026
2757		1.407026
2758		0.938017
2759		0.938017
2760		1.407026
2761		2.814052
2762		1.407026
2763		1.407026
2764		2.345044
2765		2.814052
2766		2.345044
2767		2.814052
2768		0.938017
2769		0.938017
2770		0.938017
2771		4.221078
2772		1.876035
2773		2.814052
2774		1.876035
2775		1.876035
2776		0.938017
2777		3.283061
2778		2.345044
2779		2.814052
2780		3.283061
2781		1.876035
2782		0.938017
2783		3.752070
2784		1.407026
2785		3.283061
2786		0.938017
2787		1.876035
2788		1.876035
2789		0.469009
2790		0.469009
2791		1.876035
2792		2.345044
2793		1.876035
2794		2.345044
2795		1.407026
2796		0.469009
2797		0.469009
2798		2.814052
2799		2.345044
2800		1.876035
2801		1.876035
2802		2.345044
2803		2.345044
2804		0.938017
2805		1.876035
2806		1.407026
2807		1.407026
2808		1.876035
2809		2.814052
2810		3.283061
2811		3.283061
2812		2.814052
2813		0.469009
2814		1.407026
2815		1.876035
2816		1.876035
2817		1.876035
2818		2.345044
2819		0.938017
2820		2.345044
2821		2.814052
2822		3.283061
2823		3.283061
2824		3.283061
2825		0.469009
2826		0.938017
2827		1.876035
2828		2.345044
2829		1.407026
2830		1.876035
2831		0.000000
2832		1.407026
2833		1.876035
2834		4.221078
2835		1.407026
2836		0.938017
2837		3.283061
2838		0.938017
2839		0.469009
2840		1.407026
2841		2.345044
2842		3.283061
2843		2.814052
2844		1.407026
2845		1.876035
2846		1.876035
2847		1.876035
2848		1.407026
2849		3.752070
2850		3.283061
2851		2.345044
2852		2.814052
2853		0.938017
2854		3.283061
2855		1.876035
2856		0.469009
2857		0.938017
2858		0.938017
2859		1.407026
2860		2.814052
2861		1.407026
2862		0.938017
2863		1.407026
2864		1.407026
2865		1.407026
2866		1.876035
2867		1.876035
2868		1.407026
2869		1.876035
2870		1.876035
2871		3.283061
2872		1.407026
2873		2.814052
2874		2.345044
2875		2.814052
2876		0.938017
2877		0.938017
2878		1.876035
2879		1.876035
2880		0.469009
2881		0.938017
2882		1.407026
2883		1.876035
2884		0.938017
2885		0.938017
2886		0.938017
2887		0.469009
2888		1.407026
2889		0.938017
2890		0.469009
2891		1.407026
2892		1.407026
2893		0.469009
2894		3.752070
2895		1.876035
2896		1.407026
2897		0.938017
2898		1.407026
2899		0.469009
2900		1.876035
2901		1.876035
2902		1.407026
2903		3.283061
2904		0.000000
2905		1.407026
2906		2.814052
2907		0.938017
2908		3.752070
2909		2.345044
2910		0.938017
2911		1.876035
2912		1.407026
2913		0.938017
2914		2.814052
2915		0.469009
2916		0.469009
2917		0.938017
2918		0.938017
2919		2.345044
2920		3.283061
2921		1.407026
2922		3.283061
2923		1.407026
2924		1.407026
2925		1.876035
2926		1.876035
2927		0.938017
2928		1.876035
2929		1.407026
2930		2.345044
2931		2.345044
2932		0.938017
2933		0.938017
2934		1.876035
2935		3.283061
2936		1.407026
2937		0.938017
2938		0.938017
2939		0.938017
2940		1.876035
2941		1.407026
2942		0.000000
2943		1.407026
2944		1.876035
2945		0.938017
2946		1.407026
2947		1.876035
2948		1.876035
2949		0.938017
2950		0.938017
2951		0.938017
2952		1.407026
2953		0.938017
2954		1.407026
2955		0.938017
2956		0.938017
2957		3.283061
2958		1.407026
2959		1.407026
2960		1.876035
2961		0.469009
2962		2.345044
2963		0.000000
2964		2.345044
2965		1.407026
2966		1.407026
2967		0.938017
2968		0.469009
2969		1.407026
2970		1.407026
2971		1.876035
2972		1.876035
2973		0.000000
2974		0.469009
2975		3.283061
2976		0.000000
2977		1.407026
2978		1.407026
2979		0.469009
2980		1.876035
2981		0.938017
2982		1.876035
2983		1.876035
2984		1.407026
2985		1.407026
2986		1.407026
2987		2.345044
2988		0.938017
2989		1.407026
2990		3.283061
2991		2.345044
2992		2.814052
2993		0.938017
2994		2.814052
2995		2.345044
2996		2.345044
2997		0.938017
2998		0.938017
2999		0.000000
3000		0.938017
3001		1.407026
3002		0.000000
3003		0.469009
3004		0.938017
3005		1.876035
3006		0.469009
3007		0.938017
3008		0.938017
3009		0.938017
3010		0.938017
3011		1.407026
3012		1.876035
3013		0.938017
3014		0.469009
3015		1.407026
3016		0.000000
3017		1.407026
3018		0.469009
3019		2.345044
3020		1.407026
3021		0.000000
3022		0.469009
3023		0.469009
3024		1.407026
3025		1.876035
3026		2.345044
3027		0.469009
3028		2.814052
3029		0.469009
3030		1.407026
3031		2.345044
3032		0.469009
3033		1.876035
3034		1.407026
3035		2.345044
3036		1.407026
3037		1.407026
3038		1.876035
3039		0.938017
3040		0.469009
3041		0.469009
3042		0.938017
3043		1.407026
3044		1.407026
3045		0.938017
3046		0.938017
3047		0.000000
3048		0.938017
3049		0.000000
3050		0.938017
3051		1.876035
3052		1.407026
3053		0.938017
3054		0.469009
3055		0.938017
3056		0.938017
3057		0.469009
3058		1.407026
3059		1.876035
3060		0.469009
3061		0.938017
3062		0.938017
3063		0.000000
3064		0.469009
3065		1.407026
3066		0.469009
3067		0.469009
3068		0.938017
3069		0.938017
3070		0.469009
3071		1.876035
3072		0.938017
3073		0.938017
3074		1.876035
3075		0.938017
3076		0.938017
3077		0.000000
3078		0.000000
3079		1.407026
3080		1.407026
3081		0.469009
3082		0.938017
3083		0.469009
3084		1.407026
3085		0.938017
3086		0.000000
3087		0.938017
3088		0.469009
3089		0.938017
3090		0.469009
3091		1.407026
3092		0.469009
3093		0.938017
3094		0.469009
3095		2.345044
3096		1.876035
3097		0.469009
3098		0.469009
3099		0.938017
3100		0.938017
3101		0.469009
3102		0.469009
3103		1.407026
3104		0.000000
3105		0.938017
3106		2.345044
3107		2.814052
3108		2.345044
3109		1.407026
3110		0.938017
3111		0.469009
3112		2.814052
3113		0.469009
3114		2.345044
3115		0.938017
3116		1.407026
3117		0.000000
3118		0.938017
3119		1.876035
3120		0.938017
3121		0.469009
3122		1.876035
3123		1.876035
3124		0.469009
3125		0.938017
3126		0.469009
3127		0.938017
3128		0.000000
3129		0.469009
3130		1.407026
3131		0.469009
3132		1.407026
3133		0.938017
3134		0.938017
3135		0.000000
3136		0.938017
3137		1.876035
3138		1.407026
3139		0.469009
3140		1.407026
3141		1.876035
3142		0.938017
3143		0.000000
3144		0.469009
3145		2.345044
3146		1.876035
3147		1.407026
3148		0.938017
3149		0.938017
3150		0.938017
3151		0.938017
3152		0.938017
3153		1.407026
3154		0.469009
3155		0.938017
3156		0.000000
3157		1.407026
3158		0.938017
3159		0.938017
3160		0.000000
3161		0.938017
3162		0.000000
3163		1.407026
3164		0.469009
3165		0.938017
3166		0.938017
3167		0.469009
3168		0.938017
3169		2.345044
3170		0.938017
3171		1.407026
3172		0.000000
3173		0.938017
3174		0.469009
3175		2.345044
3176		0.938017
3177		0.000000
3178		1.876035
3179		0.469009
3180		1.407026
3181		0.469009
3182		0.000000
3183		1.407026
3184		0.000000
3185		0.469009
3186		0.000000
3187		1.876035
3188		3.283061
3189		1.407026
3190		1.407026
3191		0.938017
3192		0.469009
3193		1.407026
3194		1.407026
3195		0.000000
3196		0.938017
3197		0.938017
3198		0.000000
3199		1.876035
3200		0.938017
3201		0.469009
3202		0.469009
3203		0.469009
3204		0.469009
3205		0.469009
3206		1.407026
3207		0.000000
3208		0.469009
3209		0.469009
3210		2.345044
3211		0.469009
3212		0.938017
3213		0.469009
3214		0.938017
3215		0.000000
3216		0.938017
3217		1.407026
3218		0.000000
3219		0.469009
3220		2.345044
3221		0.938017
3222		0.469009
3223		0.938017
3224		0.000000
3225		0.000000
3226		0.469009
3227		0.938017
3228		0.938017
3229		0.000000
3230		0.469009
3231		0.469009
3232		0.469009
3233		1.407026
3234		0.938017
3235		0.000000
3236		2.345044
3237		0.469009
3238		0.469009
3239		0.000000
3240		1.407026
3241		1.876035
3242		0.469009
3243		1.407026
3244		0.000000
3245		0.469009
3246		0.000000
3247		1.407026
3248		0.000000
3249		1.407026
3250		0.938017
3251		0.938017
3252		0.469009
3253		1.407026
3254		0.938017
3255		0.938017
3256		2.345044
3257		0.469009
3258		0.000000
3259		1.407026
3260		1.407026
3261		0.938017
3262		0.938017
3263		0.938017
3264		0.938017
3265		0.938017
3266		0.469009
3267		1.407026
3268		0.469009
3269		0.000000
3270		0.938017
3271		0.938017
3272		0.938017
3273		0.469009
3274		0.469009
3275		0.469009
3276		0.938017
3277		0.000000
3278		0.469009
3279		0.000000
3280		1.407026
3281		0.469009
3282		0.000000
3283		0.469009
3284		0.469009
3285		0.469009
3286		0.469009
3287		0.469009
3288		0.938017
3289		0.000000
3290		0.938017
3291		0.938017
3292		0.469009
3293		1.407026
3294		1.876035
3295		0.938017
3296		1.876035
3297		0.469009
3298		0.938017
3299		0.469009
3300		0.469009
3301		0.000000
3302		0.000000
3303		1.876035
3304		0.469009
3305		0.938017
3306		0.000000
3307		0.469009
3308		0.000000
3309		0.469009
3310		0.469009
3311		0.938017
3312		0.469009
3313		0.000000
3314		1.407026
3315		0.469009
3316		0.469009
3317		0.000000
3318		0.469009
3319		1.407026
3320		0.938017
3321		1.876035
3322		0.469009
3323		0.469009
3324		0.469009
3325		0.469009
3326		0.469009
3327		0.000000
3328		1.407026
3329		0.938017
3330		0.469009
3331		0.469009
3332		1.407026
3333		0.469009
3334		0.000000
3335		0.938017
3336		0.938017
3337		0.000000
3338		0.469009
3339		0.469009
3340		0.469009
3341		0.469009
3342		0.938017
3343		0.938017
3344		0.469009
3345		0.469009
3346		1.407026
3347		0.469009
3348		0.469009
3349		0.469009
3350		0.000000
3351		0.469009
3352		0.469009
3353		0.938017
3354		0.469009
3355		0.000000
3356		1.407026
3357		0.469009
3358		1.876035
3359		0.938017
3360		0.469009
3361		1.407026
3362		1.407026
3363		0.000000
3364		0.938017
3365		0.469009
3366		0.938017
3367		0.469009
3368		0.469009
3369		0.469009
3370		1.876035
3371		1.407026
3372		0.000000
3373		0.938017
3374		0.469009
3375		0.000000
3376		0.469009
3377		0.469009
3378		0.000000
3379		0.469009
3380		1.407026
3381		0.469009
3382		0.469009
3383		0.469009
3384		0.469009
3385		0.469009
3386		0.469009
3387		0.000000
3388		0.469009
3389		0.000000
3390		0.469009
3391		0.469009
3392		0.000000
3393		0.000000
3394		0.469009
3395		0.469009
3396		0.000000
3397		0.469009
3398		1.876035
3399		0.469009
3400		0.000000
3401		0.000000
3402		2.345044
3403		0.000000
3404		0.469009
3405		0.469009
3406		1.407026
3407		0.469009
3408		0.000000
3409		0.000000
3410		0.938017
3411		0.469009
3412		0.000000
3413		0.469009
3414		0.469009
3415		0.938017
3416		0.000000
3417		0.469009
3418		0.000000
3419		0.000000
3420		0.938017
3421		0.000000
3422		0.000000
3423		0.000000
3424		0.469009
3425		1.876035
3426		0.469009
3427		0.000000
3428		0.000000
3429		1.407026
3430		0.938017
3431		0.469009
3432		0.000000
3433		0.000000
3434		0.938017
3435		0.469009
3436		0.000000
3437		0.000000
3438		0.938017
3439		0.000000
3440		1.407026
3441		0.469009
3442		0.469009
3443		0.938017
3444		0.000000
3445		0.469009
3446		0.469009
3447		0.469009
3448		0.938017
3449		0.000000
3450		0.938017
3451		0.000000
3452		0.938017
3453		0.000000
3454		0.469009
3455		0.938017
3456		0.000000
3457		0.469009
3458		0.469009
3459		0.469009
3460		0.938017
3461		0.469009
3462		0.000000
3463		0.469009
3464		0.000000
3465		0.000000
3466		0.469009
3467		0.469009
3468		0.469009
3469		0.938017
3470		0.000000
3471		0.469009
3472		0.000000
3473		0.000000
3474		0.469009
3475		0.000000
3476		0.000000
3477		0.469009
3478		0.000000
3479		0.000000
3480		0.469009
3481		0.000000
3482		0.000000
3483		0.469009
3484		0.000000
3485		0.938017
3486		0.469009
3487		0.000000
3488		0.000000
3489		0.938017
3490		0.000000
3491		0.469009
3492		0.469009
3493		0.469009
3494		0.000000
3495		0.938017
3496		0.000000
3497		0.000000
3498		0.938017
3499		0.469009
3500		0.469009
3501		0.000000
3502		0.000000
3503		0.938017
3504		0.938017
3505		0.000000
3506		0.469009
3507		0.000000
3508		0.938017
3509		0.469009
3510		0.000000
3511		1.876035
3512		0.469009
3513		0.000000
3514		0.000000
3515		0.000000
3516		0.938017
3517		0.000000
3518		0.469009
3519		0.469009
3520		0.469009
3521		0.000000
3522		0.000000
3523		0.469009
3524		0.938017
3525		0.000000
3526		0.000000
3527		0.000000
3528		0.469009
3529		0.938017
3530		0.000000
3531		0.938017
3532		0.000000
3533		0.469009
3534		0.000000
3535		0.938017
3536		0.000000
3537		0.000000
3538		0.469009
3539		0.000000
3540		0.000000
3541		0.469009
3542		0.469009
3543		0.938017
3544		0.469009
3545		0.469009
3546		0.000000
3547		0.000000
3548		0.000000
3549		0.938017
3550		0.000000
3551		0.469009
3552		0.000000
3553		0.469009
3554		0.000000
3555		0.000000
3556		0.000000
3557		0.469009
3558		0.000000
3559		0.469009
3560		0.000000
3561		0.469009
3562		0.000000
3563		0.000000
3564		0.469009
3565		0.000000
3566		0.000000
3567		0.000000
3568		0.000000
3569		0.000000
3570		0.000000
3571		0.469009
3572		0.000000
3573		0.000000
3574		0.000000
3575		0.000000
3576		0.000000
3577		0.000000
3578		0.000000
3579		0.469009
3580		0.000000
3581		0.000000
3582		0.000000
3583		0.000000
3584		0.000000
3585		0.000000
3586		0.000000
3587		0.000000
3588		0.000000
3589		0.000000
3590		0.000000
3591		0.000000
3592		0.000000
3593		0.000000
3594		0.000000
3595		0.000000
3596		0.000000
3597		0.000000
3598		0.000000
3599		0.000000
3600		0.000000
3601		0.000000
3602		0.000000
3603		0.000000
3604		0.000000
3605		0.000000
3606		0.000000
3607		0.000000
3608		0.000000
3609		0.000000
3610		0.000000
3611		0.000000
3612		0.000000
3613		0.000000
3614		0.000000
3615		0.000000
3616		0.000000
3617		0.000000
3618		0.000000
3619		0.000000
3620		0.000000
3621		0.000000
3622		0.000000
3623		0.000000
3624		0.000000
3625		0.000000
3626		0.000000
3627		0.000000
3628		0.000000
3629		0.000000
3630		0.000000
3631		0.000000
3632		0.000000
3633		0.000000
3634		0.000000
3635		0.000000
3636		0.000000
3637		0.000000
3638		0.000000
3639		0.000000
3640		0.000000
3641		0.000000
3642		0.000000
3643		0.000000
3644		0.000000
3645		0.000000
3646		0.000000
3647		0.000000
3648		0.000000
3649		0.000000
3650		0.000000
3651		0.000000
3652		0.000000
3653		0.000000
3654		0.000000
3655		0.000000
3656		0.000000
3657		0.000000
3658		0.000000
3659		0.000000
3660		0.000000
3661		0.000000
3662		0.000000
3663		0.000000
3664		0.000000
3665		0.000000
3666		0.000000
3667		0.000000
3668		0.000000
3669		0.000000
3670		0.000000
3671		0.000000
3672		0.000000
3673		0.000000
3674		0.000000
3675		0.000000
3676		0.000000
3677		0.000000
3678		0.000000
3679		0.000000
3680		0.000000
3681		0.000000
3682		0.000000
3683		0.000000
3684		0.000000
3685		0.000000
3686		0.000000
3687		0.000000
3688		0.000000
3689		0.000000
3690		0.000000
3691		0.000000
3692		0.000000
3693		0.000000
3694		0.000000
3695		0.000000
3696		0.000000
3697		0.000000
3698		0.000000
3699		0.000000
3700		0.000000
3701		0.000000
3702		0.000000
3703		0.000000
3704		0.000000
3705		0.000000
3706		0.000000
3707		0.000000
3708		0.000000
3709		0.000000
3710		0.000000
3711		0.000000
3712		0.000000
3713		0.000000
3714		0.000000
3715		0.000000
3716		0.000000
3717		0.000000
3718		0.000000
3719		0.000000
3720		0.000000
3721		0.000000
3722		0.000000
3723		0.000000
3724		0.000000
3725		0.000000
3726		0.000000
3727		0.000000
3728		0.000000
3729		0.000000
3730		0.000000
3731		0.000000
3732		0.000000
3733		0.000000
3734		0.000000
3735		0.000000
3736		0.000000
3737		0.000000
3738		0.000000
3739		0.000000
3740		0.000000
3741		0.000000
3742		0.000000
3743		0.000000
3744		0.000000
3745		0.000000
3746		0.000000
3747		0.000000
3748		0.000000
3749		0.000000
3750		0.000000
3751		0.000000
3752		0.000000
3753		0.000000
3754		0.000000
3755		0.000000
3756		0.000000
3757		0.000000
3758		0.000000
3759		0.000000
3760		0.000000
3761		0.000000
3762		0.000000
3763		0.000000
3764		0.000000
3765		0.000000
3766		0.000000
3767		0.000000
3768		0.000000
3769		0.000000
3770		0.000000
3771		0.000000
3772		0.000000
3773		0.000000
3774		0.000000
3775		0.000000
3776		0.000000
3777		0.000000
3778		0.000000
3779		0.000000
3780		0.000000
3781		0.000000
3782		0.000000
3783		0.000000
3784		0.000000
3785		0.000000
3786		0.000000
3787		0.000000
3788		0.000000
3789		0.000000
3790		0.000000
3791		0.000000
3792		0.000000
3793		0.000000
3794		0.000000
3795		0.000000
3796		0.000000
3797		0.000000
3798		0.000000
3799		0.000000
3800		0.000000
3801		0.000000
3802		0.000000
3803		0.000000
3804		0.000000
3805		0.000000
3806		0.000000
3807		0.000000
3808		0.000000
3809		0.000000
3810		0.000000
3811		0.000000
3812		0.000000
3813		0.000000
3814		0.000000
3815		0.000000
3816		0.000000
3817		0.000000
3818		0.000000
3819		0.000000
3820		0.000000
3821		0.000000
3822		0.000000
3823		0.000000
3824		0.000000
3825		0.000000
3826		0.000000
3827		0.000000
3828		0.000000
3829		0.000000
3830		0.000000
3831		0.000000
3832		0.000000
3833		0.000000
3834		0.000000
3835		0.000000
3836		0.000000
3837		0.000000
3838		0.000000
3839		0.000000
3840		0.000000
3841		0.000000
3842		0.000000
3843		0.000000
3844		0.000000
3845		0.000000
3846		0.000000
3847		0.000000
3848		0.000000
3849		0.000000
3850		0.000000
3851		0.000000
3852		0.000000
3853		0.000000
3854		0.000000
3855		0.000000
3856		0.000000
3857		0.000000
3858		0.000000
3859		0.000000
3860		0.000000
3861		0.000000
3862		0.000000
3863		0.000000
3864		0.000000
3865		0.000000
3866		0.000000
3867		0.000000
3868		0.000000
3869		0.000000
3870		0.000000
3871		0.000000
3872		0.000000
3873		0.000000
3874		0.000000
3875		0.000000
3876		0.000000
3877		0.000000
3878		0.000000
3879		0.000000
3880		0.000000
3881		0.000000
3882		0.000000
3883		0.000000
3884		0.000000
3885		0.000000
3886		0.000000
3887		0.000000
3888		0.000000
3889		0.000000
3890		0.000000
3891		0.000000
3892		0.000000
3893		0.000000
3894		0.000000
3895		0.000000
3896		0.000000
3897		0.000000
3898		0.000000
3899		0.000000
3900		0.000000
3901		0.000000
3902		0.000000
3903		0.000000
3904		0.000000
3905		0.000000
3906		0.000000
3907		0.000000
3908		0.000000
3909		0.000000
3910		0.000000
3911		0.000000
3912		0.000000
3913		0.000000
3914		0.000000
3915		0.000000
3916		0.000000
3917		0.000000
3918		0.000000
3919		0.000000
3920		0.000000
3921		0.000000
3922		0.000000
3923		0.000000
3924		0.000000
3925		0.000000
3926		0.000000
3927		0.000000
3928		0.000000
3929		0.000000
3930		0.000000
3931		0.000000
3932		0.000000
3933		0.000000
3934		0.000000
3935		0.000000
3936		0.000000
3937		0.000000
3938		0.000000
3939		0.000000
3940		0.000000
3941		0.000000
3942		0.000000
3943		0.000000
3944		0.000000
3945		0.000000
3946		0.000000
3947		0.000000
3948		0.000000
3949		0.000000
3950		0.000000
3951		0.000000
3952		0.000000
3953		0.000000
3954		0.000000
3955		0.000000
3956		0.000000
3957		0.000000
3958		0.000000
3959		0.000000
3960		0.000000
3961		0.000000
3962		0.000000
3963		0.000000
3964		0.000000
3965		0.000000
3966		0.000000
3967		0.000000
3968		0.000000
3969		0.000000
3970		0.000000
3971		0.000000
3972		0.000000
3973		0.000000
3974		0.000000
3975		0.000000
3976		0.000000
3977		0.000000
3978		0.000000
3979		0.000000
3980		0.000000
3981		0.000000
3982		0.000000
3983		0.000000
3984		0.000000
3985		0.000000
3986		0.000000
3987		0.000000
3988		0.000000
3989		0.000000
3990		0.000000
3991		0.000000
3992		0.000000
3993		0.000000
3994		0.000000
3995		0.000000
3996		0.000000
3997		0.000000
3998		0.000000
3999		0.000000
4000		0.000000
4001		0.000000
4002		0.000000
4003		0.000000
4004		0.000000
4005		0.000000
4006		0.000000
4007		0.000000
4008		0.000000
4009		0.000000
4010		0.000000
4011		0.000000
4012		0.000000
4013		0.000000
4014		0.000000
4015		0.000000
4016		0.000000
4017		0.000000
4018		0.000000
4019		0.000000
4020		0.000000
4021		0.000000
4022		0.000000
4023		0.000000
4024		0.000000
4025		0.000000
4026		0.000000
4027		0.000000
4028		0.000000
4029		0.000000
4030		0.000000
4031		0.000000
4032		0.000000
4033		0.000000
4034		0.000000
4035		0.000000
4036		0.000000
4037		0.000000
4038		0.000000
4039		0.000000
4040		0.000000
4041		0.000000
4042		0.000000
4043		0.000000
4044		0.000000
4045		0.000000
4046		0.000000
4047		0.000000
4048		0.000000
4049		0.000000
4050		0.000000
4051		0.000000
4052		0.000000
4053		0.000000
4054		0.000000
4055		0.000000
4056		0.000000
4057		0.000000
4058		0.000000
4059		0.000000
4060		0.000000
4061		0.000000
4062		0.000000
4063		0.000000
4064		0.000000
4065		0.000000
4066		0.000000
4067		0.000000
4068		0.000000
4069		0.000000
4070		0.000000
4071		0.000000
4072		0.000000
4073		0.000000
4074		0.000000
4075		0.000000
4076		0.000000
4077		0.000000
4078		0.000000
4079		0.000000
4080		0.000000
4081		0.000000
4082		0.000000
4083		0.000000
4084		0.000000
4085		0.000000
4086		0.000000
4087		0.000000
4088		0.000000
4089		0.000000
4090		0.000000
4091		0.000000
4092		0.000000
4093		0.000000
4094		0.000000
4095		0.000000
