0		0.000000
1		0.000000
2		0.000000
3		0.000000
4		0.000000
5		0.000000
6		0.000000
7		0.000000
8		0.000000
9		0.000000
10		0.000000
11		0.000000
12		0.000000
13		0.000000
14		0.000000
15		0.000000
16		0.000000
17		0.000000
18		0.000000
19		0.000000
20		0.000000
21		0.000000
22		0.000000
23		0.000000
24		0.000000
25		0.000000
26		0.000000
27		0.000000
28		0.000000
29		0.000000
30		0.000000
31		0.000000
32		0.000000
33		0.000000
34		0.000000
35		0.000000
36		0.000000
37		0.000000
38		0.000000
39		0.000000
40		0.000000
41		0.000000
42		0.000000
43		0.000000
44		0.000000
45		0.000000
46		0.000000
47		0.000000
48		0.000000
49		0.000000
50		0.000000
51		0.000000
52		0.000000
53		0.000000
54		0.000000
55		0.000000
56		0.000000
57		0.000000
58		0.000000
59		0.000000
60		0.000000
61		0.000000
62		0.000000
63		0.000000
64		0.000000
65		0.000000
66		0.000000
67		0.000000
68		0.000000
69		0.000000
70		0.000000
71		0.000000
72		0.000000
73		0.000000
74		0.000000
75		0.000000
76		0.000000
77		0.000000
78		0.000000
79		0.000000
80		0.000000
81		0.000000
82		0.000000
83		0.000000
84		0.000000
85		0.000000
86		0.000000
87		0.000000
88		0.000000
89		0.000000
90		0.000000
91		0.000000
92		0.000000
93		0.000000
94		0.000000
95		0.000000
96		0.000000
97		0.000000
98		0.000000
99		0.000000
100		0.000000
101		0.000000
102		0.000000
103		0.000000
104		0.000000
105		0.000000
106		0.000000
107		0.000000
108		0.000000
109		40157.070312
110		24527.898438
111		635.670532
112		70.685112
113		63.418419
114		69.694199
115		66.886612
116		72.501785
117		72.336632
118		66.391159
119		67.051765
120		72.171478
121		75.969978
122		71.841179
123		71.015419
124		70.519958
125		71.015419
126		69.363892
127		74.318459
128		74.318459
129		73.988152
130		75.309372
131		75.309372
132		75.474525
133		71.180565
134		77.951805
135		75.969978
136		75.309372
137		76.135132
138		72.171478
139		76.135132
140		69.694199
141		71.510872
142		76.300285
143		82.906372
144		79.438171
145		76.630592
146		81.915459
147		81.750305
148		87.035172
149		85.053345
150		90.173065
151		86.870018
152		85.218498
153		96.448845
154		88.026085
155		91.494278
156		92.485191
157		99.256432
158		103.880692
159		105.862518
160		105.532211
161		97.439758
162		98.430672
163		103.715538
164		111.642838
165		112.633751
166		100.247345
167		117.753471
168		109.661018
169		108.670105
170		115.111038
171		109.826164
172		118.083771
173		110.156471
174		107.679192
175		110.156471
176		110.486778
177		113.459511
178		121.551971
179		114.120125
180		115.606491
181		121.386818
182		121.386818
183		123.864098
184		125.845924
185		124.194405
186		125.515617
187		128.488358
188		122.047424
189		125.020164
190		129.148972
191		147.646011
192		152.270264
193		156.894531
194		143.517197
195		146.324783
196		144.342957
197		142.030838
198		138.397491
199		139.553558
200		136.085358
201		126.341377
202		135.920197
203		132.452011
204		132.452011
205		113.954971
206		133.938385
207		124.855011
208		125.680771
209		128.983810
210		132.947464
211		131.295944
212		132.947464
213		128.158051
214		125.680771
215		120.065598
216		124.194405
217		126.341377
218		117.092857
219		114.285278
220		120.065598
221		118.083771
222		119.074684
223		111.807991
224		123.368645
225		122.873184
226		107.514038
227		123.203491
228		110.156471
229		120.395905
230		102.889778
231		103.715538
232		103.220085
233		112.633751
234		104.871605
235		100.742798
236		101.403412
237		99.751884
238		101.238258
239		104.376144
240		101.238258
241		98.926125
242		97.770065
243		95.457932
244		99.586739
245		94.797325
246		106.523125
247		97.604912
248		94.136711
249		89.512459
250		92.815498
251		89.182152
252		88.356392
253		96.613998
254		92.980652
255		81.089699
256		84.392738
257		79.603325
258		81.915459
259		91.163979
260		83.236671
261		91.659431
262		76.960892
263		87.200325
264		89.842758
265		79.107872
266		85.053345
267		72.006332
268		81.915459
269		81.419998
270		80.759392
271		80.759392
272		71.510872
273		80.924545
274		75.309372
275		74.979065
276		80.924545
277		72.501785
278		74.648766
279		78.777565
280		74.318459
281		70.189659
282		79.768478
283		72.501785
284		74.153305
285		70.685112
286		77.456352
287		68.538132
288		87.365479
289		74.318459
290		75.639679
291		70.024506
292		76.300285
293		73.823006
294		70.024506
295		80.263939
296		74.318459
297		75.639679
298		74.153305
299		79.107872
300		71.345718
301		68.703285
302		72.666939
303		73.162392
304		70.354805
305		67.216919
306		70.519958
307		72.006332
308		71.510872
309		74.483612
310		73.327545
311		72.336632
312		72.336632
313		78.612411
314		116.101952
315		402.971191
316		458.462311
317		132.617157
318		68.703285
319		67.712372
320		69.529045
321		69.529045
322		71.180565
323		70.850266
324		65.069939
325		64.739639
326		71.676025
327		66.886612
328		70.850266
329		78.116959
330		68.042679
331		71.180565
332		74.979065
333		69.198746
334		67.712372
335		68.042679
336		65.400246
337		72.832092
338		64.244179
339		68.042679
340		70.519958
341		68.372986
342		72.171478
343		60.941135
344		70.354805
345		72.336632
346		74.318459
347		64.409332
348		70.850266
349		72.997246
350		72.666939
351		70.685112
352		75.309372
353		75.639679
354		75.309372
355		78.116959
356		76.960892
357		76.630592
358		67.216919
359		73.988152
360		70.354805
361		63.748722
362		68.538132
363		71.345718
364		75.309372
365		70.850266
366		78.942719
367		76.630592
368		72.832092
369		72.666939
370		75.309372
371		82.080612
372		81.915459
373		80.594238
374		79.273026
375		80.263939
376		76.960892
377		82.245758
378		87.530632
379		81.419998
380		84.888199
381		79.438171
382		83.732132
383		84.888199
384		87.200325
385		84.062431
386		85.383652
387		84.392738
388		88.026085
389		85.713959
390		90.173065
391		90.833672
392		92.154892
393		101.733711
394		98.926125
395		97.274605
396		107.514038
397		95.623085
398		104.541298
399		109.330711
400		107.844345
401		109.000404
402		115.936798
403		110.651932
404		118.579231
405		113.789818
406		114.285278
407		88.356392
408		74.318459
409		69.198746
410		71.676025
411		65.895699
412		64.244179
413		63.583572
414		65.895699
415		70.354805
416		58.133549
417		63.748722
418		62.592659
419		56.151726
420		60.610832
421		60.610832
422		58.629005
423		56.482029
424		56.977486
425		52.848682
426		53.013836
427		51.032009
428		50.206249
429		47.563812
430		42.278946
431		51.032009
432		45.416836
433		48.059269
434		44.260773
435		43.765316
436		39.141056
437		37.984989
438		36.333469
439		36.663773
440		36.333469
441		34.681946
442		37.654686
443		33.030426
444		33.030426
445		34.847099
446		26.919798
447		29.066774
448		26.259190
449		26.919798
450		30.553144
451		28.571320
452		28.736471
453		28.075863
454		24.442516
455		23.781906
456		24.442516
457		25.433428
458		24.937971
459		24.772820
460		26.919798
461		23.121298
462		22.130386
463		22.460690
464		23.121298
465		25.433428
466		24.937971
467		21.469776
468		23.947060
469		22.130386
470		21.469776
471		21.139473
472		20.809168
473		22.956146
474		21.634930
475		19.818256
476		20.313713
477		21.965233
478		15.359148
479		22.956146
480		17.671278
481		19.322800
482		19.487951
483		18.001583
484		18.001583
485		19.653103
486		190.090103
487		1943.675415
488		4312.947754
489		1854.328125
490		156.068771
491		7.927302
492		6.440933
493		6.110629
494		6.606085
495		4.954564
496		7.596998
497		5.119716
498		8.257607
499		5.450020
500		6.771237
501		8.918215
502		5.284868
503		6.771237
504		5.450020
505		6.936389
506		5.450020
507		7.101542
508		4.954564
509		6.936389
510		4.954564
511		7.101542
512		6.440933
513		5.284868
514		6.440933
515		6.936389
516		6.275781
517		6.771237
518		5.945477
519		7.762150
520		4.128803
521		5.284868
522		5.450020
523		5.945477
524		7.596998
525		7.596998
526		4.624259
527		6.936389
528		5.450020
529		6.275781
530		8.257607
531		5.780324
532		7.596998
533		4.954564
534		7.762150
535		6.936389
536		6.606085
537		8.587911
538		6.275781
539		6.606085
540		5.945477
541		5.780324
542		5.780324
543		7.596998
544		9.083367
545		5.450020
546		5.615172
547		5.780324
548		6.771237
549		4.128803
550		4.624259
551		6.440933
552		5.615172
553		5.615172
554		5.615172
555		7.266694
556		5.780324
557		7.431846
558		6.275781
559		5.615172
560		5.119716
561		6.275781
562		7.266694
563		8.918215
564		6.275781
565		6.275781
566		7.762150
567		5.780324
568		8.918215
569		9.743976
570		8.257607
571		6.275781
572		6.440933
573		6.771237
574		7.266694
575		5.780324
576		5.780324
577		4.954564
578		8.918215
579		6.110629
580		6.110629
581		3.798499
582		7.266694
583		7.266694
584		6.110629
585		6.275781
586		7.101542
587		7.101542
588		5.615172
589		6.606085
590		6.606085
591		6.440933
592		7.927302
593		8.257607
594		7.596998
595		5.284868
596		6.440933
597		7.101542
598		6.936389
599		8.257607
600		6.110629
601		5.119716
602		5.615172
603		7.762150
604		6.275781
605		5.780324
606		5.945477
607		5.615172
608		5.945477
609		5.945477
610		7.431846
611		6.771237
612		5.450020
613		5.615172
614		6.110629
615		4.459107
616		5.780324
617		5.119716
618		5.450020
619		6.606085
620		6.606085
621		5.615172
622		4.954564
623		5.780324
624		6.440933
625		7.266694
626		5.450020
627		4.624259
628		4.293955
629		5.615172
630		5.284868
631		5.615172
632		5.450020
633		5.450020
634		3.963651
635		3.963651
636		4.954564
637		5.284868
638		5.450020
639		5.780324
640		3.137891
641		5.284868
642		4.789412
643		3.963651
644		4.624259
645		4.459107
646		2.807586
647		4.954564
648		5.615172
649		4.293955
650		4.459107
651		5.119716
652		3.137891
653		5.780324
654		3.963651
655		3.468195
656		2.972738
657		5.450020
658		5.284868
659		5.284868
660		5.945477
661		4.128803
662		5.119716
663		4.128803
664		2.642434
665		4.954564
666		3.963651
667		4.624259
668		4.459107
669		3.633347
670		3.303043
671		4.128803
672		3.468195
673		2.972738
674		4.954564
675		4.624259
676		3.798499
677		4.128803
678		5.450020
679		2.642434
680		4.293955
681		3.137891
682		4.293955
683		6.275781
684		4.293955
685		4.128803
686		4.624259
687		3.633347
688		4.128803
689		3.303043
690		2.972738
691		4.128803
692		6.110629
693		7.431846
694		24.442516
695		24.607668
696		11.230345
697		4.954564
698		4.293955
699		5.615172
700		3.633347
701		4.128803
702		4.789412
703		2.642434
704		3.137891
705		4.459107
706		3.468195
707		4.624259
708		4.954564
709		3.303043
710		4.954564
711		2.972738
712		4.128803
713		3.798499
714		4.128803
715		4.459107
716		3.303043
717		3.963651
718		3.137891
719		3.633347
720		3.633347
721		3.468195
722		3.468195
723		3.798499
724		3.963651
725		2.312130
726		3.963651
727		4.954564
728		3.798499
729		3.137891
730		2.312130
731		5.615172
732		2.972738
733		4.128803
734		3.137891
735		3.633347
736		5.284868
737		3.963651
738		4.624259
739		3.468195
740		3.963651
741		4.293955
742		4.128803
743		5.945477
744		3.963651
745		4.128803
746		4.459107
747		3.303043
748		3.633347
749		1.981826
750		4.459107
751		2.642434
752		4.293955
753		3.633347
754		3.633347
755		3.137891
756		4.954564
757		2.312130
758		4.293955
759		4.293955
760		2.642434
761		3.303043
762		3.633347
763		3.963651
764		4.789412
765		4.293955
766		4.128803
767		4.293955
768		4.954564
769		4.128803
770		2.807586
771		3.633347
772		3.963651
773		4.459107
774		5.945477
775		4.459107
776		4.459107
777		4.459107
778		3.633347
779		4.293955
780		4.128803
781		5.284868
782		3.963651
783		4.128803
784		4.624259
785		4.293955
786		4.789412
787		2.807586
788		4.789412
789		4.459107
790		2.972738
791		3.798499
792		3.468195
793		3.468195
794		3.468195
795		4.128803
796		4.624259
797		2.972738
798		2.972738
799		3.633347
800		2.642434
801		4.459107
802		3.963651
803		5.780324
804		4.954564
805		3.798499
806		2.972738
807		4.624259
808		3.303043
809		3.798499
810		3.963651
811		4.624259
812		4.789412
813		3.963651
814		3.303043
815		4.624259
816		4.128803
817		3.468195
818		4.293955
819		4.128803
820		3.303043
821		3.303043
822		3.468195
823		4.128803
824		4.789412
825		4.128803
826		2.807586
827		4.789412
828		4.789412
829		4.293955
830		3.963651
831		3.137891
832		3.137891
833		3.303043
834		4.954564
835		2.972738
836		3.468195
837		3.798499
838		4.459107
839		4.624259
840		4.789412
841		4.293955
842		2.807586
843		4.128803
844		2.972738
845		3.963651
846		3.303043
847		3.468195
848		4.624259
849		4.789412
850		4.293955
851		4.624259
852		3.137891
853		4.128803
854		2.972738
855		5.615172
856		3.137891
857		3.963651
858		5.450020
859		4.293955
860		3.798499
861		4.293955
862		5.119716
863		2.642434
864		4.624259
865		3.798499
866		4.624259
867		3.468195
868		4.789412
869		2.807586
870		3.798499
871		4.128803
872		4.293955
873		4.293955
874		2.642434
875		4.128803
876		4.954564
877		5.450020
878		3.798499
879		3.798499
880		4.789412
881		3.963651
882		4.789412
883		3.633347
884		3.468195
885		3.963651
886		3.798499
887		4.293955
888		4.789412
889		3.963651
890		3.303043
891		4.789412
892		4.293955
893		4.789412
894		4.459107
895		3.798499
896		3.633347
897		4.293955
898		5.615172
899		4.789412
900		5.780324
901		4.789412
902		4.789412
903		2.807586
904		3.633347
905		4.789412
906		4.293955
907		5.780324
908		2.972738
909		3.798499
910		3.137891
911		4.293955
912		4.954564
913		5.284868
914		3.633347
915		4.789412
916		3.963651
917		5.450020
918		6.606085
919		4.459107
920		4.459107
921		4.789412
922		3.137891
923		4.954564
924		5.119716
925		4.954564
926		4.293955
927		5.284868
928		3.963651
929		5.284868
930		4.293955
931		3.633347
932		4.789412
933		5.450020
934		4.459107
935		5.284868
936		3.633347
937		5.450020
938		6.275781
939		4.789412
940		4.293955
941		3.303043
942		4.954564
943		4.128803
944		3.963651
945		5.284868
946		5.945477
947		4.293955
948		4.789412
949		4.954564
950		3.798499
951		5.615172
952		3.633347
953		4.624259
954		5.615172
955		3.633347
956		5.780324
957		2.972738
958		3.798499
959		4.624259
960		5.945477
961		6.606085
962		4.293955
963		4.293955
964		3.798499
965		4.459107
966		5.284868
967		5.119716
968		5.780324
969		4.293955
970		4.293955
971		5.615172
972		5.284868
973		4.789412
974		3.137891
975		4.954564
976		4.624259
977		3.468195
978		3.303043
979		5.615172
980		6.275781
981		5.450020
982		6.275781
983		3.798499
984		5.119716
985		4.624259
986		3.798499
987		4.293955
988		3.798499
989		6.110629
990		6.275781
991		5.450020
992		4.459107
993		5.450020
994		6.771237
995		4.459107
996		5.450020
997		5.450020
998		5.780324
999		5.780324
1000		3.963651
1001		4.789412
1002		4.624259
1003		4.293955
1004		4.624259
1005		5.284868
1006		4.789412
1007		5.945477
1008		7.431846
1009		4.789412
1010		3.137891
1011		5.780324
1012		5.615172
1013		5.119716
1014		5.284868
1015		4.128803
1016		5.615172
1017		5.780324
1018		6.606085
1019		4.624259
1020		5.284868
1021		5.780324
1022		5.450020
1023		3.633347
1024		5.780324
1025		4.789412
1026		4.624259
1027		4.789412
1028		3.798499
1029		5.284868
1030		5.450020
1031		5.945477
1032		3.798499
1033		5.119716
1034		4.459107
1035		4.789412
1036		4.128803
1037		5.945477
1038		4.624259
1039		5.945477
1040		5.615172
1041		6.275781
1042		6.771237
1043		3.963651
1044		5.284868
1045		4.128803
1046		4.293955
1047		4.954564
1048		5.945477
1049		5.780324
1050		4.624259
1051		4.624259
1052		5.450020
1053		4.128803
1054		4.624259
1055		4.789412
1056		4.624259
1057		5.780324
1058		6.110629
1059		5.615172
1060		7.101542
1061		4.459107
1062		5.450020
1063		4.624259
1064		6.110629
1065		7.101542
1066		3.963651
1067		4.128803
1068		4.954564
1069		5.945477
1070		5.284868
1071		3.798499
1072		4.954564
1073		6.771237
1074		4.459107
1075		4.789412
1076		5.450020
1077		4.459107
1078		5.945477
1079		5.450020
1080		3.963651
1081		5.284868
1082		6.936389
1083		4.954564
1084		4.954564
1085		6.110629
1086		4.954564
1087		5.284868
1088		6.110629
1089		6.110629
1090		5.945477
1091		4.459107
1092		6.771237
1093		5.615172
1094		8.092455
1095		4.128803
1096		6.440933
1097		5.119716
1098		6.275781
1099		3.798499
1100		4.954564
1101		6.936389
1102		8.257607
1103		4.459107
1104		6.771237
1105		5.945477
1106		5.945477
1107		3.963651
1108		5.450020
1109		5.945477
1110		6.440933
1111		7.101542
1112		6.771237
1113		7.596998
1114		5.615172
1115		3.633347
1116		5.615172
1117		4.954564
1118		5.119716
1119		6.440933
1120		4.459107
1121		6.440933
1122		6.606085
1123		4.128803
1124		5.945477
1125		4.954564
1126		7.101542
1127		8.092455
1128		5.945477
1129		4.789412
1130		6.275781
1131		5.780324
1132		6.110629
1133		9.083367
1134		6.440933
1135		5.284868
1136		7.431846
1137		5.945477
1138		7.266694
1139		5.284868
1140		6.110629
1141		5.780324
1142		6.606085
1143		6.275781
1144		6.110629
1145		6.275781
1146		7.266694
1147		6.275781
1148		5.615172
1149		5.284868
1150		7.431846
1151		5.615172
1152		7.266694
1153		6.440933
1154		5.780324
1155		5.945477
1156		7.431846
1157		6.771237
1158		6.936389
1159		8.753063
1160		7.762150
1161		5.450020
1162		7.266694
1163		7.927302
1164		7.431846
1165		6.771237
1166		8.092455
1167		7.927302
1168		5.615172
1169		8.257607
1170		5.615172
1171		7.596998
1172		7.266694
1173		8.918215
1174		6.275781
1175		7.431846
1176		7.596998
1177		7.927302
1178		7.266694
1179		7.431846
1180		8.918215
1181		6.110629
1182		7.431846
1183		9.083367
1184		9.578824
1185		7.431846
1186		7.762150
1187		7.596998
1188		8.918215
1189		9.248519
1190		6.110629
1191		7.762150
1192		7.927302
1193		6.606085
1194		9.578824
1195		7.431846
1196		6.110629
1197		7.431846
1198		7.596998
1199		9.083367
1200		5.119716
1201		6.606085
1202		7.596998
1203		6.440933
1204		8.587911
1205		7.266694
1206		7.101542
1207		7.927302
1208		8.422759
1209		6.606085
1210		7.101542
1211		6.110629
1212		6.936389
1213		6.936389
1214		5.450020
1215		6.110629
1216		7.101542
1217		8.422759
1218		6.771237
1219		7.431846
1220		7.431846
1221		7.431846
1222		7.927302
1223		7.431846
1224		8.092455
1225		11.065193
1226		6.936389
1227		8.092455
1228		6.110629
1229		7.927302
1230		8.257607
1231		6.606085
1232		7.101542
1233		7.596998
1234		8.918215
1235		8.753063
1236		7.101542
1237		7.596998
1238		7.762150
1239		8.092455
1240		7.431846
1241		7.266694
1242		7.596998
1243		7.101542
1244		7.927302
1245		8.422759
1246		7.101542
1247		9.909128
1248		9.083367
1249		5.780324
1250		8.257607
1251		8.257607
1252		8.753063
1253		8.422759
1254		7.596998
1255		8.092455
1256		6.110629
1257		5.615172
1258		6.936389
1259		9.248519
1260		9.413671
1261		10.404584
1262		8.422759
1263		8.587911
1264		9.083367
1265		6.275781
1266		7.101542
1267		10.404584
1268		8.918215
1269		10.734888
1270		8.918215
1271		8.587911
1272		9.083367
1273		8.587911
1274		8.753063
1275		6.936389
1276		10.404584
1277		8.753063
1278		9.083367
1279		9.909128
1280		10.569736
1281		11.395497
1282		9.248519
1283		7.596998
1284		8.753063
1285		8.753063
1286		9.248519
1287		9.083367
1288		8.587911
1289		8.422759
1290		8.753063
1291		9.578824
1292		10.404584
1293		7.596998
1294		7.762150
1295		8.918215
1296		9.578824
1297		8.918215
1298		9.248519
1299		11.395497
1300		7.266694
1301		9.248519
1302		9.909128
1303		9.578824
1304		9.083367
1305		8.753063
1306		9.909128
1307		7.596998
1308		10.734888
1309		10.074280
1310		7.927302
1311		9.083367
1312		9.743976
1313		7.431846
1314		9.743976
1315		7.927302
1316		8.422759
1317		8.753063
1318		10.404584
1319		8.422759
1320		9.083367
1321		8.257607
1322		11.065193
1323		11.560649
1324		9.743976
1325		9.909128
1326		8.587911
1327		9.083367
1328		9.909128
1329		10.239432
1330		9.909128
1331		10.074280
1332		9.083367
1333		10.734888
1334		6.771237
1335		8.918215
1336		9.743976
1337		7.596998
1338		8.092455
1339		12.221258
1340		9.743976
1341		8.918215
1342		9.743976
1343		11.560649
1344		10.569736
1345		10.074280
1346		11.560649
1347		8.753063
1348		9.743976
1349		11.065193
1350		9.743976
1351		9.578824
1352		14.037931
1353		8.257607
1354		10.569736
1355		12.221258
1356		10.239432
1357		12.551562
1358		9.083367
1359		8.753063
1360		10.734888
1361		11.560649
1362		11.065193
1363		9.909128
1364		10.734888
1365		10.074280
1366		10.900041
1367		9.083367
1368		9.248519
1369		11.890953
1370		10.074280
1371		12.716714
1372		12.551562
1373		12.386410
1374		10.569736
1375		9.743976
1376		9.248519
1377		10.074280
1378		11.065193
1379		11.890953
1380		11.725801
1381		12.221258
1382		11.065193
1383		11.065193
1384		9.743976
1385		11.560649
1386		11.230345
1387		11.230345
1388		13.377322
1389		9.909128
1390		11.395497
1391		15.193996
1392		13.212171
1393		10.239432
1394		9.578824
1395		9.083367
1396		13.047018
1397		13.542475
1398		8.587911
1399		12.716714
1400		11.560649
1401		10.239432
1402		8.587911
1403		8.092455
1404		10.074280
1405		10.404584
1406		13.047018
1407		11.395497
1408		9.743976
1409		12.221258
1410		12.716714
1411		10.239432
1412		10.569736
1413		8.918215
1414		11.560649
1415		12.056106
1416		12.056106
1417		10.404584
1418		12.551562
1419		12.716714
1420		11.395497
1421		10.074280
1422		9.578824
1423		10.074280
1424		11.395497
1425		11.230345
1426		10.734888
1427		14.863692
1428		10.900041
1429		13.377322
1430		11.065193
1431		11.065193
1432		8.422759
1433		11.065193
1434		9.743976
1435		11.560649
1436		10.900041
1437		10.569736
1438		11.065193
1439		11.395497
1440		12.221258
1441		8.918215
1442		7.762150
1443		11.560649
1444		12.386410
1445		13.047018
1446		10.900041
1447		11.560649
1448		12.881866
1449		12.716714
1450		10.569736
1451		11.230345
1452		10.569736
1453		13.047018
1454		14.368236
1455		12.551562
1456		10.239432
1457		13.872779
1458		10.074280
1459		13.212171
1460		13.707627
1461		10.900041
1462		10.900041
1463		11.890953
1464		11.395497
1465		11.890953
1466		10.569736
1467		12.221258
1468		10.734888
1469		11.065193
1470		10.074280
1471		12.716714
1472		11.065193
1473		13.047018
1474		9.743976
1475		10.404584
1476		11.395497
1477		10.239432
1478		12.386410
1479		12.221258
1480		13.707627
1481		12.881866
1482		12.716714
1483		12.386410
1484		13.872779
1485		10.569736
1486		11.560649
1487		10.734888
1488		10.074280
1489		13.212171
1490		12.056106
1491		11.230345
1492		10.900041
1493		15.524301
1494		11.065193
1495		14.203083
1496		12.221258
1497		13.872779
1498		12.056106
1499		10.900041
1500		11.890953
1501		12.716714
1502		12.716714
1503		13.542475
1504		12.551562
1505		12.386410
1506		11.395497
1507		11.230345
1508		12.551562
1509		12.551562
1510		13.377322
1511		13.542475
1512		13.707627
1513		12.881866
1514		14.203083
1515		12.221258
1516		9.248519
1517		11.230345
1518		16.680365
1519		12.881866
1520		12.551562
1521		10.900041
1522		13.872779
1523		12.221258
1524		10.734888
1525		11.230345
1526		12.551562
1527		12.551562
1528		12.716714
1529		13.872779
1530		13.542475
1531		15.028844
1532		14.533387
1533		12.881866
1534		12.551562
1535		14.698540
1536		14.037931
1537		13.212171
1538		12.551562
1539		14.203083
1540		12.716714
1541		13.047018
1542		13.872779
1543		12.551562
1544		13.542475
1545		13.872779
1546		13.542475
1547		12.386410
1548		17.175821
1549		13.707627
1550		13.212171
1551		12.551562
1552		12.716714
1553		12.716714
1554		12.056106
1555		12.716714
1556		13.047018
1557		15.028844
1558		15.028844
1559		12.056106
1560		12.221258
1561		12.386410
1562		11.065193
1563		10.900041
1564		13.542475
1565		13.707627
1566		11.725801
1567		12.056106
1568		13.872779
1569		13.047018
1570		15.689452
1571		12.386410
1572		12.386410
1573		13.707627
1574		14.368236
1575		14.533387
1576		13.212171
1577		12.716714
1578		13.707627
1579		13.707627
1580		14.698540
1581		15.193996
1582		11.890953
1583		12.386410
1584		13.872779
1585		14.037931
1586		14.368236
1587		12.386410
1588		13.542475
1589		12.386410
1590		13.872779
1591		12.551562
1592		13.047018
1593		12.386410
1594		12.551562
1595		13.542475
1596		13.707627
1597		17.010670
1598		12.056106
1599		15.689452
1600		13.212171
1601		15.028844
1602		15.689452
1603		15.028844
1604		14.698540
1605		13.377322
1606		15.854605
1607		13.872779
1608		16.515213
1609		15.028844
1610		13.542475
1611		13.047018
1612		16.184910
1613		15.854605
1614		15.689452
1615		16.019756
1616		13.212171
1617		15.689452
1618		17.010670
1619		13.872779
1620		14.368236
1621		12.551562
1622		12.386410
1623		15.359148
1624		16.515213
1625		18.662191
1626		15.524301
1627		13.542475
1628		17.175821
1629		13.047018
1630		16.184910
1631		15.854605
1632		17.671278
1633		18.331886
1634		14.698540
1635		15.193996
1636		12.386410
1637		14.368236
1638		17.340973
1639		17.836430
1640		12.221258
1641		17.506126
1642		17.340973
1643		14.368236
1644		16.019756
1645		16.019756
1646		12.881866
1647		16.019756
1648		15.854605
1649		15.524301
1650		12.716714
1651		15.854605
1652		15.689452
1653		13.377322
1654		15.689452
1655		15.689452
1656		12.221258
1657		15.854605
1658		13.047018
1659		16.184910
1660		16.184910
1661		18.827343
1662		16.019756
1663		13.707627
1664		15.193996
1665		16.184910
1666		18.166735
1667		13.212171
1668		16.184910
1669		17.506126
1670		16.845518
1671		16.184910
1672		19.983408
1673		14.533387
1674		14.698540
1675		24.937971
1676		36.828926
1677		51.857769
1678		78.777565
1679		89.677605
1680		87.365479
1681		82.741219
1682		68.703285
1683		54.169899
1684		48.554726
1685		30.553144
1686		23.616755
1687		22.460690
1688		23.286451
1689		24.112211
1690		23.781906
1691		27.084949
1692		27.250101
1693		22.790995
1694		25.103125
1695		23.121298
1696		23.286451
1697		24.937971
1698		27.250101
1699		27.415255
1700		24.772820
1701		24.277363
1702		26.259190
1703		24.937971
1704		22.790995
1705		23.781906
1706		26.424341
1707		24.607668
1708		25.268276
1709		23.616755
1710		27.250101
1711		21.304625
1712		23.947060
1713		28.901623
1714		22.295538
1715		24.937971
1716		26.259190
1717		25.928885
1718		25.433428
1719		26.589493
1720		26.424341
1721		30.553144
1722		23.451603
1723		27.250101
1724		23.947060
1725		27.580406
1726		28.075863
1727		23.616755
1728		26.424341
1729		31.378904
1730		25.103125
1731		26.424341
1732		27.084949
1733		24.277363
1734		25.928885
1735		25.598581
1736		26.259190
1737		28.241014
1738		26.259190
1739		28.736471
1740		25.928885
1741		27.580406
1742		27.415255
1743		28.075863
1744		28.901623
1745		28.736471
1746		24.772820
1747		27.250101
1748		28.901623
1749		28.241014
1750		32.039513
1751		30.553144
1752		29.231928
1753		23.616755
1754		26.424341
1755		32.039513
1756		27.084949
1757		32.369820
1758		33.195580
1759		28.406166
1760		30.387993
1761		26.094036
1762		27.415255
1763		33.525883
1764		31.213753
1765		26.589493
1766		28.241014
1767		26.754644
1768		26.589493
1769		30.057688
1770		33.030426
1771		30.057688
1772		32.865273
1773		32.700123
1774		31.378904
1775		31.709209
1776		27.415255
1777		31.213753
1778		23.781906
1779		32.534969
1780		32.534969
1781		30.057688
1782		30.883448
1783		31.213753
1784		29.727385
1785		35.507710
1786		36.828926
1787		30.387993
1788		32.534969
1789		30.553144
1790		28.901623
1791		32.204666
1792		31.874361
1793		36.663773
1794		33.856186
1795		33.525883
1796		31.544058
1797		32.204666
1798		37.489532
1799		34.681946
1800		31.378904
1801		34.681946
1802		36.498623
1803		34.186493
1804		32.369820
1805		32.204666
1806		35.342556
1807		33.856186
1808		34.351643
1809		36.168316
1810		29.892536
1811		35.342556
1812		34.681946
1813		33.195580
1814		34.186493
1815		35.507710
1816		34.847099
1817		31.709209
1818		33.856186
1819		30.222839
1820		32.865273
1821		31.213753
1822		32.204666
1823		33.525883
1824		27.910709
1825		32.369820
1826		28.571320
1827		28.736471
1828		29.066774
1829		28.075863
1830		32.039513
1831		30.553144
1832		28.736471
1833		26.259190
1834		27.415255
1835		32.534969
1836		27.415255
1837		26.589493
1838		26.919798
1839		27.910709
1840		26.754644
1841		27.745558
1842		26.259190
1843		27.250101
1844		23.451603
1845		27.580406
1846		24.277363
1847		22.130386
1848		21.965233
1849		23.781906
1850		28.901623
1851		24.442516
1852		26.094036
1853		24.112211
1854		26.754644
1855		26.754644
1856		26.754644
1857		25.103125
1858		24.277363
1859		19.983408
1860		25.763733
1861		26.919798
1862		27.415255
1863		27.415255
1864		22.790995
1865		26.919798
1866		27.415255
1867		24.112211
1868		25.598581
1869		27.250101
1870		24.442516
1871		22.956146
1872		25.268276
1873		19.818256
1874		19.653103
1875		22.625841
1876		22.790995
1877		23.286451
1878		26.589493
1879		26.424341
1880		32.369820
1881		51.692616
1882		74.318459
1883		124.359558
1884		182.658264
1885		238.149368
1886		268.207062
1887		254.994888
1888		247.563049
1889		196.696182
1890		125.845924
1891		84.227585
1892		56.812332
1893		39.141056
1894		37.159229
1895		38.150143
1896		34.681946
1897		34.021339
1898		34.681946
1899		38.645599
1900		29.066774
1901		34.516796
1902		30.222839
1903		34.186493
1904		29.892536
1905		32.534969
1906		33.856186
1907		34.516796
1908		30.222839
1909		35.342556
1910		35.838013
1911		36.828926
1912		31.874361
1913		34.516796
1914		32.534969
1915		37.324383
1916		36.828926
1917		29.892536
1918		33.691036
1919		31.544058
1920		32.204666
1921		30.553144
1922		34.681946
1923		39.966816
1924		29.231928
1925		32.039513
1926		30.387993
1927		31.213753
1928		31.544058
1929		32.204666
1930		31.544058
1931		35.177402
1932		31.378904
1933		35.012253
1934		35.838013
1935		33.195580
1936		39.636513
1937		32.700123
1938		35.672859
1939		30.718296
1940		33.691036
1941		33.030426
1942		32.039513
1943		30.718296
1944		34.516796
1945		35.342556
1946		32.700123
1947		34.516796
1948		31.709209
1949		35.507710
1950		30.057688
1951		27.580406
1952		27.084949
1953		29.892536
1954		28.406166
1955		29.892536
1956		30.718296
1957		27.745558
1958		37.489532
1959		31.048601
1960		29.562231
1961		31.544058
1962		31.544058
1963		29.066774
1964		27.910709
1965		30.057688
1966		28.901623
1967		29.231928
1968		27.084949
1969		24.772820
1970		36.168316
1971		31.709209
1972		31.048601
1973		31.048601
1974		28.406166
1975		33.195580
1976		31.378904
1977		29.727385
1978		31.213753
1979		31.048601
1980		32.865273
1981		31.544058
1982		31.048601
1983		33.030426
1984		33.856186
1985		29.066774
1986		33.360729
1987		33.691036
1988		33.030426
1989		34.516796
1990		34.681946
1991		34.351643
1992		30.057688
1993		32.204666
1994		30.057688
1995		23.286451
1996		27.415255
1997		26.754644
1998		24.112211
1999		24.607668
2000		25.103125
2001		28.901623
2002		26.094036
2003		23.947060
2004		24.772820
2005		22.295538
2006		26.424341
2007		26.094036
2008		25.928885
2009		28.406166
2010		25.103125
2011		24.772820
2012		24.277363
2013		27.580406
2014		21.139473
2015		23.451603
2016		21.965233
2017		21.634930
2018		27.745558
2019		20.974321
2020		20.478865
2021		21.965233
2022		25.598581
2023		22.460690
2024		22.625841
2025		22.625841
2026		20.644016
2027		21.139473
2028		17.506126
2029		20.809168
2030		18.331886
2031		19.322800
2032		17.836430
2033		19.322800
2034		21.634930
2035		16.515213
2036		14.698540
2037		17.671278
2038		16.019756
2039		15.028844
2040		14.533387
2041		18.331886
2042		17.836430
2043		16.184910
2044		14.037931
2045		13.542475
2046		12.551562
2047		11.230345
2048		11.890953
2049		11.725801
2050		10.734888
2051		10.900041
2052		11.725801
2053		10.239432
2054		7.596998
2055		8.587911
2056		9.909128
2057		10.569736
2058		16.515213
2059		15.689452
2060		12.551562
2061		8.092455
2062		7.266694
2063		7.596998
2064		6.771237
2065		8.587911
2066		6.440933
2067		10.074280
2068		8.918215
2069		7.762150
2070		7.431846
2071		6.275781
2072		6.110629
2073		6.936389
2074		6.936389
2075		3.963651
2076		7.927302
2077		6.110629
2078		7.266694
2079		5.945477
2080		7.101542
2081		4.624259
2082		6.440933
2083		7.431846
2084		6.275781
2085		12.056106
2086		13.047018
2087		29.231928
2088		56.812332
2089		120.726212
2090		193.888596
2091		272.335876
2092		327.826996
2093		369.775635
2094		329.313354
2095		278.776794
2096		193.393143
2097		114.285278
2098		57.638092
2099		30.553144
2100		16.184910
2101		9.248519
2102		5.780324
2103		5.945477
2104		4.624259
2105		6.275781
2106		4.624259
2107		5.780324
2108		4.459107
2109		4.954564
2110		5.615172
2111		6.440933
2112		6.440933
2113		4.293955
2114		6.440933
2115		4.624259
2116		4.128803
2117		3.798499
2118		4.954564
2119		4.954564
2120		5.119716
2121		3.137891
2122		4.624259
2123		4.293955
2124		5.119716
2125		4.459107
2126		5.780324
2127		4.954564
2128		4.459107
2129		4.128803
2130		6.771237
2131		4.459107
2132		4.789412
2133		3.963651
2134		5.284868
2135		5.780324
2136		4.293955
2137		3.137891
2138		4.459107
2139		5.450020
2140		4.128803
2141		4.624259
2142		6.606085
2143		5.450020
2144		5.119716
2145		4.293955
2146		3.963651
2147		4.624259
2148		4.789412
2149		3.303043
2150		4.624259
2151		4.954564
2152		3.633347
2153		3.798499
2154		4.293955
2155		3.798499
2156		4.459107
2157		4.459107
2158		4.954564
2159		5.284868
2160		5.119716
2161		6.771237
2162		5.780324
2163		3.963651
2164		4.459107
2165		3.963651
2166		4.293955
2167		4.293955
2168		5.119716
2169		5.945477
2170		4.789412
2171		3.963651
2172		5.119716
2173		7.431846
2174		4.624259
2175		5.119716
2176		5.284868
2177		4.459107
2178		3.963651
2179		6.936389
2180		5.284868
2181		4.954564
2182		6.110629
2183		5.945477
2184		4.293955
2185		3.798499
2186		4.459107
2187		3.963651
2188		5.615172
2189		5.119716
2190		4.954564
2191		5.780324
2192		5.119716
2193		3.633347
2194		4.459107
2195		5.284868
2196		4.624259
2197		5.450020
2198		3.137891
2199		3.468195
2200		4.624259
2201		3.303043
2202		4.954564
2203		3.633347
2204		3.468195
2205		4.624259
2206		3.468195
2207		3.137891
2208		3.963651
2209		2.807586
2210		3.303043
2211		2.312130
2212		2.312130
2213		2.146978
2214		4.293955
2215		2.312130
2216		3.137891
2217		2.477282
2218		3.798499
2219		4.293955
2220		3.633347
2221		2.972738
2222		3.633347
2223		2.807586
2224		2.972738
2225		1.981826
2226		2.807586
2227		2.807586
2228		2.972738
2229		2.972738
2230		3.468195
2231		2.146978
2232		2.807586
2233		2.972738
2234		2.972738
2235		3.633347
2236		2.312130
2237		2.477282
2238		2.477282
2239		1.981826
2240		1.651521
2241		2.477282
2242		3.137891
2243		1.651521
2244		1.486369
2245		1.816673
2246		1.651521
2247		1.981826
2248		2.146978
2249		1.981826
2250		2.642434
2251		1.816673
2252		1.651521
2253		2.642434
2254		1.981826
2255		1.486369
2256		1.981826
2257		2.642434
2258		2.146978
2259		1.981826
2260		2.312130
2261		1.321217
2262		3.798499
2263		5.615172
2264		12.551562
2265		18.827343
2266		17.010670
2267		12.221258
2268		7.101542
2269		3.303043
2270		1.981826
2271		2.477282
2272		1.156065
2273		2.146978
2274		2.642434
2275		2.807586
2276		1.321217
2277		1.651521
2278		2.146978
2279		2.477282
2280		1.486369
2281		1.321217
2282		1.486369
2283		1.651521
2284		3.137891
2285		2.146978
2286		2.642434
2287		2.477282
2288		2.146978
2289		2.146978
2290		1.651521
2291		2.642434
2292		2.642434
2293		1.816673
2294		2.312130
2295		2.312130
2296		3.303043
2297		1.651521
2298		2.312130
2299		0.825761
2300		1.981826
2301		1.981826
2302		1.156065
2303		0.990913
2304		0.990913
2305		0.660609
2306		1.486369
2307		0.990913
2308		1.156065
2309		1.651521
2310		1.651521
2311		3.468195
2312		1.651521
2313		2.146978
2314		1.816673
2315		0.660609
2316		1.651521
2317		1.321217
2318		1.486369
2319		1.651521
2320		1.321217
2321		0.660609
2322		1.321217
2323		0.825761
2324		2.312130
2325		1.321217
2326		0.990913
2327		1.486369
2328		1.156065
2329		1.321217
2330		0.825761
2331		1.321217
2332		0.165152
2333		0.330304
2334		0.495456
2335		0.000000
2336		0.495456
2337		0.495456
2338		0.165152
2339		0.495456
2340		0.330304
2341		0.660609
2342		0.165152
2343		0.000000
2344		0.000000
2345		0.000000
2346		0.165152
2347		0.000000
2348		0.000000
2349		0.000000
2350		0.000000
2351		0.000000
2352		0.000000
2353		0.000000
2354		0.000000
2355		0.000000
2356		0.000000
2357		0.000000
2358		0.000000
2359		0.000000
2360		0.000000
2361		0.000000
2362		0.000000
2363		0.000000
2364		0.000000
2365		0.000000
2366		0.000000
2367		0.000000
2368		0.000000
2369		0.000000
2370		0.000000
2371		0.000000
2372		0.000000
2373		0.000000
2374		0.000000
2375		0.000000
2376		0.000000
2377		0.000000
2378		0.000000
2379		0.000000
2380		0.000000
2381		0.000000
2382		0.000000
2383		0.000000
2384		0.000000
2385		0.000000
2386		0.000000
2387		0.000000
2388		0.000000
2389		0.000000
2390		0.000000
2391		0.000000
2392		0.000000
2393		0.000000
2394		0.000000
2395		0.000000
2396		0.000000
2397		0.000000
2398		0.000000
2399		0.000000
2400		0.000000
2401		0.000000
2402		0.000000
2403		0.000000
2404		0.000000
2405		0.000000
2406		0.000000
2407		0.000000
2408		0.000000
2409		0.000000
2410		0.000000
2411		0.000000
2412		0.000000
2413		0.000000
2414		0.000000
2415		0.000000
2416		0.000000
2417		0.000000
2418		0.000000
2419		0.000000
2420		0.000000
2421		0.000000
2422		0.000000
2423		0.000000
2424		0.000000
2425		0.000000
2426		0.000000
2427		0.000000
2428		0.000000
2429		0.000000
2430		0.000000
2431		0.000000
2432		0.000000
2433		0.000000
2434		0.000000
2435		0.000000
2436		0.000000
2437		0.000000
2438		0.000000
2439		0.000000
2440		0.000000
2441		0.000000
2442		0.000000
2443		0.000000
2444		0.000000
2445		0.000000
2446		0.000000
2447		0.000000
2448		0.000000
2449		0.000000
2450		0.000000
2451		0.000000
2452		0.000000
2453		0.000000
2454		0.000000
2455		0.000000
2456		0.000000
2457		0.000000
2458		0.000000
2459		0.000000
2460		0.000000
2461		0.000000
2462		0.000000
2463		0.000000
2464		0.000000
2465		0.000000
2466		0.000000
2467		0.000000
2468		0.000000
2469		0.000000
2470		0.000000
2471		0.000000
2472		0.000000
2473		0.000000
2474		0.000000
2475		0.000000
2476		0.000000
2477		0.000000
2478		0.000000
2479		0.000000
2480		0.000000
2481		0.000000
2482		0.000000
2483		0.000000
2484		0.000000
2485		0.000000
2486		0.000000
2487		0.000000
2488		0.000000
2489		0.000000
2490		0.000000
2491		0.000000
2492		0.000000
2493		0.000000
2494		0.000000
2495		0.000000
2496		0.000000
2497		0.000000
2498		0.000000
2499		0.000000
2500		0.000000
2501		0.000000
2502		0.000000
2503		0.000000
2504		0.000000
2505		0.000000
2506		0.000000
2507		0.000000
2508		0.000000
2509		0.000000
2510		0.000000
2511		0.000000
2512		0.000000
2513		0.000000
2514		0.000000
2515		0.000000
2516		0.000000
2517		0.000000
2518		0.000000
2519		0.000000
2520		0.000000
2521		0.000000
2522		0.000000
2523		0.000000
2524		0.000000
2525		0.000000
2526		0.000000
2527		0.000000
2528		0.000000
2529		0.000000
2530		0.000000
2531		0.000000
2532		0.000000
2533		0.000000
2534		0.000000
2535		0.000000
2536		0.000000
2537		0.000000
2538		0.000000
2539		0.000000
2540		0.000000
2541		0.000000
2542		0.000000
2543		0.000000
2544		0.000000
2545		0.000000
2546		0.000000
2547		0.000000
2548		0.000000
2549		0.000000
2550		0.000000
2551		0.000000
2552		0.000000
2553		0.000000
2554		0.000000
2555		0.000000
2556		0.000000
2557		0.000000
2558		0.000000
2559		0.000000
2560		0.000000
2561		0.000000
2562		0.000000
2563		0.000000
2564		0.000000
2565		0.000000
2566		0.000000
2567		0.000000
2568		0.000000
2569		0.000000
2570		0.000000
2571		0.000000
2572		0.000000
2573		0.000000
2574		0.000000
2575		0.000000
2576		0.000000
2577		0.000000
2578		0.000000
2579		0.000000
2580		0.000000
2581		0.000000
2582		0.000000
2583		0.000000
2584		0.000000
2585		0.000000
2586		0.000000
2587		0.000000
2588		0.000000
2589		0.000000
2590		0.000000
2591		0.000000
2592		0.000000
2593		0.000000
2594		0.000000
2595		0.000000
2596		0.000000
2597		0.000000
2598		0.000000
2599		0.000000
2600		0.000000
2601		0.000000
2602		0.000000
2603		0.000000
2604		0.000000
2605		0.000000
2606		0.000000
2607		0.000000
2608		0.000000
2609		0.000000
2610		0.000000
2611		0.000000
2612		0.000000
2613		0.000000
2614		0.000000
2615		0.000000
2616		0.000000
2617		0.000000
2618		0.000000
2619		0.000000
2620		0.000000
2621		0.000000
2622		0.000000
2623		0.000000
2624		0.000000
2625		0.000000
2626		0.000000
2627		0.000000
2628		0.000000
2629		0.000000
2630		0.000000
2631		0.000000
2632		0.000000
2633		0.000000
2634		0.000000
2635		0.000000
2636		0.000000
2637		0.000000
2638		0.000000
2639		0.000000
2640		0.000000
2641		0.000000
2642		0.000000
2643		0.000000
2644		0.000000
2645		0.000000
2646		0.000000
2647		0.000000
2648		0.000000
2649		0.000000
2650		0.000000
2651		0.000000
2652		0.000000
2653		0.000000
2654		0.000000
2655		0.000000
2656		0.000000
2657		0.000000
2658		0.000000
2659		0.000000
2660		0.000000
2661		0.000000
2662		0.000000
2663		0.000000
2664		0.000000
2665		0.000000
2666		0.000000
2667		0.000000
2668		0.000000
2669		0.000000
2670		0.000000
2671		0.000000
2672		0.000000
2673		0.000000
2674		0.000000
2675		0.000000
2676		0.000000
2677		0.000000
2678		0.000000
2679		0.000000
2680		0.000000
2681		0.000000
2682		0.000000
2683		0.000000
2684		0.000000
2685		0.000000
2686		0.000000
2687		0.000000
2688		0.000000
2689		0.000000
2690		0.000000
2691		0.000000
2692		0.000000
2693		0.000000
2694		0.000000
2695		0.000000
2696		0.000000
2697		0.000000
2698		0.000000
2699		0.000000
2700		0.000000
2701		0.000000
2702		0.000000
2703		0.000000
2704		0.000000
2705		0.000000
2706		0.000000
2707		0.000000
2708		0.000000
2709		0.000000
2710		0.000000
2711		0.000000
2712		0.000000
2713		0.000000
2714		0.000000
2715		0.000000
2716		0.000000
2717		0.000000
2718		0.000000
2719		0.000000
2720		0.000000
2721		0.000000
2722		0.000000
2723		0.000000
2724		0.000000
2725		0.000000
2726		0.000000
2727		0.000000
2728		0.000000
2729		0.000000
2730		0.000000
2731		0.000000
2732		0.000000
2733		0.000000
2734		0.000000
2735		0.000000
2736		0.000000
2737		0.000000
2738		0.000000
2739		0.000000
2740		0.000000
2741		0.000000
2742		0.000000
2743		0.000000
2744		0.000000
2745		0.000000
2746		0.000000
2747		0.000000
2748		0.000000
2749		0.000000
2750		0.000000
2751		0.000000
2752		0.000000
2753		0.000000
2754		0.000000
2755		0.000000
2756		0.000000
2757		0.000000
2758		0.000000
2759		0.000000
2760		0.000000
2761		0.000000
2762		0.000000
2763		0.000000
2764		0.000000
2765		0.000000
2766		0.000000
2767		0.000000
2768		0.000000
2769		0.000000
2770		0.000000
2771		0.000000
2772		0.000000
2773		0.000000
2774		0.000000
2775		0.000000
2776		0.000000
2777		0.000000
2778		0.000000
2779		0.000000
2780		0.000000
2781		0.000000
2782		0.000000
2783		0.000000
2784		0.000000
2785		0.000000
2786		0.000000
2787		0.000000
2788		0.000000
2789		0.000000
2790		0.000000
2791		0.000000
2792		0.000000
2793		0.000000
2794		0.000000
2795		0.000000
2796		0.000000
2797		0.000000
2798		0.000000
2799		0.000000
2800		0.000000
2801		0.000000
2802		0.000000
2803		0.000000
2804		0.000000
2805		0.000000
2806		0.000000
2807		0.000000
2808		0.000000
2809		0.000000
2810		0.000000
2811		0.000000
2812		0.000000
2813		0.000000
2814		0.000000
2815		0.000000
2816		0.000000
2817		0.000000
2818		0.000000
2819		0.000000
2820		0.000000
2821		0.000000
2822		0.000000
2823		0.000000
2824		0.000000
2825		0.000000
2826		0.000000
2827		0.000000
2828		0.000000
2829		0.000000
2830		0.000000
2831		0.000000
2832		0.000000
2833		0.000000
2834		0.000000
2835		0.000000
2836		0.000000
2837		0.000000
2838		0.000000
2839		0.000000
2840		0.000000
2841		0.000000
2842		0.000000
2843		0.000000
2844		0.000000
2845		0.000000
2846		0.000000
2847		0.000000
2848		0.000000
2849		0.000000
2850		0.000000
2851		0.000000
2852		0.000000
2853		0.000000
2854		0.000000
2855		0.000000
2856		0.000000
2857		0.000000
2858		0.000000
2859		0.000000
2860		0.000000
2861		0.000000
2862		0.000000
2863		0.000000
2864		0.000000
2865		0.000000
2866		0.000000
2867		0.000000
2868		0.000000
2869		0.000000
2870		0.000000
2871		0.000000
2872		0.000000
2873		0.000000
2874		0.000000
2875		0.000000
2876		0.000000
2877		0.000000
2878		0.000000
2879		0.000000
2880		0.000000
2881		0.000000
2882		0.000000
2883		0.000000
2884		0.000000
2885		0.000000
2886		0.000000
2887		0.000000
2888		0.000000
2889		0.000000
2890		0.000000
2891		0.000000
2892		0.000000
2893		0.000000
2894		0.000000
2895		0.000000
2896		0.000000
2897		0.000000
2898		0.000000
2899		0.000000
2900		0.000000
2901		0.000000
2902		0.000000
2903		0.000000
2904		0.000000
2905		0.000000
2906		0.000000
2907		0.000000
2908		0.000000
2909		0.000000
2910		0.000000
2911		0.000000
2912		0.000000
2913		0.000000
2914		0.000000
2915		0.000000
2916		0.000000
2917		0.000000
2918		0.000000
2919		0.000000
2920		0.000000
2921		0.000000
2922		0.000000
2923		0.000000
2924		0.000000
2925		0.000000
2926		0.000000
2927		0.000000
2928		0.000000
2929		0.000000
2930		0.000000
2931		0.000000
2932		0.000000
2933		0.000000
2934		0.000000
2935		0.000000
2936		0.000000
2937		0.000000
2938		0.000000
2939		0.000000
2940		0.000000
2941		0.000000
2942		0.000000
2943		0.000000
2944		0.000000
2945		0.000000
2946		0.000000
2947		0.000000
2948		0.000000
2949		0.000000
2950		0.000000
2951		0.000000
2952		0.000000
2953		0.000000
2954		0.000000
2955		0.000000
2956		0.000000
2957		0.000000
2958		0.000000
2959		0.000000
2960		0.000000
2961		0.000000
2962		0.000000
2963		0.000000
2964		0.000000
2965		0.000000
2966		0.000000
2967		0.000000
2968		0.000000
2969		0.000000
2970		0.000000
2971		0.000000
2972		0.000000
2973		0.000000
2974		0.000000
2975		0.000000
2976		0.000000
2977		0.000000
2978		0.000000
2979		0.000000
2980		0.000000
2981		0.000000
2982		0.000000
2983		0.000000
2984		0.000000
2985		0.000000
2986		0.000000
2987		0.000000
2988		0.000000
2989		0.000000
2990		0.000000
2991		0.000000
2992		0.000000
2993		0.000000
2994		0.000000
2995		0.000000
2996		0.000000
2997		0.000000
2998		0.000000
2999		0.000000
3000		0.000000
3001		0.000000
3002		0.000000
3003		0.000000
3004		0.000000
3005		0.000000
3006		0.000000
3007		0.000000
3008		0.000000
3009		0.000000
3010		0.000000
3011		0.000000
3012		0.000000
3013		0.000000
3014		0.000000
3015		0.000000
3016		0.000000
3017		0.000000
3018		0.000000
3019		0.000000
3020		0.000000
3021		0.000000
3022		0.000000
3023		0.000000
3024		0.000000
3025		0.000000
3026		0.000000
3027		0.000000
3028		0.000000
3029		0.000000
3030		0.000000
3031		0.000000
3032		0.000000
3033		0.000000
3034		0.000000
3035		0.000000
3036		0.000000
3037		0.000000
3038		0.000000
3039		0.000000
3040		0.000000
3041		0.000000
3042		0.000000
3043		0.000000
3044		0.000000
3045		0.000000
3046		0.000000
3047		0.000000
3048		0.000000
3049		0.000000
3050		0.000000
3051		0.000000
3052		0.000000
3053		0.000000
3054		0.000000
3055		0.000000
3056		0.000000
3057		0.000000
3058		0.000000
3059		0.000000
3060		0.000000
3061		0.000000
3062		0.000000
3063		0.000000
3064		0.000000
3065		0.000000
3066		0.000000
3067		0.000000
3068		0.000000
3069		0.000000
3070		0.000000
3071		0.000000
3072		0.000000
3073		0.000000
3074		0.000000
3075		0.000000
3076		0.000000
3077		0.000000
3078		0.000000
3079		0.000000
3080		0.000000
3081		0.000000
3082		0.000000
3083		0.000000
3084		0.000000
3085		0.000000
3086		0.000000
3087		0.000000
3088		0.000000
3089		0.000000
3090		0.000000
3091		0.000000
3092		0.000000
3093		0.000000
3094		0.000000
3095		0.000000
3096		0.000000
3097		0.000000
3098		0.000000
3099		0.000000
3100		0.000000
3101		0.000000
3102		0.000000
3103		0.000000
3104		0.000000
3105		0.000000
3106		0.000000
3107		0.000000
3108		0.000000
3109		0.000000
3110		0.000000
3111		0.000000
3112		0.000000
3113		0.000000
3114		0.000000
3115		0.000000
3116		0.000000
3117		0.000000
3118		0.000000
3119		0.000000
3120		0.000000
3121		0.000000
3122		0.000000
3123		0.000000
3124		0.000000
3125		0.000000
3126		0.000000
3127		0.000000
3128		0.000000
3129		0.000000
3130		0.000000
3131		0.000000
3132		0.000000
3133		0.000000
3134		0.000000
3135		0.000000
3136		0.000000
3137		0.000000
3138		0.000000
3139		0.000000
3140		0.000000
3141		0.000000
3142		0.000000
3143		0.000000
3144		0.000000
3145		0.000000
3146		0.000000
3147		0.000000
3148		0.000000
3149		0.000000
3150		0.000000
3151		0.000000
3152		0.000000
3153		0.000000
3154		0.000000
3155		0.000000
3156		0.000000
3157		0.000000
3158		0.000000
3159		0.000000
3160		0.000000
3161		0.000000
3162		0.000000
3163		0.000000
3164		0.000000
3165		0.000000
3166		0.000000
3167		0.000000
3168		0.000000
3169		0.000000
3170		0.000000
3171		0.000000
3172		0.000000
3173		0.000000
3174		0.000000
3175		0.000000
3176		0.000000
3177		0.000000
3178		0.000000
3179		0.000000
3180		0.000000
3181		0.000000
3182		0.000000
3183		0.000000
3184		0.000000
3185		0.000000
3186		0.000000
3187		0.000000
3188		0.000000
3189		0.000000
3190		0.000000
3191		0.000000
3192		0.000000
3193		0.000000
3194		0.000000
3195		0.000000
3196		0.000000
3197		0.000000
3198		0.000000
3199		0.000000
3200		0.000000
3201		0.000000
3202		0.000000
3203		0.000000
3204		0.000000
3205		0.000000
3206		0.000000
3207		0.000000
3208		0.000000
3209		0.000000
3210		0.000000
3211		0.000000
3212		0.000000
3213		0.000000
3214		0.000000
3215		0.000000
3216		0.000000
3217		0.000000
3218		0.000000
3219		0.000000
3220		0.000000
3221		0.000000
3222		0.000000
3223		0.000000
3224		0.000000
3225		0.000000
3226		0.000000
3227		0.000000
3228		0.000000
3229		0.000000
3230		0.000000
3231		0.000000
3232		0.000000
3233		0.000000
3234		0.000000
3235		0.000000
3236		0.000000
3237		0.000000
3238		0.000000
3239		0.000000
3240		0.000000
3241		0.000000
3242		0.000000
3243		0.000000
3244		0.000000
3245		0.000000
3246		0.000000
3247		0.000000
3248		0.000000
3249		0.000000
3250		0.000000
3251		0.000000
3252		0.000000
3253		0.000000
3254		0.000000
3255		0.000000
3256		0.000000
3257		0.000000
3258		0.000000
3259		0.000000
3260		0.000000
3261		0.000000
3262		0.000000
3263		0.000000
3264		0.000000
3265		0.000000
3266		0.000000
3267		0.000000
3268		0.000000
3269		0.000000
3270		0.000000
3271		0.000000
3272		0.000000
3273		0.000000
3274		0.000000
3275		0.000000
3276		0.000000
3277		0.000000
3278		0.000000
3279		0.000000
3280		0.000000
3281		0.000000
3282		0.000000
3283		0.000000
3284		0.000000
3285		0.000000
3286		0.000000
3287		0.000000
3288		0.000000
3289		0.000000
3290		0.000000
3291		0.000000
3292		0.000000
3293		0.000000
3294		0.000000
3295		0.000000
3296		0.000000
3297		0.000000
3298		0.000000
3299		0.000000
3300		0.000000
3301		0.000000
3302		0.000000
3303		0.000000
3304		0.000000
3305		0.000000
3306		0.000000
3307		0.000000
3308		0.000000
3309		0.000000
3310		0.000000
3311		0.000000
3312		0.000000
3313		0.000000
3314		0.000000
3315		0.000000
3316		0.000000
3317		0.000000
3318		0.000000
3319		0.000000
3320		0.000000
3321		0.000000
3322		0.000000
3323		0.000000
3324		0.000000
3325		0.000000
3326		0.000000
3327		0.000000
3328		0.000000
3329		0.000000
3330		0.000000
3331		0.000000
3332		0.000000
3333		0.000000
3334		0.000000
3335		0.000000
3336		0.000000
3337		0.000000
3338		0.000000
3339		0.000000
3340		0.000000
3341		0.000000
3342		0.000000
3343		0.000000
3344		0.000000
3345		0.000000
3346		0.000000
3347		0.000000
3348		0.000000
3349		0.000000
3350		0.000000
3351		0.000000
3352		0.000000
3353		0.000000
3354		0.000000
3355		0.000000
3356		0.000000
3357		0.000000
3358		0.000000
3359		0.000000
3360		0.000000
3361		0.000000
3362		0.000000
3363		0.000000
3364		0.000000
3365		0.000000
3366		0.000000
3367		0.000000
3368		0.000000
3369		0.000000
3370		0.000000
3371		0.000000
3372		0.000000
3373		0.000000
3374		0.000000
3375		0.000000
3376		0.000000
3377		0.000000
3378		0.000000
3379		0.000000
3380		0.000000
3381		0.000000
3382		0.000000
3383		0.000000
3384		0.000000
3385		0.000000
3386		0.000000
3387		0.000000
3388		0.000000
3389		0.000000
3390		0.000000
3391		0.000000
3392		0.000000
3393		0.000000
3394		0.000000
3395		0.000000
3396		0.000000
3397		0.000000
3398		0.000000
3399		0.000000
3400		0.000000
3401		0.000000
3402		0.000000
3403		0.000000
3404		0.000000
3405		0.000000
3406		0.000000
3407		0.000000
3408		0.000000
3409		0.000000
3410		0.000000
3411		0.000000
3412		0.000000
3413		0.000000
3414		0.000000
3415		0.000000
3416		0.000000
3417		0.000000
3418		0.000000
3419		0.000000
3420		0.000000
3421		0.000000
3422		0.000000
3423		0.000000
3424		0.000000
3425		0.000000
3426		0.000000
3427		0.000000
3428		0.000000
3429		0.000000
3430		0.000000
3431		0.000000
3432		0.000000
3433		0.000000
3434		0.000000
3435		0.000000
3436		0.000000
3437		0.000000
3438		0.000000
3439		0.000000
3440		0.000000
3441		0.000000
3442		0.000000
3443		0.000000
3444		0.000000
3445		0.000000
3446		0.000000
3447		0.000000
3448		0.000000
3449		0.000000
3450		0.000000
3451		0.000000
3452		0.000000
3453		0.000000
3454		0.000000
3455		0.000000
3456		0.000000
3457		0.000000
3458		0.000000
3459		0.000000
3460		0.000000
3461		0.000000
3462		0.000000
3463		0.000000
3464		0.000000
3465		0.000000
3466		0.000000
3467		0.000000
3468		0.000000
3469		0.000000
3470		0.000000
3471		0.000000
3472		0.000000
3473		0.000000
3474		0.000000
3475		0.000000
3476		0.000000
3477		0.000000
3478		0.000000
3479		0.000000
3480		0.000000
3481		0.000000
3482		0.000000
3483		0.000000
3484		0.000000
3485		0.000000
3486		0.000000
3487		0.000000
3488		0.000000
3489		0.000000
3490		0.000000
3491		0.000000
3492		0.000000
3493		0.000000
3494		0.000000
3495		0.000000
3496		0.000000
3497		0.000000
3498		0.000000
3499		0.000000
3500		0.000000
3501		0.000000
3502		0.000000
3503		0.000000
3504		0.000000
3505		0.000000
3506		0.000000
3507		0.000000
3508		0.000000
3509		0.000000
3510		0.000000
3511		0.000000
3512		0.000000
3513		0.000000
3514		0.000000
3515		0.000000
3516		0.000000
3517		0.000000
3518		0.000000
3519		0.000000
3520		0.000000
3521		0.000000
3522		0.000000
3523		0.000000
3524		0.000000
3525		0.000000
3526		0.000000
3527		0.000000
3528		0.000000
3529		0.000000
3530		0.000000
3531		0.000000
3532		0.000000
3533		0.000000
3534		0.000000
3535		0.000000
3536		0.000000
3537		0.000000
3538		0.000000
3539		0.000000
3540		0.000000
3541		0.000000
3542		0.000000
3543		0.000000
3544		0.000000
3545		0.000000
3546		0.000000
3547		0.000000
3548		0.000000
3549		0.000000
3550		0.000000
3551		0.000000
3552		0.000000
3553		0.000000
3554		0.000000
3555		0.000000
3556		0.000000
3557		0.000000
3558		0.000000
3559		0.000000
3560		0.000000
3561		0.000000
3562		0.000000
3563		0.000000
3564		0.000000
3565		0.000000
3566		0.000000
3567		0.000000
3568		0.000000
3569		0.000000
3570		0.000000
3571		0.000000
3572		0.000000
3573		0.000000
3574		0.000000
3575		0.000000
3576		0.000000
3577		0.000000
3578		0.000000
3579		0.000000
3580		0.000000
3581		0.000000
3582		0.000000
3583		0.000000
3584		0.000000
3585		0.000000
3586		0.000000
3587		0.000000
3588		0.000000
3589		0.000000
3590		0.000000
3591		0.000000
3592		0.000000
3593		0.000000
3594		0.000000
3595		0.000000
3596		0.000000
3597		0.000000
3598		0.000000
3599		0.000000
3600		0.000000
3601		0.000000
3602		0.000000
3603		0.000000
3604		0.000000
3605		0.000000
3606		0.000000
3607		0.000000
3608		0.000000
3609		0.000000
3610		0.000000
3611		0.000000
3612		0.000000
3613		0.000000
3614		0.000000
3615		0.000000
3616		0.000000
3617		0.000000
3618		0.000000
3619		0.000000
3620		0.000000
3621		0.000000
3622		0.000000
3623		0.000000
3624		0.000000
3625		0.000000
3626		0.000000
3627		0.000000
3628		0.000000
3629		0.000000
3630		0.000000
3631		0.000000
3632		0.000000
3633		0.000000
3634		0.000000
3635		0.000000
3636		0.000000
3637		0.000000
3638		0.000000
3639		0.000000
3640		0.000000
3641		0.000000
3642		0.000000
3643		0.000000
3644		0.000000
3645		0.000000
3646		0.000000
3647		0.000000
3648		0.000000
3649		0.000000
3650		0.000000
3651		0.000000
3652		0.000000
3653		0.000000
3654		0.000000
3655		0.000000
3656		0.000000
3657		0.000000
3658		0.000000
3659		0.000000
3660		0.000000
3661		0.000000
3662		0.000000
3663		0.000000
3664		0.000000
3665		0.000000
3666		0.000000
3667		0.000000
3668		0.000000
3669		0.000000
3670		0.000000
3671		0.000000
3672		0.000000
3673		0.000000
3674		0.000000
3675		0.000000
3676		0.000000
3677		0.000000
3678		0.000000
3679		0.000000
3680		0.000000
3681		0.000000
3682		0.000000
3683		0.000000
3684		0.000000
3685		0.000000
3686		0.000000
3687		0.000000
3688		0.000000
3689		0.000000
3690		0.000000
3691		0.000000
3692		0.000000
3693		0.000000
3694		0.000000
3695		0.000000
3696		0.000000
3697		0.000000
3698		0.000000
3699		0.000000
3700		0.000000
3701		0.000000
3702		0.000000
3703		0.000000
3704		0.000000
3705		0.000000
3706		0.000000
3707		0.000000
3708		0.000000
3709		0.000000
3710		0.000000
3711		0.000000
3712		0.000000
3713		0.000000
3714		0.000000
3715		0.000000
3716		0.000000
3717		0.000000
3718		0.000000
3719		0.000000
3720		0.000000
3721		0.000000
3722		0.000000
3723		0.000000
3724		0.000000
3725		0.000000
3726		0.000000
3727		0.000000
3728		0.000000
3729		0.000000
3730		0.000000
3731		0.000000
3732		0.000000
3733		0.000000
3734		0.000000
3735		0.000000
3736		0.000000
3737		0.000000
3738		0.000000
3739		0.000000
3740		0.000000
3741		0.000000
3742		0.000000
3743		0.000000
3744		0.000000
3745		0.000000
3746		0.000000
3747		0.000000
3748		0.000000
3749		0.000000
3750		0.000000
3751		0.000000
3752		0.000000
3753		0.000000
3754		0.000000
3755		0.000000
3756		0.000000
3757		0.000000
3758		0.000000
3759		0.000000
3760		0.000000
3761		0.000000
3762		0.000000
3763		0.000000
3764		0.000000
3765		0.000000
3766		0.000000
3767		0.000000
3768		0.000000
3769		0.000000
3770		0.000000
3771		0.000000
3772		0.000000
3773		0.000000
3774		0.000000
3775		0.000000
3776		0.000000
3777		0.000000
3778		0.000000
3779		0.000000
3780		0.000000
3781		0.000000
3782		0.000000
3783		0.000000
3784		0.000000
3785		0.000000
3786		0.000000
3787		0.000000
3788		0.000000
3789		0.000000
3790		0.000000
3791		0.000000
3792		0.000000
3793		0.000000
3794		0.000000
3795		0.000000
3796		0.000000
3797		0.000000
3798		0.000000
3799		0.000000
3800		0.000000
3801		0.000000
3802		0.000000
3803		0.000000
3804		0.000000
3805		0.000000
3806		0.000000
3807		0.000000
3808		0.000000
3809		0.000000
3810		0.000000
3811		0.000000
3812		0.000000
3813		0.000000
3814		0.000000
3815		0.000000
3816		0.000000
3817		0.000000
3818		0.000000
3819		0.000000
3820		0.000000
3821		0.000000
3822		0.000000
3823		0.000000
3824		0.000000
3825		0.000000
3826		0.000000
3827		0.000000
3828		0.000000
3829		0.000000
3830		0.000000
3831		0.000000
3832		0.000000
3833		0.000000
3834		0.000000
3835		0.000000
3836		0.000000
3837		0.000000
3838		0.000000
3839		0.000000
3840		0.000000
3841		0.000000
3842		0.000000
3843		0.000000
3844		0.000000
3845		0.000000
3846		0.000000
3847		0.000000
3848		0.000000
3849		0.000000
3850		0.000000
3851		0.000000
3852		0.000000
3853		0.000000
3854		0.000000
3855		0.000000
3856		0.000000
3857		0.000000
3858		0.000000
3859		0.000000
3860		0.000000
3861		0.000000
3862		0.000000
3863		0.000000
3864		0.000000
3865		0.000000
3866		0.000000
3867		0.000000
3868		0.000000
3869		0.000000
3870		0.000000
3871		0.000000
3872		0.000000
3873		0.000000
3874		0.000000
3875		0.000000
3876		0.000000
3877		0.000000
3878		0.000000
3879		0.000000
3880		0.000000
3881		0.000000
3882		0.000000
3883		0.000000
3884		0.000000
3885		0.000000
3886		0.000000
3887		0.000000
3888		0.000000
3889		0.000000
3890		0.000000
3891		0.000000
3892		0.000000
3893		0.000000
3894		0.000000
3895		0.000000
3896		0.000000
3897		0.000000
3898		0.000000
3899		0.000000
3900		0.000000
3901		0.000000
3902		0.000000
3903		0.000000
3904		0.000000
3905		0.000000
3906		0.000000
3907		0.000000
3908		0.000000
3909		0.000000
3910		0.000000
3911		0.000000
3912		0.000000
3913		0.000000
3914		0.000000
3915		0.000000
3916		0.000000
3917		0.000000
3918		0.000000
3919		0.000000
3920		0.000000
3921		0.000000
3922		0.000000
3923		0.000000
3924		0.000000
3925		0.000000
3926		0.000000
3927		0.000000
3928		0.000000
3929		0.000000
3930		0.000000
3931		0.000000
3932		0.000000
3933		0.000000
3934		0.000000
3935		0.000000
3936		0.000000
3937		0.000000
3938		0.000000
3939		0.000000
3940		0.000000
3941		0.000000
3942		0.000000
3943		0.000000
3944		0.000000
3945		0.000000
3946		0.000000
3947		0.000000
3948		0.000000
3949		0.000000
3950		0.000000
3951		0.000000
3952		0.000000
3953		0.000000
3954		0.000000
3955		0.000000
3956		0.000000
3957		0.000000
3958		0.000000
3959		0.000000
3960		0.000000
3961		0.000000
3962		0.000000
3963		0.000000
3964		0.000000
3965		0.000000
3966		0.000000
3967		0.000000
3968		0.000000
3969		0.000000
3970		0.000000
3971		0.000000
3972		0.000000
3973		0.000000
3974		0.000000
3975		0.000000
3976		0.000000
3977		0.000000
3978		0.000000
3979		0.000000
3980		0.000000
3981		0.000000
3982		0.000000
3983		0.000000
3984		0.000000
3985		0.000000
3986		0.000000
3987		0.000000
3988		0.000000
3989		0.000000
3990		0.000000
3991		0.000000
3992		0.000000
3993		0.000000
3994		0.000000
3995		0.000000
3996		0.000000
3997		0.000000
3998		0.000000
3999		0.000000
4000		0.000000
4001		0.000000
4002		0.000000
4003		0.000000
4004		0.000000
4005		0.000000
4006		0.000000
4007		0.000000
4008		0.000000
4009		0.000000
4010		0.000000
4011		0.000000
4012		0.000000
4013		0.000000
4014		0.000000
4015		0.000000
4016		0.000000
4017		0.000000
4018		0.000000
4019		0.000000
4020		0.000000
4021		0.000000
4022		0.000000
4023		0.000000
4024		0.000000
4025		0.000000
4026		0.000000
4027		0.000000
4028		0.000000
4029		0.000000
4030		0.000000
4031		0.000000
4032		0.000000
4033		0.000000
4034		0.000000
4035		0.000000
4036		0.000000
4037		0.000000
4038		0.000000
4039		0.000000
4040		0.000000
4041		0.000000
4042		0.000000
4043		0.000000
4044		0.000000
4045		0.000000
4046		0.000000
4047		0.000000
4048		0.000000
4049		0.000000
4050		0.000000
4051		0.000000
4052		0.000000
4053		0.000000
4054		0.000000
4055		0.000000
4056		0.000000
4057		0.000000
4058		0.000000
4059		0.000000
4060		0.000000
4061		0.000000
4062		0.000000
4063		0.000000
4064		0.000000
4065		0.000000
4066		0.000000
4067		0.000000
4068		0.000000
4069		0.000000
4070		0.000000
4071		0.000000
4072		0.000000
4073		0.000000
4074		0.000000
4075		0.000000
4076		0.000000
4077		0.000000
4078		0.000000
4079		0.000000
4080		0.000000
4081		0.000000
4082		0.000000
4083		0.000000
4084		0.000000
4085		0.000000
4086		0.000000
4087		0.000000
4088		0.000000
4089		0.000000
4090		0.000000
4091		0.000000
4092		0.000000
4093		0.000000
4094		0.000000
4095		0.000000
