0		0.000000
1		0.000000
2		0.000000
3		0.000000
4		0.000000
5		0.000000
6		0.000000
7		0.000000
8		0.000000
9		0.000000
10		0.000000
11		0.000000
12		0.000000
13		0.000000
14		0.000000
15		0.000000
16		0.000000
17		0.000000
18		0.000000
19		0.000000
20		0.000000
21		0.000000
22		0.000000
23		0.000000
24		0.000000
25		0.000000
26		0.000000
27		0.000000
28		0.000000
29		0.000000
30		0.000000
31		0.000000
32		0.000000
33		0.000000
34		0.000000
35		0.000000
36		0.000000
37		0.000000
38		0.000000
39		0.000000
40		0.000000
41		0.000000
42		0.000000
43		0.000000
44		0.000000
45		0.000000
46		0.000000
47		0.000000
48		0.000000
49		0.000000
50		0.000000
51		0.000000
52		0.000000
53		0.000000
54		0.000000
55		0.000000
56		0.000000
57		0.000000
58		0.000000
59		0.000000
60		0.000000
61		0.000000
62		0.000000
63		0.000000
64		0.000000
65		0.000000
66		0.000000
67		0.000000
68		0.000000
69		0.000000
70		0.000000
71		0.000000
72		0.000000
73		0.000000
74		0.000000
75		0.000000
76		0.000000
77		0.000000
78		0.000000
79		0.000000
80		0.000000
81		0.000000
82		0.000000
83		0.000000
84		0.000000
85		0.000000
86		0.000000
87		0.000000
88		0.000000
89		0.000000
90		0.000000
91		0.000000
92		0.000000
93		0.000000
94		0.000000
95		0.000000
96		0.000000
97		0.000000
98		0.000000
99		0.000000
100		0.000000
101		0.000000
102		0.000000
103		0.000000
104		0.000000
105		0.000000
106		0.000000
107		0.000000
108		0.000000
109		33858.738281
110		20552.777344
111		560.294128
112		78.894699
113		82.044189
114		73.698044
115		83.461456
116		84.248833
117		78.737228
118		84.091354
119		84.248833
120		79.839546
121		82.359138
122		80.626923
123		72.753197
124		80.941872
125		82.674088
126		79.524597
127		84.878731
128		89.288017
129		82.201668
130		88.343170
131		90.075386
132		88.185692
133		90.862762
134		96.531837
135		98.421532
136		99.523857
137		110.547066
138		117.633415
139		105.980309
140		97.949112
141		79.839546
142		87.713272
143		85.193680
144		73.540573
145		80.626923
146		86.138527
147		88.815590
148		86.295998
149		89.130539
150		94.642143
151		97.791634
152		99.051430
153		116.216148
154		114.326454
155		116.216148
156		114.011505
157		115.428772
158		123.774918
159		126.451988
160		122.672600
161		134.483185
162		132.436020
163		139.522369
164		143.144272
165		150.388107
166		150.388107
167		146.451248
168		150.703049
169		157.002029
170		158.419296
171		171.489685
172		171.804626
173		175.269073
174		183.457733
175		194.638428
176		193.378632
177		197.472961
178		204.401840
179		216.369904
180		230.227646
181		233.062195
182		999.332886
183		2938.000977
184		1209.876221
185		151.018005
186		101.413551
187		105.507881
188		109.129799
189		106.452728
190		122.200172
191		125.349663
192		126.451988
193		131.963593
194		126.766937
195		125.664612
196		128.341675
197		124.877243
198		118.420792
199		119.838058
200		110.862015
201		119.680588
202		118.263313
203		112.279282
204		114.483925
205		112.436760
206		110.389595
207		110.232117
208		115.901199
209		119.838058
210		111.964333
211		121.255325
212		118.263313
213		114.326454
214		113.066658
215		109.444748
216		114.956352
217		110.547066
218		115.428772
219		106.925156
220		108.499901
221		106.452728
222		103.933136
223		104.720512
224		110.389595
225		100.468704
226		95.272041
227		94.642143
228		101.728500
229		94.799622
230		102.515869
231		93.382347
232		102.515869
233		98.264061
234		93.539825
235		90.547813
236		93.224876
237		85.823578
238		91.650131
239		93.539825
240		98.421532
241		96.374367
242		99.208908
243		99.523857
244		90.390335
245		86.295998
246		91.807610
247		87.240845
248		77.634903
249		86.295998
250		75.902687
251		80.469444
252		89.445488
253		82.989037
254		81.886719
255		86.138527
256		79.682076
257		78.264801
258		79.682076
259		70.233604
260		74.485413
261		65.509369
262		73.225624
263		78.579750
264		74.012993
265		74.327942
266		74.800362
267		74.642891
268		82.989037
269		78.264801
270		75.902687
271		71.493401
272		79.682076
273		74.012993
274		78.107330
275		77.634903
276		75.272789
277		76.532585
278		68.501389
279		74.170464
280		68.816338
281		69.603706
282		74.012993
283		66.296745
284		69.446236
285		70.233604
286		74.485413
287		73.068146
288		74.012993
289		65.509369
290		70.076134
291		70.863503
292		70.076134
293		71.335930
294		69.131287
295		68.186440
296		68.658859
297		68.343910
298		68.028961
299		71.965828
300		63.777153
301		65.036949
302		69.603706
303		68.816338
304		65.666847
305		68.658859
306		69.918655
307		68.343910
308		69.761185
309		66.769165
310		69.603706
311		63.462204
312		62.989780
313		71.965828
314		98.106583
315		333.845825
316		368.175262
317		113.539078
318		63.304729
319		62.989780
320		66.454216
321		59.367870
322		55.745956
323		57.005753
324		59.052921
325		62.832306
326		65.666847
327		66.611694
328		62.202408
329		65.351898
330		64.722000
331		60.942612
332		54.958584
333		64.407051
334		67.714012
335		64.722000
336		61.729984
337		62.989780
338		63.147255
339		65.351898
340		62.044933
341		65.351898
342		67.714012
343		63.147255
344		65.351898
345		68.028961
346		64.249580
347		66.139267
348		67.556541
349		64.879471
350		65.509369
351		60.155243
352		66.139267
353		65.194420
354		68.028961
355		68.501389
356		65.351898
357		66.454216
358		65.194420
359		70.548553
360		67.871490
361		64.879471
362		68.501389
363		68.658859
364		78.264801
365		66.139267
366		68.186440
367		60.785137
368		62.832306
369		72.280777
370		71.965828
371		66.139267
372		67.556541
373		74.327942
374		71.020981
375		65.036949
376		76.847534
377		74.485413
378		72.438248
379		74.800362
380		70.391083
381		83.303986
382		79.367126
383		73.698044
384		76.690056
385		83.303986
386		82.044189
387		76.532585
388		82.989037
389		86.453476
390		102.043442
391		82.674088
392		79.839546
393		81.414291
394		87.713272
395		85.666100
396		93.382347
397		89.917915
398		92.437508
399		100.941124
400		93.382347
401		103.303238
402		99.681328
403		106.925156
404		104.563034
405		114.641403
406		104.563034
407		85.823578
408		67.714012
409		63.462204
410		60.785137
411		58.108074
412		65.824318
413		60.627663
414		58.265549
415		65.194420
416		61.100086
417		58.737972
418		54.486160
419		55.273533
420		56.848278
421		49.446980
422		48.659607
423		51.336670
424		48.029709
425		51.494144
426		51.966568
427		46.927387
428		49.132030
429		46.612438
430		43.620422
431		42.203152
432		42.203152
433		39.053665
434		41.100834
435		34.801853
436		38.108818
437		38.108818
438		35.274277
439		39.053665
440		37.951344
441		30.864992
442		34.486904
443		29.290249
444		32.439735
445		28.975300
446		28.660351
447		27.400555
448		28.030453
449		33.069633
450		32.597210
451		30.864992
452		28.187927
453		27.558029
454		32.439735
455		29.132774
456		26.928131
457		31.337416
458		25.038439
459		22.203897
460		25.195913
461		25.983284
462		26.613182
463		24.408541
464		23.621168
465		25.195913
466		25.195913
467		23.936117
468		22.518847
469		25.353388
470		24.566015
471		23.778643
472		18.424511
473		23.148745
474		24.723490
475		23.306219
476		22.203897
477		23.936117
478		24.723490
479		21.888948
480		24.880964
481		21.573999
482		24.408541
483		22.046423
484		19.054409
485		24.408541
486		158.891724
487		1651.906982
488		3638.604736
489		1545.611816
490		129.129059
491		11.653110
492		12.283008
493		11.653110
494		11.810584
495		8.818569
496		11.653110
497		10.393314
498		9.448467
499		9.290993
500		10.393314
501		10.708262
502		9.763416
503		9.605942
504		8.976044
505		9.920891
506		7.873723
507		9.605942
508		10.078365
509		11.810584
510		9.448467
511		9.605942
512		8.661095
513		9.133518
514		10.708262
515		9.133518
516		10.393314
517		9.448467
518		13.857752
519		11.023211
520		7.716248
521		7.243825
522		7.558774
523		7.716248
524		8.031198
525		8.031198
526		7.716248
527		9.763416
528		8.031198
529		10.078365
530		8.976044
531		7.873723
532		10.078365
533		10.865737
534		9.920891
535		11.968059
536		9.920891
537		10.235840
538		11.495635
539		10.865737
540		11.180686
541		11.968059
542		10.078365
543		9.920891
544		9.920891
545		10.393314
546		9.920891
547		11.810584
548		11.023211
549		11.968059
550		10.865737
551		11.653110
552		12.283008
553		14.330175
554		13.070379
555		11.653110
556		12.440482
557		11.495635
558		16.062395
559		11.810584
560		19.369358
561		78.894699
562		157.631927
563		86.925896
564		12.283008
565		6.456452
566		7.086350
567		5.511606
568		5.354131
569		5.511606
570		7.873723
571		5.354131
572		7.086350
573		5.826555
574		7.873723
575		6.456452
576		6.141504
577		7.401299
578		5.354131
579		7.558774
580		7.086350
581		7.401299
582		4.566759
583		7.243825
584		5.826555
585		7.716248
586		7.716248
587		8.188671
588		7.401299
589		6.456452
590		6.298978
591		6.771401
592		6.613927
593		6.928876
594		5.039183
595		7.243825
596		7.401299
597		7.086350
598		6.613927
599		5.984029
600		6.141504
601		6.298978
602		6.613927
603		4.881708
604		6.141504
605		6.928876
606		5.354131
607		6.141504
608		6.298978
609		5.826555
610		5.669080
611		5.039183
612		7.401299
613		5.511606
614		5.354131
615		5.669080
616		5.826555
617		7.086350
618		7.873723
619		4.881708
620		5.354131
621		5.354131
622		5.354131
623		8.346146
624		5.669080
625		5.039183
626		5.039183
627		5.354131
628		5.196657
629		5.984029
630		5.511606
631		4.881708
632		5.039183
633		5.669080
634		5.354131
635		5.669080
636		4.251810
637		5.826555
638		5.826555
639		5.196657
640		4.094336
641		6.141504
642		4.566759
643		3.621912
644		3.936861
645		6.771401
646		4.881708
647		4.881708
648		6.298978
649		5.826555
650		4.409285
651		5.039183
652		4.724234
653		5.039183
654		5.196657
655		4.251810
656		4.881708
657		5.039183
658		4.566759
659		3.779387
660		4.251810
661		5.039183
662		5.669080
663		3.779387
664		6.141504
665		5.039183
666		4.724234
667		4.566759
668		5.196657
669		3.464438
670		5.669080
671		3.464438
672		3.936861
673		3.149489
674		4.881708
675		3.936861
676		4.094336
677		4.566759
678		3.621912
679		4.251810
680		5.039183
681		4.251810
682		3.936861
683		4.881708
684		4.881708
685		4.881708
686		4.094336
687		5.669080
688		4.566759
689		6.298978
690		3.464438
691		4.881708
692		5.354131
693		9.920891
694		21.259050
695		20.314205
696		7.558774
697		3.779387
698		4.251810
699		4.094336
700		3.779387
701		3.149489
702		5.039183
703		5.984029
704		3.464438
705		3.149489
706		3.779387
707		2.992015
708		3.779387
709		5.669080
710		2.834540
711		3.464438
712		4.094336
713		4.881708
714		3.936861
715		3.779387
716		3.149489
717		4.251810
718		4.724234
719		3.779387
720		4.881708
721		4.724234
722		3.464438
723		4.409285
724		4.566759
725		3.779387
726		4.409285
727		2.992015
728		4.094336
729		3.621912
730		3.149489
731		3.149489
732		4.881708
733		4.724234
734		3.464438
735		4.566759
736		3.149489
737		6.141504
738		4.251810
739		3.936861
740		3.621912
741		5.354131
742		3.621912
743		4.094336
744		2.834540
745		3.464438
746		5.196657
747		3.149489
748		4.881708
749		2.677066
750		4.251810
751		3.621912
752		5.826555
753		4.724234
754		3.464438
755		4.724234
756		4.409285
757		4.724234
758		3.779387
759		3.936861
760		5.354131
761		3.779387
762		5.039183
763		4.409285
764		4.881708
765		3.464438
766		3.779387
767		4.094336
768		5.511606
769		4.251810
770		4.409285
771		4.409285
772		2.992015
773		3.621912
774		4.566759
775		5.669080
776		4.409285
777		5.039183
778		4.724234
779		4.251810
780		3.464438
781		6.771401
782		4.409285
783		4.566759
784		5.039183
785		4.566759
786		4.724234
787		3.779387
788		5.196657
789		3.464438
790		4.409285
791		3.779387
792		5.511606
793		4.566759
794		5.354131
795		4.409285
796		5.511606
797		2.834540
798		3.464438
799		4.094336
800		2.992015
801		3.779387
802		6.141504
803		3.936861
804		3.779387
805		4.881708
806		4.566759
807		3.464438
808		6.456452
809		5.039183
810		5.039183
811		4.881708
812		4.409285
813		2.677066
814		4.409285
815		4.881708
816		3.936861
817		5.511606
818		4.409285
819		3.621912
820		4.724234
821		4.251810
822		3.936861
823		5.196657
824		3.936861
825		4.881708
826		3.464438
827		3.779387
828		3.779387
829		4.251810
830		4.251810
831		4.881708
832		3.779387
833		6.141504
834		4.566759
835		3.936861
836		2.992015
837		4.724234
838		3.779387
839		5.511606
840		5.354131
841		4.409285
842		5.669080
843		4.409285
844		2.992015
845		4.566759
846		4.251810
847		4.251810
848		5.511606
849		4.094336
850		5.669080
851		4.409285
852		6.298978
853		3.621912
854		3.936861
855		4.724234
856		5.511606
857		5.354131
858		4.881708
859		5.511606
860		4.724234
861		5.511606
862		3.306963
863		4.724234
864		4.881708
865		4.566759
866		4.881708
867		4.566759
868		4.094336
869		2.992015
870		5.511606
871		5.826555
872		5.354131
873		4.724234
874		6.771401
875		6.298978
876		4.881708
877		3.464438
878		2.519591
879		4.724234
880		4.566759
881		5.984029
882		4.094336
883		4.251810
884		4.881708
885		3.779387
886		3.936861
887		4.566759
888		4.566759
889		5.039183
890		4.251810
891		2.519591
892		3.464438
893		4.094336
894		4.724234
895		6.771401
896		5.039183
897		3.936861
898		5.354131
899		3.936861
900		4.881708
901		5.039183
902		4.881708
903		5.039183
904		4.251810
905		3.779387
906		4.881708
907		4.094336
908		5.984029
909		4.724234
910		4.251810
911		3.779387
912		5.039183
913		4.724234
914		3.779387
915		5.196657
916		4.094336
917		3.936861
918		4.724234
919		4.881708
920		4.881708
921		5.039183
922		5.826555
923		5.354131
924		4.724234
925		4.409285
926		6.141504
927		4.566759
928		4.094336
929		5.511606
930		4.881708
931		5.669080
932		3.936861
933		5.511606
934		5.354131
935		5.196657
936		4.566759
937		4.724234
938		5.039183
939		5.354131
940		5.196657
941		5.039183
942		5.196657
943		4.409285
944		4.724234
945		4.724234
946		3.306963
947		5.354131
948		5.354131
949		5.669080
950		4.724234
951		5.669080
952		5.354131
953		5.039183
954		6.928876
955		5.826555
956		5.354131
957		5.669080
958		4.409285
959		4.251810
960		5.511606
961		4.566759
962		5.196657
963		5.669080
964		5.196657
965		6.141504
966		5.826555
967		5.511606
968		5.039183
969		5.196657
970		5.196657
971		5.039183
972		4.881708
973		5.354131
974		5.511606
975		7.086350
976		5.039183
977		4.409285
978		5.354131
979		6.456452
980		4.251810
981		5.354131
982		4.566759
983		5.826555
984		5.669080
985		5.511606
986		5.354131
987		4.566759
988		5.669080
989		5.354131
990		5.196657
991		5.196657
992		5.196657
993		5.354131
994		5.196657
995		5.196657
996		5.354131
997		7.873723
998		6.456452
999		4.724234
1000		5.669080
1001		5.039183
1002		4.881708
1003		5.196657
1004		6.456452
1005		4.566759
1006		6.298978
1007		4.724234
1008		4.724234
1009		5.984029
1010		5.039183
1011		5.826555
1012		5.984029
1013		6.456452
1014		5.826555
1015		5.354131
1016		6.928876
1017		3.464438
1018		6.141504
1019		5.354131
1020		5.354131
1021		5.354131
1022		4.724234
1023		6.456452
1024		4.409285
1025		5.511606
1026		5.669080
1027		7.086350
1028		5.511606
1029		6.928876
1030		5.196657
1031		5.984029
1032		5.984029
1033		4.724234
1034		4.881708
1035		5.196657
1036		5.826555
1037		5.984029
1038		7.086350
1039		5.354131
1040		5.984029
1041		5.669080
1042		6.613927
1043		6.928876
1044		6.456452
1045		4.881708
1046		6.456452
1047		5.039183
1048		5.196657
1049		5.511606
1050		7.401299
1051		6.613927
1052		5.511606
1053		3.464438
1054		5.196657
1055		5.669080
1056		6.613927
1057		6.298978
1058		7.086350
1059		5.669080
1060		4.881708
1061		7.873723
1062		5.826555
1063		5.826555
1064		4.724234
1065		5.511606
1066		6.141504
1067		6.141504
1068		5.039183
1069		3.779387
1070		6.456452
1071		7.558774
1072		4.724234
1073		6.928876
1074		5.826555
1075		7.716248
1076		6.298978
1077		5.196657
1078		6.141504
1079		5.039183
1080		5.511606
1081		6.141504
1082		5.196657
1083		6.141504
1084		5.196657
1085		5.984029
1086		5.511606
1087		8.503620
1088		5.984029
1089		5.354131
1090		5.354131
1091		7.401299
1092		8.503620
1093		5.984029
1094		5.196657
1095		6.298978
1096		5.826555
1097		4.881708
1098		5.984029
1099		5.826555
1100		5.354131
1101		4.566759
1102		5.354131
1103		5.196657
1104		6.771401
1105		7.086350
1106		5.669080
1107		7.716248
1108		4.724234
1109		7.873723
1110		5.826555
1111		7.243825
1112		5.984029
1113		4.566759
1114		8.188671
1115		6.613927
1116		6.298978
1117		5.984029
1118		5.354131
1119		6.771401
1120		7.873723
1121		5.039183
1122		5.511606
1123		6.141504
1124		7.243825
1125		5.826555
1126		7.086350
1127		6.928876
1128		7.086350
1129		6.456452
1130		7.086350
1131		6.613927
1132		6.771401
1133		7.716248
1134		5.826555
1135		7.716248
1136		8.031198
1137		7.873723
1138		7.873723
1139		8.976044
1140		8.031198
1141		5.669080
1142		6.771401
1143		6.928876
1144		8.661095
1145		8.976044
1146		6.928876
1147		9.133518
1148		7.716248
1149		7.558774
1150		6.456452
1151		7.401299
1152		6.613927
1153		7.243825
1154		6.613927
1155		6.613927
1156		9.448467
1157		9.448467
1158		6.928876
1159		7.558774
1160		7.716248
1161		8.188671
1162		8.346146
1163		7.558774
1164		6.141504
1165		8.818569
1166		10.550788
1167		9.605942
1168		7.558774
1169		8.031198
1170		8.503620
1171		8.188671
1172		8.188671
1173		7.558774
1174		6.298978
1175		8.031198
1176		6.928876
1177		8.188671
1178		8.031198
1179		9.133518
1180		8.031198
1181		8.188671
1182		7.401299
1183		7.716248
1184		8.346146
1185		6.456452
1186		9.133518
1187		7.716248
1188		9.605942
1189		9.133518
1190		8.661095
1191		7.873723
1192		8.188671
1193		8.188671
1194		7.716248
1195		10.078365
1196		8.346146
1197		8.976044
1198		9.763416
1199		9.133518
1200		8.031198
1201		11.023211
1202		7.873723
1203		8.818569
1204		8.818569
1205		11.495635
1206		8.818569
1207		8.188671
1208		7.401299
1209		6.771401
1210		10.550788
1211		8.031198
1212		8.346146
1213		9.605942
1214		9.133518
1215		8.976044
1216		9.290993
1217		8.818569
1218		8.188671
1219		8.346146
1220		10.235840
1221		7.873723
1222		6.928876
1223		8.346146
1224		10.393314
1225		7.558774
1226		11.810584
1227		10.078365
1228		10.550788
1229		8.188671
1230		9.605942
1231		5.826555
1232		8.503620
1233		8.976044
1234		9.763416
1235		12.283008
1236		11.180686
1237		9.605942
1238		6.928876
1239		10.708262
1240		10.708262
1241		9.133518
1242		8.188671
1243		10.235840
1244		7.243825
1245		8.976044
1246		8.346146
1247		9.448467
1248		9.133518
1249		10.708262
1250		10.078365
1251		7.086350
1252		10.235840
1253		10.708262
1254		6.613927
1255		9.133518
1256		8.503620
1257		10.393314
1258		6.456452
1259		11.180686
1260		11.338161
1261		8.503620
1262		9.920891
1263		7.873723
1264		10.078365
1265		11.968059
1266		10.235840
1267		8.346146
1268		9.763416
1269		11.653110
1270		10.708262
1271		10.708262
1272		12.597957
1273		11.968059
1274		11.180686
1275		8.188671
1276		8.976044
1277		9.448467
1278		11.180686
1279		8.346146
1280		9.133518
1281		10.235840
1282		11.968059
1283		8.976044
1284		9.763416
1285		10.865737
1286		11.338161
1287		10.708262
1288		9.290993
1289		9.763416
1290		10.235840
1291		10.550788
1292		9.763416
1293		9.448467
1294		10.550788
1295		9.448467
1296		10.865737
1297		10.550788
1298		9.920891
1299		11.338161
1300		9.605942
1301		11.653110
1302		11.338161
1303		9.763416
1304		9.920891
1305		12.597957
1306		8.976044
1307		9.448467
1308		12.912905
1309		10.865737
1310		12.440482
1311		12.125533
1312		13.542803
1313		11.180686
1314		10.235840
1315		12.125533
1316		11.338161
1317		10.393314
1318		10.865737
1319		10.550788
1320		11.023211
1321		10.865737
1322		9.448467
1323		12.125533
1324		10.865737
1325		11.023211
1326		9.448467
1327		11.023211
1328		12.440482
1329		11.338161
1330		11.495635
1331		10.235840
1332		12.125533
1333		12.755430
1334		12.125533
1335		13.385328
1336		12.755430
1337		13.070379
1338		11.810584
1339		11.495635
1340		10.393314
1341		10.865737
1342		11.495635
1343		11.495635
1344		9.763416
1345		10.235840
1346		14.172701
1347		12.755430
1348		10.393314
1349		11.653110
1350		11.023211
1351		11.180686
1352		11.338161
1353		10.235840
1354		11.653110
1355		12.283008
1356		11.023211
1357		13.857752
1358		10.865737
1359		12.283008
1360		11.023211
1361		12.125533
1362		11.023211
1363		12.597957
1364		12.283008
1365		11.495635
1366		12.440482
1367		11.653110
1368		12.440482
1369		11.338161
1370		13.070379
1371		11.653110
1372		14.487650
1373		13.070379
1374		13.857752
1375		11.338161
1376		12.440482
1377		12.597957
1378		11.968059
1379		12.755430
1380		13.700277
1381		13.385328
1382		12.912905
1383		13.070379
1384		10.078365
1385		11.023211
1386		11.180686
1387		15.747445
1388		13.227854
1389		12.912905
1390		14.645124
1391		14.960073
1392		13.070379
1393		11.338161
1394		14.015226
1395		9.605942
1396		13.385328
1397		12.283008
1398		11.810584
1399		14.172701
1400		15.747445
1401		12.283008
1402		14.487650
1403		11.653110
1404		10.550788
1405		14.172701
1406		14.645124
1407		12.440482
1408		12.597957
1409		10.708262
1410		13.700277
1411		12.755430
1412		14.015226
1413		13.227854
1414		13.542803
1415		14.015226
1416		16.062395
1417		10.708262
1418		12.440482
1419		13.070379
1420		14.330175
1421		13.542803
1422		14.645124
1423		15.117547
1424		12.755430
1425		12.912905
1426		13.700277
1427		12.912905
1428		12.125533
1429		11.180686
1430		14.015226
1431		13.385328
1432		13.542803
1433		13.227854
1434		13.070379
1435		15.432496
1436		13.700277
1437		12.755430
1438		13.700277
1439		14.487650
1440		12.597957
1441		12.912905
1442		15.117547
1443		14.015226
1444		13.700277
1445		12.283008
1446		11.653110
1447		12.912905
1448		14.015226
1449		12.912905
1450		15.117547
1451		13.385328
1452		14.645124
1453		12.440482
1454		10.708262
1455		11.338161
1456		14.802599
1457		14.802599
1458		14.015226
1459		12.283008
1460		16.062395
1461		12.755430
1462		14.487650
1463		13.542803
1464		16.534817
1465		12.125533
1466		16.534817
1467		12.283008
1468		13.070379
1469		16.534817
1470		17.479664
1471		17.322189
1472		13.542803
1473		13.700277
1474		17.952087
1475		13.227854
1476		13.542803
1477		12.755430
1478		11.968059
1479		15.432496
1480		14.487650
1481		13.857752
1482		14.487650
1483		11.495635
1484		15.589971
1485		15.432496
1486		14.960073
1487		15.275022
1488		16.849766
1489		14.487650
1490		15.904920
1491		14.330175
1492		14.015226
1493		14.802599
1494		17.007240
1495		17.007240
1496		15.275022
1497		15.432496
1498		16.062395
1499		15.589971
1500		15.904920
1501		14.645124
1502		14.960073
1503		16.849766
1504		17.479664
1505		18.739460
1506		17.322189
1507		15.117547
1508		16.377342
1509		18.581985
1510		14.172701
1511		14.172701
1512		14.960073
1513		14.330175
1514		14.172701
1515		16.377342
1516		13.857752
1517		13.542803
1518		18.109562
1519		13.700277
1520		16.534817
1521		16.849766
1522		18.581985
1523		15.117547
1524		16.377342
1525		14.802599
1526		18.109562
1527		17.164715
1528		13.700277
1529		15.275022
1530		15.117547
1531		16.377342
1532		15.589971
1533		13.700277
1534		15.432496
1535		15.275022
1536		17.479664
1537		19.211884
1538		16.377342
1539		17.479664
1540		14.802599
1541		15.747445
1542		15.589971
1543		19.369358
1544		18.581985
1545		16.692291
1546		14.172701
1547		17.007240
1548		19.054409
1549		18.896935
1550		16.849766
1551		18.896935
1552		14.487650
1553		20.471680
1554		17.164715
1555		19.054409
1556		16.062395
1557		16.692291
1558		17.952087
1559		16.849766
1560		16.062395
1561		16.534817
1562		16.377342
1563		15.432496
1564		16.692291
1565		18.424511
1566		16.062395
1567		16.849766
1568		16.219868
1569		14.172701
1570		15.117547
1571		20.629154
1572		18.267036
1573		18.896935
1574		15.747445
1575		17.479664
1576		21.259050
1577		19.684307
1578		16.849766
1579		15.589971
1580		15.747445
1581		16.219868
1582		19.841782
1583		16.534817
1584		18.109562
1585		17.479664
1586		17.322189
1587		17.637138
1588		17.952087
1589		18.739460
1590		17.794613
1591		17.952087
1592		15.432496
1593		15.904920
1594		17.479664
1595		16.849766
1596		18.896935
1597		15.747445
1598		19.054409
1599		24.408541
1600		39.368614
1601		53.226364
1602		79.052177
1603		88.658119
1604		98.264061
1605		94.169724
1606		76.690056
1607		58.580498
1608		39.683563
1609		32.124790
1610		25.510860
1611		28.345402
1612		26.928131
1613		26.928131
1614		25.825809
1615		27.558029
1616		26.455708
1617		25.353388
1618		25.510860
1619		30.707518
1620		28.345402
1621		23.148745
1622		23.936117
1623		28.345402
1624		27.243080
1625		26.140759
1626		28.817825
1627		30.550043
1628		22.203897
1629		23.621168
1630		26.298233
1631		27.243080
1632		31.179941
1633		28.502876
1634		23.621168
1635		21.259050
1636		30.550043
1637		27.872978
1638		25.668335
1639		29.920147
1640		28.187927
1641		31.337416
1642		29.447723
1643		27.872978
1644		24.251066
1645		28.030453
1646		29.762672
1647		26.928131
1648		25.668335
1649		27.400555
1650		29.605198
1651		29.920147
1652		29.605198
1653		29.290249
1654		25.983284
1655		25.195913
1656		27.400555
1657		28.660351
1658		31.179941
1659		27.400555
1660		27.085606
1661		34.801853
1662		27.715504
1663		30.235094
1664		30.707518
1665		27.243080
1666		28.817825
1667		32.912159
1668		30.392569
1669		25.668335
1670		29.132774
1671		30.707518
1672		31.022467
1673		27.400555
1674		31.967314
1675		33.227108
1676		37.321445
1677		39.841038
1678		40.785885
1679		31.652365
1680		34.329430
1681		33.069633
1682		31.967314
1683		34.801853
1684		34.644379
1685		32.597210
1686		28.030453
1687		32.754684
1688		31.967314
1689		31.494890
1690		35.746700
1691		33.542057
1692		33.699532
1693		35.431751
1694		36.061649
1695		30.392569
1696		32.597210
1697		30.550043
1698		29.290249
1699		31.494890
1700		29.920147
1701		35.589226
1702		36.691547
1703		31.652365
1704		33.542057
1705		38.581242
1706		34.644379
1707		34.801853
1708		30.864992
1709		33.384583
1710		34.329430
1711		40.470936
1712		38.423767
1713		34.644379
1714		36.061649
1715		32.124790
1716		37.006496
1717		32.597210
1718		36.534073
1719		40.785885
1720		34.171955
1721		37.163971
1722		33.227108
1723		37.793869
1724		36.061649
1725		35.589226
1726		34.329430
1727		36.061649
1728		42.990524
1729		39.526089
1730		41.415783
1731		39.683563
1732		43.620422
1733		39.683563
1734		38.896191
1735		37.951344
1736		38.108818
1737		35.589226
1738		39.683563
1739		42.203152
1740		41.888203
1741		41.258308
1742		37.636395
1743		33.857006
1744		37.321445
1745		35.431751
1746		35.431751
1747		36.061649
1748		37.006496
1749		33.069633
1750		33.542057
1751		31.809839
1752		34.171955
1753		30.392569
1754		34.171955
1755		34.329430
1756		33.857006
1757		30.077621
1758		34.644379
1759		28.502876
1760		31.809839
1761		32.124790
1762		34.329430
1763		34.486904
1764		29.920147
1765		29.605198
1766		27.872978
1767		29.290249
1768		31.967314
1769		31.494890
1770		31.022467
1771		31.494890
1772		34.329430
1773		31.809839
1774		29.132774
1775		28.502876
1776		33.857006
1777		30.077621
1778		26.928131
1779		31.652365
1780		30.550043
1781		33.384583
1782		31.337416
1783		30.077621
1784		29.290249
1785		27.558029
1786		24.880964
1787		28.187927
1788		25.353388
1789		22.361372
1790		25.983284
1791		24.723490
1792		28.817825
1793		25.038439
1794		27.243080
1795		29.605198
1796		28.660351
1797		28.030453
1798		30.235094
1799		31.809839
1800		27.085606
1801		27.872978
1802		28.660351
1803		31.337416
1804		37.636395
1805		48.817081
1806		75.902687
1807		129.916428
1808		201.409821
1809		264.084656
1810		274.792908
1811		287.863312
1812		243.140549
1813		179.835831
1814		130.388840
1815		84.721252
1816		61.572510
1817		48.029709
1818		38.738716
1819		37.478920
1820		39.998512
1821		42.833050
1822		39.841038
1823		38.738716
1824		35.274277
1825		38.266293
1826		34.644379
1827		37.478920
1828		41.573257
1829		37.321445
1830		34.644379
1831		35.746700
1832		34.801853
1833		40.470936
1834		39.841038
1835		39.998512
1836		41.888203
1837		40.785885
1838		39.841038
1839		39.053665
1840		42.833050
1841		38.108818
1842		41.573257
1843		37.478920
1844		36.691547
1845		31.809839
1846		38.266293
1847		39.211140
1848		37.793869
1849		36.691547
1850		34.959328
1851		39.841038
1852		38.738716
1853		36.061649
1854		37.951344
1855		40.470936
1856		42.518101
1857		34.801853
1858		40.470936
1859		40.628410
1860		36.691547
1861		40.155987
1862		38.108818
1863		35.589226
1864		37.793869
1865		31.809839
1866		37.636395
1867		37.951344
1868		37.006496
1869		36.849022
1870		36.534073
1871		35.116802
1872		37.951344
1873		34.014481
1874		37.951344
1875		33.699532
1876		37.793869
1877		41.415783
1878		37.636395
1879		43.305473
1880		39.683563
1881		40.470936
1882		41.888203
1883		48.659607
1884		58.423023
1885		51.179195
1886		51.179195
1887		38.896191
1888		37.006496
1889		34.801853
1890		34.014481
1891		34.959328
1892		33.857006
1893		36.691547
1894		35.116802
1895		35.589226
1896		33.384583
1897		35.116802
1898		35.431751
1899		41.573257
1900		35.589226
1901		36.849022
1902		33.069633
1903		38.738716
1904		35.589226
1905		38.108818
1906		39.526089
1907		37.163971
1908		35.431751
1909		38.266293
1910		40.470936
1911		39.998512
1912		41.258308
1913		41.415783
1914		44.407795
1915		43.935371
1916		38.266293
1917		36.219124
1918		38.108818
1919		33.227108
1920		35.746700
1921		25.983284
1922		30.864992
1923		34.801853
1924		33.542057
1925		27.715504
1926		30.707518
1927		34.171955
1928		34.801853
1929		33.227108
1930		28.975300
1931		29.605198
1932		32.124790
1933		29.920147
1934		25.825809
1935		29.290249
1936		27.715504
1937		27.243080
1938		26.455708
1939		29.447723
1940		35.116802
1941		27.243080
1942		28.975300
1943		27.400555
1944		27.243080
1945		28.975300
1946		24.251066
1947		26.613182
1948		26.455708
1949		25.668335
1950		26.298233
1951		21.416525
1952		26.770657
1953		26.928131
1954		27.085606
1955		24.880964
1956		21.731474
1957		19.054409
1958		21.259050
1959		20.944101
1960		18.267036
1961		22.046423
1962		17.952087
1963		20.156731
1964		16.062395
1965		20.944101
1966		21.101576
1967		15.904920
1968		14.802599
1969		17.637138
1970		11.810584
1971		14.645124
1972		18.739460
1973		13.542803
1974		12.440482
1975		12.440482
1976		11.338161
1977		13.700277
1978		11.653110
1979		11.338161
1980		9.605942
1981		13.700277
1982		17.952087
1983		19.369358
1984		14.330175
1985		11.180686
1986		12.755430
1987		14.487650
1988		11.023211
1989		9.920891
1990		11.810584
1991		10.078365
1992		10.865737
1993		10.865737
1994		10.078365
1995		10.708262
1996		8.818569
1997		8.976044
1998		8.188671
1999		10.393314
2000		10.865737
2001		10.708262
2002		6.928876
2003		9.290993
2004		8.818569
2005		11.968059
2006		8.346146
2007		7.873723
2008		10.235840
2009		12.283008
2010		17.637138
2011		36.219124
2012		71.493401
2013		130.388840
2014		220.149292
2015		313.374176
2016		396.363190
2017		446.755035
2018		402.504700
2019		315.263855
2020		208.496170
2021		133.853287
2022		61.729984
2023		35.589226
2024		18.896935
2025		11.495635
2026		9.920891
2027		9.133518
2028		7.243825
2029		7.086350
2030		6.141504
2031		7.873723
2032		8.188671
2033		6.298978
2034		7.243825
2035		9.448467
2036		9.605942
2037		6.456452
2038		7.401299
2039		6.928876
2040		8.503620
2041		7.716248
2042		7.401299
2043		8.818569
2044		7.716248
2045		6.141504
2046		6.613927
2047		8.346146
2048		6.613927
2049		8.031198
2050		7.558774
2051		6.613927
2052		6.771401
2053		6.771401
2054		6.771401
2055		4.094336
2056		8.346146
2057		7.873723
2058		7.401299
2059		5.039183
2060		8.031198
2061		6.613927
2062		5.511606
2063		5.039183
2064		4.881708
2065		6.456452
2066		5.669080
2067		9.605942
2068		6.771401
2069		5.826555
2070		7.243825
2071		8.031198
2072		5.511606
2073		6.613927
2074		7.558774
2075		6.456452
2076		5.511606
2077		6.771401
2078		6.456452
2079		5.511606
2080		8.503620
2081		8.031198
2082		7.086350
2083		7.086350
2084		6.771401
2085		7.086350
2086		7.243825
2087		9.290993
2088		11.338161
2089		16.534817
2090		30.707518
2091		37.951344
2092		32.754684
2093		19.369358
2094		7.873723
2095		7.086350
2096		4.881708
2097		6.298978
2098		5.669080
2099		4.881708
2100		5.039183
2101		4.724234
2102		8.188671
2103		6.298978
2104		7.401299
2105		6.613927
2106		5.984029
2107		7.558774
2108		5.196657
2109		7.243825
2110		5.984029
2111		4.724234
2112		5.354131
2113		4.251810
2114		5.039183
2115		3.779387
2116		5.984029
2117		4.724234
2118		3.779387
2119		5.196657
2120		4.724234
2121		5.511606
2122		4.409285
2123		5.039183
2124		5.039183
2125		3.464438
2126		4.094336
2127		3.621912
2128		6.141504
2129		3.464438
2130		4.094336
2131		3.464438
2132		5.196657
2133		3.621912
2134		4.566759
2135		3.936861
2136		5.196657
2137		4.881708
2138		4.094336
2139		3.149489
2140		5.196657
2141		2.677066
2142		3.936861
2143		4.094336
2144		3.936861
2145		1.889693
2146		3.936861
2147		3.779387
2148		2.519591
2149		2.992015
2150		3.936861
2151		3.306963
2152		2.677066
2153		2.677066
2154		2.204642
2155		1.889693
2156		2.204642
2157		2.519591
2158		3.149489
2159		2.519591
2160		3.779387
2161		2.519591
2162		3.464438
2163		3.936861
2164		2.519591
2165		3.149489
2166		3.306963
2167		3.464438
2168		2.992015
2169		3.306963
2170		1.732219
2171		2.834540
2172		3.464438
2173		2.204642
2174		2.519591
2175		3.306963
2176		3.621912
2177		3.306963
2178		2.204642
2179		1.732219
2180		3.464438
2181		3.306963
2182		2.992015
2183		1.889693
2184		2.677066
2185		3.306963
2186		2.677066
2187		7.086350
2188		14.487650
2189		21.731474
2190		21.416525
2191		12.597957
2192		7.086350
2193		4.409285
2194		2.519591
2195		3.464438
2196		4.566759
2197		3.149489
2198		5.039183
2199		2.992015
2200		2.992015
2201		2.519591
2202		2.992015
2203		2.519591
2204		2.677066
2205		3.464438
2206		3.149489
2207		2.677066
2208		1.574745
2209		1.732219
2210		2.047168
2211		1.259796
2212		2.047168
2213		3.306963
2214		1.889693
2215		2.362117
2216		2.362117
2217		2.362117
2218		1.889693
2219		2.362117
2220		2.362117
2221		2.047168
2222		2.362117
2223		1.889693
2224		2.362117
2225		3.149489
2226		0.944847
2227		2.677066
2228		3.306963
2229		2.519591
2230		2.204642
2231		1.889693
2232		2.519591
2233		2.204642
2234		0.629898
2235		2.992015
2236		1.732219
2237		2.519591
2238		2.677066
2239		2.519591
2240		2.677066
2241		1.574745
2242		2.834540
2243		1.417270
2244		1.102321
2245		2.362117
2246		2.047168
2247		1.259796
2248		1.574745
2249		2.047168
2250		1.417270
2251		1.417270
2252		0.629898
2253		2.519591
2254		2.519591
2255		1.889693
2256		0.157474
2257		0.629898
2258		0.787372
2259		0.472423
2260		0.787372
2261		0.629898
2262		1.259796
2263		1.259796
2264		1.417270
2265		1.102321
2266		0.157474
2267		0.314949
2268		0.629898
2269		0.314949
2270		0.314949
2271		0.314949
2272		0.472423
2273		0.157474
2274		0.000000
2275		0.157474
2276		0.157474
2277		0.157474
2278		0.157474
2279		0.314949
2280		0.000000
2281		0.157474
2282		0.157474
2283		0.314949
2284		0.314949
2285		0.000000
2286		0.157474
2287		0.314949
2288		0.787372
2289		0.314949
2290		0.157474
2291		0.157474
2292		0.000000
2293		0.000000
2294		0.157474
2295		0.314949
2296		0.314949
2297		0.157474
2298		0.157474
2299		0.000000
2300		0.314949
2301		0.157474
2302		0.472423
2303		0.157474
2304		0.157474
2305		0.000000
2306		0.157474
2307		0.000000
2308		0.157474
2309		0.314949
2310		0.157474
2311		0.314949
2312		0.000000
2313		0.157474
2314		0.000000
2315		0.000000
2316		0.157474
2317		0.157474
2318		0.472423
2319		0.000000
2320		0.000000
2321		0.000000
2322		0.000000
2323		0.000000
2324		0.000000
2325		0.157474
2326		0.000000
2327		0.000000
2328		0.000000
2329		0.000000
2330		0.000000
2331		0.157474
2332		0.000000
2333		0.157474
2334		0.000000
2335		0.157474
2336		0.000000
2337		0.000000
2338		0.000000
2339		0.000000
2340		0.000000
2341		0.157474
2342		0.000000
2343		0.000000
2344		0.000000
2345		0.000000
2346		0.000000
2347		0.000000
2348		0.000000
2349		0.000000
2350		0.000000
2351		0.000000
2352		0.000000
2353		0.000000
2354		0.000000
2355		0.000000
2356		0.000000
2357		0.000000
2358		0.000000
2359		0.000000
2360		0.000000
2361		0.000000
2362		0.000000
2363		0.000000
2364		0.000000
2365		0.000000
2366		0.000000
2367		0.000000
2368		0.000000
2369		0.000000
2370		0.000000
2371		0.000000
2372		0.000000
2373		0.000000
2374		0.000000
2375		0.000000
2376		0.000000
2377		0.000000
2378		0.000000
2379		0.000000
2380		0.000000
2381		0.000000
2382		0.000000
2383		0.000000
2384		0.000000
2385		0.000000
2386		0.000000
2387		0.000000
2388		0.000000
2389		0.000000
2390		0.000000
2391		0.000000
2392		0.000000
2393		0.000000
2394		0.000000
2395		0.000000
2396		0.000000
2397		0.000000
2398		0.000000
2399		0.000000
2400		0.000000
2401		0.000000
2402		0.000000
2403		0.000000
2404		0.000000
2405		0.000000
2406		0.000000
2407		0.000000
2408		0.000000
2409		0.000000
2410		0.000000
2411		0.000000
2412		0.000000
2413		0.000000
2414		0.000000
2415		0.000000
2416		0.000000
2417		0.000000
2418		0.000000
2419		0.000000
2420		0.000000
2421		0.000000
2422		0.000000
2423		0.000000
2424		0.000000
2425		0.000000
2426		0.000000
2427		0.000000
2428		0.000000
2429		0.000000
2430		0.000000
2431		0.000000
2432		0.000000
2433		0.000000
2434		0.000000
2435		0.000000
2436		0.000000
2437		0.000000
2438		0.000000
2439		0.000000
2440		0.000000
2441		0.000000
2442		0.000000
2443		0.000000
2444		0.000000
2445		0.000000
2446		0.000000
2447		0.000000
2448		0.000000
2449		0.000000
2450		0.000000
2451		0.000000
2452		0.000000
2453		0.000000
2454		0.000000
2455		0.000000
2456		0.000000
2457		0.000000
2458		0.000000
2459		0.000000
2460		0.000000
2461		0.000000
2462		0.000000
2463		0.000000
2464		0.000000
2465		0.000000
2466		0.000000
2467		0.000000
2468		0.000000
2469		0.000000
2470		0.000000
2471		0.000000
2472		0.000000
2473		0.000000
2474		0.000000
2475		0.000000
2476		0.000000
2477		0.000000
2478		0.000000
2479		0.000000
2480		0.000000
2481		0.000000
2482		0.000000
2483		0.000000
2484		0.000000
2485		0.000000
2486		0.000000
2487		0.000000
2488		0.000000
2489		0.000000
2490		0.000000
2491		0.000000
2492		0.000000
2493		0.000000
2494		0.000000
2495		0.000000
2496		0.000000
2497		0.000000
2498		0.000000
2499		0.000000
2500		0.000000
2501		0.000000
2502		0.000000
2503		0.000000
2504		0.000000
2505		0.000000
2506		0.000000
2507		0.000000
2508		0.000000
2509		0.000000
2510		0.000000
2511		0.000000
2512		0.000000
2513		0.000000
2514		0.000000
2515		0.000000
2516		0.000000
2517		0.000000
2518		0.000000
2519		0.000000
2520		0.000000
2521		0.000000
2522		0.000000
2523		0.000000
2524		0.000000
2525		0.000000
2526		0.000000
2527		0.000000
2528		0.000000
2529		0.000000
2530		0.000000
2531		0.000000
2532		0.000000
2533		0.000000
2534		0.000000
2535		0.000000
2536		0.000000
2537		0.000000
2538		0.000000
2539		0.000000
2540		0.000000
2541		0.000000
2542		0.000000
2543		0.000000
2544		0.000000
2545		0.000000
2546		0.000000
2547		0.000000
2548		0.000000
2549		0.000000
2550		0.000000
2551		0.000000
2552		0.000000
2553		0.000000
2554		0.000000
2555		0.000000
2556		0.000000
2557		0.000000
2558		0.000000
2559		0.000000
2560		0.000000
2561		0.000000
2562		0.000000
2563		0.000000
2564		0.000000
2565		0.000000
2566		0.000000
2567		0.000000
2568		0.000000
2569		0.000000
2570		0.000000
2571		0.000000
2572		0.000000
2573		0.000000
2574		0.000000
2575		0.000000
2576		0.000000
2577		0.000000
2578		0.000000
2579		0.000000
2580		0.000000
2581		0.000000
2582		0.000000
2583		0.000000
2584		0.000000
2585		0.000000
2586		0.000000
2587		0.000000
2588		0.000000
2589		0.000000
2590		0.000000
2591		0.000000
2592		0.000000
2593		0.000000
2594		0.000000
2595		0.000000
2596		0.000000
2597		0.000000
2598		0.000000
2599		0.000000
2600		0.000000
2601		0.000000
2602		0.000000
2603		0.000000
2604		0.000000
2605		0.000000
2606		0.000000
2607		0.000000
2608		0.000000
2609		0.000000
2610		0.000000
2611		0.000000
2612		0.000000
2613		0.000000
2614		0.000000
2615		0.000000
2616		0.000000
2617		0.000000
2618		0.000000
2619		0.000000
2620		0.000000
2621		0.000000
2622		0.000000
2623		0.000000
2624		0.000000
2625		0.000000
2626		0.000000
2627		0.000000
2628		0.000000
2629		0.000000
2630		0.000000
2631		0.000000
2632		0.000000
2633		0.000000
2634		0.000000
2635		0.000000
2636		0.000000
2637		0.000000
2638		0.000000
2639		0.000000
2640		0.000000
2641		0.000000
2642		0.000000
2643		0.000000
2644		0.000000
2645		0.000000
2646		0.000000
2647		0.000000
2648		0.000000
2649		0.000000
2650		0.000000
2651		0.000000
2652		0.000000
2653		0.000000
2654		0.000000
2655		0.000000
2656		0.000000
2657		0.000000
2658		0.000000
2659		0.000000
2660		0.000000
2661		0.000000
2662		0.000000
2663		0.000000
2664		0.000000
2665		0.000000
2666		0.000000
2667		0.000000
2668		0.000000
2669		0.000000
2670		0.000000
2671		0.000000
2672		0.000000
2673		0.000000
2674		0.000000
2675		0.000000
2676		0.000000
2677		0.000000
2678		0.000000
2679		0.000000
2680		0.000000
2681		0.000000
2682		0.000000
2683		0.000000
2684		0.000000
2685		0.000000
2686		0.000000
2687		0.000000
2688		0.000000
2689		0.000000
2690		0.000000
2691		0.000000
2692		0.000000
2693		0.000000
2694		0.000000
2695		0.000000
2696		0.000000
2697		0.000000
2698		0.000000
2699		0.000000
2700		0.000000
2701		0.000000
2702		0.000000
2703		0.000000
2704		0.000000
2705		0.000000
2706		0.000000
2707		0.000000
2708		0.000000
2709		0.000000
2710		0.000000
2711		0.000000
2712		0.000000
2713		0.000000
2714		0.000000
2715		0.000000
2716		0.000000
2717		0.000000
2718		0.000000
2719		0.000000
2720		0.000000
2721		0.000000
2722		0.000000
2723		0.000000
2724		0.000000
2725		0.000000
2726		0.000000
2727		0.000000
2728		0.000000
2729		0.000000
2730		0.000000
2731		0.000000
2732		0.000000
2733		0.000000
2734		0.000000
2735		0.000000
2736		0.000000
2737		0.000000
2738		0.000000
2739		0.000000
2740		0.000000
2741		0.000000
2742		0.000000
2743		0.000000
2744		0.000000
2745		0.000000
2746		0.000000
2747		0.000000
2748		0.000000
2749		0.000000
2750		0.000000
2751		0.000000
2752		0.000000
2753		0.000000
2754		0.000000
2755		0.000000
2756		0.000000
2757		0.000000
2758		0.000000
2759		0.000000
2760		0.000000
2761		0.000000
2762		0.000000
2763		0.000000
2764		0.000000
2765		0.000000
2766		0.000000
2767		0.000000
2768		0.000000
2769		0.000000
2770		0.000000
2771		0.000000
2772		0.000000
2773		0.000000
2774		0.000000
2775		0.000000
2776		0.000000
2777		0.000000
2778		0.000000
2779		0.000000
2780		0.000000
2781		0.000000
2782		0.000000
2783		0.000000
2784		0.000000
2785		0.000000
2786		0.000000
2787		0.000000
2788		0.000000
2789		0.000000
2790		0.000000
2791		0.000000
2792		0.000000
2793		0.000000
2794		0.000000
2795		0.000000
2796		0.000000
2797		0.000000
2798		0.000000
2799		0.000000
2800		0.000000
2801		0.000000
2802		0.000000
2803		0.000000
2804		0.000000
2805		0.000000
2806		0.000000
2807		0.000000
2808		0.000000
2809		0.000000
2810		0.000000
2811		0.000000
2812		0.000000
2813		0.000000
2814		0.000000
2815		0.000000
2816		0.000000
2817		0.000000
2818		0.000000
2819		0.000000
2820		0.000000
2821		0.000000
2822		0.000000
2823		0.000000
2824		0.000000
2825		0.000000
2826		0.000000
2827		0.000000
2828		0.000000
2829		0.000000
2830		0.000000
2831		0.000000
2832		0.000000
2833		0.000000
2834		0.000000
2835		0.000000
2836		0.000000
2837		0.000000
2838		0.000000
2839		0.000000
2840		0.000000
2841		0.000000
2842		0.000000
2843		0.000000
2844		0.000000
2845		0.000000
2846		0.000000
2847		0.000000
2848		0.000000
2849		0.000000
2850		0.000000
2851		0.000000
2852		0.000000
2853		0.000000
2854		0.000000
2855		0.000000
2856		0.000000
2857		0.000000
2858		0.000000
2859		0.000000
2860		0.000000
2861		0.000000
2862		0.000000
2863		0.000000
2864		0.000000
2865		0.000000
2866		0.000000
2867		0.000000
2868		0.000000
2869		0.000000
2870		0.000000
2871		0.000000
2872		0.000000
2873		0.000000
2874		0.000000
2875		0.000000
2876		0.000000
2877		0.000000
2878		0.000000
2879		0.000000
2880		0.000000
2881		0.000000
2882		0.000000
2883		0.000000
2884		0.000000
2885		0.000000
2886		0.000000
2887		0.000000
2888		0.000000
2889		0.000000
2890		0.000000
2891		0.000000
2892		0.000000
2893		0.000000
2894		0.000000
2895		0.000000
2896		0.000000
2897		0.000000
2898		0.000000
2899		0.000000
2900		0.000000
2901		0.000000
2902		0.000000
2903		0.000000
2904		0.000000
2905		0.000000
2906		0.000000
2907		0.000000
2908		0.000000
2909		0.000000
2910		0.000000
2911		0.000000
2912		0.000000
2913		0.000000
2914		0.000000
2915		0.000000
2916		0.000000
2917		0.000000
2918		0.000000
2919		0.000000
2920		0.000000
2921		0.000000
2922		0.000000
2923		0.000000
2924		0.000000
2925		0.000000
2926		0.000000
2927		0.000000
2928		0.000000
2929		0.000000
2930		0.000000
2931		0.000000
2932		0.000000
2933		0.000000
2934		0.000000
2935		0.000000
2936		0.000000
2937		0.000000
2938		0.000000
2939		0.000000
2940		0.000000
2941		0.000000
2942		0.000000
2943		0.000000
2944		0.000000
2945		0.000000
2946		0.000000
2947		0.000000
2948		0.000000
2949		0.000000
2950		0.000000
2951		0.000000
2952		0.000000
2953		0.000000
2954		0.000000
2955		0.000000
2956		0.000000
2957		0.000000
2958		0.000000
2959		0.000000
2960		0.000000
2961		0.000000
2962		0.000000
2963		0.000000
2964		0.000000
2965		0.000000
2966		0.000000
2967		0.000000
2968		0.000000
2969		0.000000
2970		0.000000
2971		0.000000
2972		0.000000
2973		0.000000
2974		0.000000
2975		0.000000
2976		0.000000
2977		0.000000
2978		0.000000
2979		0.000000
2980		0.000000
2981		0.000000
2982		0.000000
2983		0.000000
2984		0.000000
2985		0.000000
2986		0.000000
2987		0.000000
2988		0.000000
2989		0.000000
2990		0.000000
2991		0.000000
2992		0.000000
2993		0.000000
2994		0.000000
2995		0.000000
2996		0.000000
2997		0.000000
2998		0.000000
2999		0.000000
3000		0.000000
3001		0.000000
3002		0.000000
3003		0.000000
3004		0.000000
3005		0.000000
3006		0.000000
3007		0.000000
3008		0.000000
3009		0.000000
3010		0.000000
3011		0.000000
3012		0.000000
3013		0.000000
3014		0.000000
3015		0.000000
3016		0.000000
3017		0.000000
3018		0.000000
3019		0.000000
3020		0.000000
3021		0.000000
3022		0.000000
3023		0.000000
3024		0.000000
3025		0.000000
3026		0.000000
3027		0.000000
3028		0.000000
3029		0.000000
3030		0.000000
3031		0.000000
3032		0.000000
3033		0.000000
3034		0.000000
3035		0.000000
3036		0.000000
3037		0.000000
3038		0.000000
3039		0.000000
3040		0.000000
3041		0.000000
3042		0.000000
3043		0.000000
3044		0.000000
3045		0.000000
3046		0.000000
3047		0.000000
3048		0.000000
3049		0.000000
3050		0.000000
3051		0.000000
3052		0.000000
3053		0.000000
3054		0.000000
3055		0.000000
3056		0.000000
3057		0.000000
3058		0.000000
3059		0.000000
3060		0.000000
3061		0.000000
3062		0.000000
3063		0.000000
3064		0.000000
3065		0.000000
3066		0.000000
3067		0.000000
3068		0.000000
3069		0.000000
3070		0.000000
3071		0.000000
3072		0.000000
3073		0.000000
3074		0.000000
3075		0.000000
3076		0.000000
3077		0.000000
3078		0.000000
3079		0.000000
3080		0.000000
3081		0.000000
3082		0.000000
3083		0.000000
3084		0.000000
3085		0.000000
3086		0.000000
3087		0.000000
3088		0.000000
3089		0.000000
3090		0.000000
3091		0.000000
3092		0.000000
3093		0.000000
3094		0.000000
3095		0.000000
3096		0.000000
3097		0.000000
3098		0.000000
3099		0.000000
3100		0.000000
3101		0.000000
3102		0.000000
3103		0.000000
3104		0.000000
3105		0.000000
3106		0.000000
3107		0.000000
3108		0.000000
3109		0.000000
3110		0.000000
3111		0.000000
3112		0.000000
3113		0.000000
3114		0.000000
3115		0.000000
3116		0.000000
3117		0.000000
3118		0.000000
3119		0.000000
3120		0.000000
3121		0.000000
3122		0.000000
3123		0.000000
3124		0.000000
3125		0.000000
3126		0.000000
3127		0.000000
3128		0.000000
3129		0.000000
3130		0.000000
3131		0.000000
3132		0.000000
3133		0.000000
3134		0.000000
3135		0.000000
3136		0.000000
3137		0.000000
3138		0.000000
3139		0.000000
3140		0.000000
3141		0.000000
3142		0.000000
3143		0.000000
3144		0.000000
3145		0.000000
3146		0.000000
3147		0.000000
3148		0.000000
3149		0.000000
3150		0.000000
3151		0.000000
3152		0.000000
3153		0.000000
3154		0.000000
3155		0.000000
3156		0.000000
3157		0.000000
3158		0.000000
3159		0.000000
3160		0.000000
3161		0.000000
3162		0.000000
3163		0.000000
3164		0.000000
3165		0.000000
3166		0.000000
3167		0.000000
3168		0.000000
3169		0.000000
3170		0.000000
3171		0.000000
3172		0.000000
3173		0.000000
3174		0.000000
3175		0.000000
3176		0.000000
3177		0.000000
3178		0.000000
3179		0.000000
3180		0.000000
3181		0.000000
3182		0.000000
3183		0.000000
3184		0.000000
3185		0.000000
3186		0.000000
3187		0.000000
3188		0.000000
3189		0.000000
3190		0.000000
3191		0.000000
3192		0.000000
3193		0.000000
3194		0.000000
3195		0.000000
3196		0.000000
3197		0.000000
3198		0.000000
3199		0.000000
3200		0.000000
3201		0.000000
3202		0.000000
3203		0.000000
3204		0.000000
3205		0.000000
3206		0.000000
3207		0.000000
3208		0.000000
3209		0.000000
3210		0.000000
3211		0.000000
3212		0.000000
3213		0.000000
3214		0.000000
3215		0.000000
3216		0.000000
3217		0.000000
3218		0.000000
3219		0.000000
3220		0.000000
3221		0.000000
3222		0.000000
3223		0.000000
3224		0.000000
3225		0.000000
3226		0.000000
3227		0.000000
3228		0.000000
3229		0.000000
3230		0.000000
3231		0.000000
3232		0.000000
3233		0.000000
3234		0.000000
3235		0.000000
3236		0.000000
3237		0.000000
3238		0.000000
3239		0.000000
3240		0.000000
3241		0.000000
3242		0.000000
3243		0.000000
3244		0.000000
3245		0.000000
3246		0.000000
3247		0.000000
3248		0.000000
3249		0.000000
3250		0.000000
3251		0.000000
3252		0.000000
3253		0.000000
3254		0.000000
3255		0.000000
3256		0.000000
3257		0.000000
3258		0.000000
3259		0.000000
3260		0.000000
3261		0.000000
3262		0.000000
3263		0.000000
3264		0.000000
3265		0.000000
3266		0.000000
3267		0.000000
3268		0.000000
3269		0.000000
3270		0.000000
3271		0.000000
3272		0.000000
3273		0.000000
3274		0.000000
3275		0.000000
3276		0.000000
3277		0.000000
3278		0.000000
3279		0.000000
3280		0.000000
3281		0.000000
3282		0.000000
3283		0.000000
3284		0.000000
3285		0.000000
3286		0.000000
3287		0.000000
3288		0.000000
3289		0.000000
3290		0.000000
3291		0.000000
3292		0.000000
3293		0.000000
3294		0.000000
3295		0.000000
3296		0.000000
3297		0.000000
3298		0.000000
3299		0.000000
3300		0.000000
3301		0.000000
3302		0.000000
3303		0.000000
3304		0.000000
3305		0.000000
3306		0.000000
3307		0.000000
3308		0.000000
3309		0.000000
3310		0.000000
3311		0.000000
3312		0.000000
3313		0.000000
3314		0.000000
3315		0.000000
3316		0.000000
3317		0.000000
3318		0.000000
3319		0.000000
3320		0.000000
3321		0.000000
3322		0.000000
3323		0.000000
3324		0.000000
3325		0.000000
3326		0.000000
3327		0.000000
3328		0.000000
3329		0.000000
3330		0.000000
3331		0.000000
3332		0.000000
3333		0.000000
3334		0.000000
3335		0.000000
3336		0.000000
3337		0.000000
3338		0.000000
3339		0.000000
3340		0.000000
3341		0.000000
3342		0.000000
3343		0.000000
3344		0.000000
3345		0.000000
3346		0.000000
3347		0.000000
3348		0.000000
3349		0.000000
3350		0.000000
3351		0.000000
3352		0.000000
3353		0.000000
3354		0.000000
3355		0.000000
3356		0.000000
3357		0.000000
3358		0.000000
3359		0.000000
3360		0.000000
3361		0.000000
3362		0.000000
3363		0.000000
3364		0.000000
3365		0.000000
3366		0.000000
3367		0.000000
3368		0.000000
3369		0.000000
3370		0.000000
3371		0.000000
3372		0.000000
3373		0.000000
3374		0.000000
3375		0.000000
3376		0.000000
3377		0.000000
3378		0.000000
3379		0.000000
3380		0.000000
3381		0.000000
3382		0.000000
3383		0.000000
3384		0.000000
3385		0.000000
3386		0.000000
3387		0.000000
3388		0.000000
3389		0.000000
3390		0.000000
3391		0.000000
3392		0.000000
3393		0.000000
3394		0.000000
3395		0.000000
3396		0.000000
3397		0.000000
3398		0.000000
3399		0.000000
3400		0.000000
3401		0.000000
3402		0.000000
3403		0.000000
3404		0.000000
3405		0.000000
3406		0.000000
3407		0.000000
3408		0.000000
3409		0.000000
3410		0.000000
3411		0.000000
3412		0.000000
3413		0.000000
3414		0.000000
3415		0.000000
3416		0.000000
3417		0.000000
3418		0.000000
3419		0.000000
3420		0.000000
3421		0.000000
3422		0.000000
3423		0.000000
3424		0.000000
3425		0.000000
3426		0.000000
3427		0.000000
3428		0.000000
3429		0.000000
3430		0.000000
3431		0.000000
3432		0.000000
3433		0.000000
3434		0.000000
3435		0.000000
3436		0.000000
3437		0.000000
3438		0.000000
3439		0.000000
3440		0.000000
3441		0.000000
3442		0.000000
3443		0.000000
3444		0.000000
3445		0.000000
3446		0.000000
3447		0.000000
3448		0.000000
3449		0.000000
3450		0.000000
3451		0.000000
3452		0.000000
3453		0.000000
3454		0.000000
3455		0.000000
3456		0.000000
3457		0.000000
3458		0.000000
3459		0.000000
3460		0.000000
3461		0.000000
3462		0.000000
3463		0.000000
3464		0.000000
3465		0.000000
3466		0.000000
3467		0.000000
3468		0.000000
3469		0.000000
3470		0.000000
3471		0.000000
3472		0.000000
3473		0.000000
3474		0.000000
3475		0.000000
3476		0.000000
3477		0.000000
3478		0.000000
3479		0.000000
3480		0.000000
3481		0.000000
3482		0.000000
3483		0.000000
3484		0.000000
3485		0.000000
3486		0.000000
3487		0.000000
3488		0.000000
3489		0.000000
3490		0.000000
3491		0.000000
3492		0.000000
3493		0.000000
3494		0.000000
3495		0.000000
3496		0.000000
3497		0.000000
3498		0.000000
3499		0.000000
3500		0.000000
3501		0.000000
3502		0.000000
3503		0.000000
3504		0.000000
3505		0.000000
3506		0.000000
3507		0.000000
3508		0.000000
3509		0.000000
3510		0.000000
3511		0.000000
3512		0.000000
3513		0.000000
3514		0.000000
3515		0.000000
3516		0.000000
3517		0.000000
3518		0.000000
3519		0.000000
3520		0.000000
3521		0.000000
3522		0.000000
3523		0.000000
3524		0.000000
3525		0.000000
3526		0.000000
3527		0.000000
3528		0.000000
3529		0.000000
3530		0.000000
3531		0.000000
3532		0.000000
3533		0.000000
3534		0.000000
3535		0.000000
3536		0.000000
3537		0.000000
3538		0.000000
3539		0.000000
3540		0.000000
3541		0.000000
3542		0.000000
3543		0.000000
3544		0.000000
3545		0.000000
3546		0.000000
3547		0.000000
3548		0.000000
3549		0.000000
3550		0.000000
3551		0.000000
3552		0.000000
3553		0.000000
3554		0.000000
3555		0.000000
3556		0.000000
3557		0.000000
3558		0.000000
3559		0.000000
3560		0.000000
3561		0.000000
3562		0.000000
3563		0.000000
3564		0.000000
3565		0.000000
3566		0.000000
3567		0.000000
3568		0.000000
3569		0.000000
3570		0.000000
3571		0.000000
3572		0.000000
3573		0.000000
3574		0.000000
3575		0.000000
3576		0.000000
3577		0.000000
3578		0.000000
3579		0.000000
3580		0.000000
3581		0.000000
3582		0.000000
3583		0.000000
3584		0.000000
3585		0.000000
3586		0.000000
3587		0.000000
3588		0.000000
3589		0.000000
3590		0.000000
3591		0.000000
3592		0.000000
3593		0.000000
3594		0.000000
3595		0.000000
3596		0.000000
3597		0.000000
3598		0.000000
3599		0.000000
3600		0.000000
3601		0.000000
3602		0.000000
3603		0.000000
3604		0.000000
3605		0.000000
3606		0.000000
3607		0.000000
3608		0.000000
3609		0.000000
3610		0.000000
3611		0.000000
3612		0.000000
3613		0.000000
3614		0.000000
3615		0.000000
3616		0.000000
3617		0.000000
3618		0.000000
3619		0.000000
3620		0.000000
3621		0.000000
3622		0.000000
3623		0.000000
3624		0.000000
3625		0.000000
3626		0.000000
3627		0.000000
3628		0.000000
3629		0.000000
3630		0.000000
3631		0.000000
3632		0.000000
3633		0.000000
3634		0.000000
3635		0.000000
3636		0.000000
3637		0.000000
3638		0.000000
3639		0.000000
3640		0.000000
3641		0.000000
3642		0.000000
3643		0.000000
3644		0.000000
3645		0.000000
3646		0.000000
3647		0.000000
3648		0.000000
3649		0.000000
3650		0.000000
3651		0.000000
3652		0.000000
3653		0.000000
3654		0.000000
3655		0.000000
3656		0.000000
3657		0.000000
3658		0.000000
3659		0.000000
3660		0.000000
3661		0.000000
3662		0.000000
3663		0.000000
3664		0.000000
3665		0.000000
3666		0.000000
3667		0.000000
3668		0.000000
3669		0.000000
3670		0.000000
3671		0.000000
3672		0.000000
3673		0.000000
3674		0.000000
3675		0.000000
3676		0.000000
3677		0.000000
3678		0.000000
3679		0.000000
3680		0.000000
3681		0.000000
3682		0.000000
3683		0.000000
3684		0.000000
3685		0.000000
3686		0.000000
3687		0.000000
3688		0.000000
3689		0.000000
3690		0.000000
3691		0.000000
3692		0.000000
3693		0.000000
3694		0.000000
3695		0.000000
3696		0.000000
3697		0.000000
3698		0.000000
3699		0.000000
3700		0.000000
3701		0.000000
3702		0.000000
3703		0.000000
3704		0.000000
3705		0.000000
3706		0.000000
3707		0.000000
3708		0.000000
3709		0.000000
3710		0.000000
3711		0.000000
3712		0.000000
3713		0.000000
3714		0.000000
3715		0.000000
3716		0.000000
3717		0.000000
3718		0.000000
3719		0.000000
3720		0.000000
3721		0.000000
3722		0.000000
3723		0.000000
3724		0.000000
3725		0.000000
3726		0.000000
3727		0.000000
3728		0.000000
3729		0.000000
3730		0.000000
3731		0.000000
3732		0.000000
3733		0.000000
3734		0.000000
3735		0.000000
3736		0.000000
3737		0.000000
3738		0.000000
3739		0.000000
3740		0.000000
3741		0.000000
3742		0.000000
3743		0.000000
3744		0.000000
3745		0.000000
3746		0.000000
3747		0.000000
3748		0.000000
3749		0.000000
3750		0.000000
3751		0.000000
3752		0.000000
3753		0.000000
3754		0.000000
3755		0.000000
3756		0.000000
3757		0.000000
3758		0.000000
3759		0.000000
3760		0.000000
3761		0.000000
3762		0.000000
3763		0.000000
3764		0.000000
3765		0.000000
3766		0.000000
3767		0.000000
3768		0.000000
3769		0.000000
3770		0.000000
3771		0.000000
3772		0.000000
3773		0.000000
3774		0.000000
3775		0.000000
3776		0.000000
3777		0.000000
3778		0.000000
3779		0.000000
3780		0.000000
3781		0.000000
3782		0.000000
3783		0.000000
3784		0.000000
3785		0.000000
3786		0.000000
3787		0.000000
3788		0.000000
3789		0.000000
3790		0.000000
3791		0.000000
3792		0.000000
3793		0.000000
3794		0.000000
3795		0.000000
3796		0.000000
3797		0.000000
3798		0.000000
3799		0.000000
3800		0.000000
3801		0.000000
3802		0.000000
3803		0.000000
3804		0.000000
3805		0.000000
3806		0.000000
3807		0.000000
3808		0.000000
3809		0.000000
3810		0.000000
3811		0.000000
3812		0.000000
3813		0.000000
3814		0.000000
3815		0.000000
3816		0.000000
3817		0.000000
3818		0.000000
3819		0.000000
3820		0.000000
3821		0.000000
3822		0.000000
3823		0.000000
3824		0.000000
3825		0.000000
3826		0.000000
3827		0.000000
3828		0.000000
3829		0.000000
3830		0.000000
3831		0.000000
3832		0.000000
3833		0.000000
3834		0.000000
3835		0.000000
3836		0.000000
3837		0.000000
3838		0.000000
3839		0.000000
3840		0.000000
3841		0.000000
3842		0.000000
3843		0.000000
3844		0.000000
3845		0.000000
3846		0.000000
3847		0.000000
3848		0.000000
3849		0.000000
3850		0.000000
3851		0.000000
3852		0.000000
3853		0.000000
3854		0.000000
3855		0.000000
3856		0.000000
3857		0.000000
3858		0.000000
3859		0.000000
3860		0.000000
3861		0.000000
3862		0.000000
3863		0.000000
3864		0.000000
3865		0.000000
3866		0.000000
3867		0.000000
3868		0.000000
3869		0.000000
3870		0.000000
3871		0.000000
3872		0.000000
3873		0.000000
3874		0.000000
3875		0.000000
3876		0.000000
3877		0.000000
3878		0.000000
3879		0.000000
3880		0.000000
3881		0.000000
3882		0.000000
3883		0.000000
3884		0.000000
3885		0.000000
3886		0.000000
3887		0.000000
3888		0.000000
3889		0.000000
3890		0.000000
3891		0.000000
3892		0.000000
3893		0.000000
3894		0.000000
3895		0.000000
3896		0.000000
3897		0.000000
3898		0.000000
3899		0.000000
3900		0.000000
3901		0.000000
3902		0.000000
3903		0.000000
3904		0.000000
3905		0.000000
3906		0.000000
3907		0.000000
3908		0.000000
3909		0.000000
3910		0.000000
3911		0.000000
3912		0.000000
3913		0.000000
3914		0.000000
3915		0.000000
3916		0.000000
3917		0.000000
3918		0.000000
3919		0.000000
3920		0.000000
3921		0.000000
3922		0.000000
3923		0.000000
3924		0.000000
3925		0.000000
3926		0.000000
3927		0.000000
3928		0.000000
3929		0.000000
3930		0.000000
3931		0.000000
3932		0.000000
3933		0.000000
3934		0.000000
3935		0.000000
3936		0.000000
3937		0.000000
3938		0.000000
3939		0.000000
3940		0.000000
3941		0.000000
3942		0.000000
3943		0.000000
3944		0.000000
3945		0.000000
3946		0.000000
3947		0.000000
3948		0.000000
3949		0.000000
3950		0.000000
3951		0.000000
3952		0.000000
3953		0.000000
3954		0.000000
3955		0.000000
3956		0.000000
3957		0.000000
3958		0.000000
3959		0.000000
3960		0.000000
3961		0.000000
3962		0.000000
3963		0.000000
3964		0.000000
3965		0.000000
3966		0.000000
3967		0.000000
3968		0.000000
3969		0.000000
3970		0.000000
3971		0.000000
3972		0.000000
3973		0.000000
3974		0.000000
3975		0.000000
3976		0.000000
3977		0.000000
3978		0.000000
3979		0.000000
3980		0.000000
3981		0.000000
3982		0.000000
3983		0.000000
3984		0.000000
3985		0.000000
3986		0.000000
3987		0.000000
3988		0.000000
3989		0.000000
3990		0.000000
3991		0.000000
3992		0.000000
3993		0.000000
3994		0.000000
3995		0.000000
3996		0.000000
3997		0.000000
3998		0.000000
3999		0.000000
4000		0.000000
4001		0.000000
4002		0.000000
4003		0.000000
4004		0.000000
4005		0.000000
4006		0.000000
4007		0.000000
4008		0.000000
4009		0.000000
4010		0.000000
4011		0.000000
4012		0.000000
4013		0.000000
4014		0.000000
4015		0.000000
4016		0.000000
4017		0.000000
4018		0.000000
4019		0.000000
4020		0.000000
4021		0.000000
4022		0.000000
4023		0.000000
4024		0.000000
4025		0.000000
4026		0.000000
4027		0.000000
4028		0.000000
4029		0.000000
4030		0.000000
4031		0.000000
4032		0.000000
4033		0.000000
4034		0.000000
4035		0.000000
4036		0.000000
4037		0.000000
4038		0.000000
4039		0.000000
4040		0.000000
4041		0.000000
4042		0.000000
4043		0.000000
4044		0.000000
4045		0.000000
4046		0.000000
4047		0.000000
4048		0.000000
4049		0.000000
4050		0.000000
4051		0.000000
4052		0.000000
4053		0.000000
4054		0.000000
4055		0.000000
4056		0.000000
4057		0.000000
4058		0.000000
4059		0.000000
4060		0.000000
4061		0.000000
4062		0.000000
4063		0.000000
4064		0.000000
4065		0.000000
4066		0.000000
4067		0.000000
4068		0.000000
4069		0.000000
4070		0.000000
4071		0.000000
4072		0.000000
4073		0.000000
4074		0.000000
4075		0.000000
4076		0.000000
4077		0.000000
4078		0.000000
4079		0.000000
4080		0.000000
4081		0.000000
4082		0.000000
4083		0.000000
4084		0.000000
4085		0.000000
4086		0.000000
4087		0.000000
4088		0.000000
4089		0.000000
4090		0.000000
4091		0.000000
4092		0.000000
4093		0.000000
4094		0.000000
4095		0.000000
