0		0.000000
1		0.000000
2		0.000000
3		0.000000
4		0.000000
5		0.000000
6		0.000000
7		0.000000
8		0.000000
9		0.000000
10		0.000000
11		0.000000
12		0.000000
13		0.000000
14		0.000000
15		0.000000
16		0.000000
17		0.000000
18		0.000000
19		0.000000
20		0.000000
21		0.000000
22		0.000000
23		0.000000
24		0.000000
25		0.000000
26		0.000000
27		0.000000
28		0.000000
29		0.000000
30		0.000000
31		0.000000
32		0.000000
33		0.000000
34		0.000000
35		0.000000
36		0.000000
37		0.000000
38		0.000000
39		0.000000
40		0.000000
41		0.000000
42		0.000000
43		0.000000
44		0.000000
45		0.000000
46		0.000000
47		0.000000
48		0.000000
49		0.000000
50		0.000000
51		0.000000
52		0.000000
53		0.000000
54		0.000000
55		0.000000
56		0.000000
57		0.000000
58		0.000000
59		0.000000
60		0.000000
61		0.000000
62		0.000000
63		0.000000
64		0.000000
65		0.000000
66		0.000000
67		0.000000
68		0.000000
69		0.000000
70		0.000000
71		0.000000
72		0.000000
73		0.000000
74		0.000000
75		0.000000
76		0.000000
77		0.000000
78		0.000000
79		0.000000
80		0.000000
81		0.000000
82		0.000000
83		0.000000
84		0.000000
85		0.000000
86		0.000000
87		0.000000
88		0.000000
89		0.000000
90		0.000000
91		0.000000
92		0.000000
93		0.000000
94		0.000000
95		0.000000
96		0.000000
97		0.000000
98		0.000000
99		0.000000
100		0.000000
101		0.000000
102		0.000000
103		0.000000
104		0.000000
105		0.000000
106		0.000000
107		0.000000
108		0.000000
109		25966.115234
110		15792.351562
111		404.495361
112		30.690086
113		37.595356
114		34.219448
115		32.071140
116		35.753952
117		38.669510
118		34.679798
119		35.600502
120		33.912544
121		35.907402
122		37.748806
123		34.833248
124		38.822960
125		38.976410
126		34.065998
127		37.288456
128		37.441906
129		37.902256
130		36.367752
131		38.669510
132		37.441906
133		38.976410
134		40.357464
135		39.590214
136		38.976410
137		40.050564
138		35.753952
139		36.674652
140		41.431618
141		43.886826
142		40.357464
143		40.971268
144		44.960976
145		42.505772
146		45.114429
147		44.654076
148		48.029987
149		48.183437
150		43.886826
151		49.411041
152		43.426472
153		50.178291
154		51.866245
155		46.035130
156		52.633499
157		51.712795
158		56.930111
159		56.776661
160		54.628353
161		55.242157
162		57.543915
163		59.692219
164		56.469761
165		53.093849
166		60.919823
167		61.840527
168		55.088707
169		67.057838
170		57.850815
171		63.988831
172		58.464615
173		62.607777
174		63.835381
175		59.385319
176		63.221581
177		58.464615
178		61.687077
179		64.295731
180		65.676788
181		68.438896
182		67.671638
183		67.825089
184		71.968254
185		67.364738
186		70.280296
187		70.587196
188		71.354454
189		76.878670
190		75.804512
191		70.433746
192		75.497612
193		77.492470
194		82.709785
195		75.957962
196		70.740654
197		79.487328
198		76.878670
199		79.333878
200		76.725220
201		79.947678
202		76.571770
203		82.556335
204		86.392593
205		85.778793
206		91.763359
207		92.990967
208		90.535759
209		97.441025
210		84.244286
211		80.101128
212		81.175278
213		88.080551
214		83.323586
215		79.794228
216		77.185570
217		73.809662
218		80.101128
219		77.799370
220		77.185570
221		76.725220
222		78.566620
223		73.963112
224		70.894104
225		71.354454
226		72.582054
227		70.280296
228		67.057838
229		66.444038
230		67.978546
231		66.137138
232		59.538769
233		65.830238
234		67.211288
235		63.681931
236		61.840527
237		61.993977
238		67.211288
239		61.840527
240		63.068130
241		59.231869
242		60.766373
243		66.444038
244		59.999119
245		60.152569
246		62.607777
247		58.771515
248		54.014553
249		55.549057
250		52.019699
251		50.638645
252		45.114429
253		50.024841
254		52.480049
255		46.188580
256		51.559345
257		52.633499
258		52.940399
259		48.490337
260		48.336887
261		51.559345
262		44.193726
263		46.495483
264		45.421329
265		45.421329
266		39.436760
267		43.733376
268		46.955833
269		47.262733
270		45.728230
271		39.897114
272		48.950687
273		48.490337
274		42.966122
275		39.436760
276		46.955833
277		46.802383
278		48.183437
279		42.045418
280		48.490337
281		48.183437
282		42.045418
283		43.426472
284		42.505772
285		46.802383
286		44.654076
287		42.812672
288		39.283310
289		47.416183
290		39.590214
291		41.891968
292		45.728230
293		47.416183
294		41.738518
295		45.267879
296		44.347176
297		47.262733
298		43.119572
299		39.897114
300		41.891968
301		42.352322
302		39.590214
303		42.505772
304		42.198868
305		40.204014
306		42.045418
307		42.812672
308		40.971268
309		40.050564
310		39.590214
311		43.273022
312		37.748806
313		44.193726
314		75.344162
315		359.380920
316		394.214172
317		99.435883
318		40.204014
319		38.516060
320		36.060852
321		37.902256
322		33.298744
323		38.822960
324		35.907402
325		33.452194
326		32.684944
327		37.135006
328		38.669510
329		39.897114
330		37.135006
331		36.828106
332		35.753952
333		37.595356
334		35.753952
335		36.060852
336		34.372898
337		37.288456
338		36.828106
339		39.129860
340		37.902256
341		35.293598
342		36.214302
343		40.050564
344		32.071140
345		38.362610
346		33.298744
347		38.669510
348		37.902256
349		38.822960
350		38.362610
351		34.833248
352		37.441906
353		38.055706
354		38.516060
355		35.293598
356		41.278168
357		38.976410
358		40.664364
359		32.378040
360		37.441906
361		39.897114
362		36.981556
363		35.447052
364		36.214302
365		33.298744
366		37.748806
367		37.748806
368		32.838394
369		36.828106
370		31.303888
371		37.441906
372		35.447052
373		39.283310
374		60.306023
375		119.844788
376		76.264870
377		39.743664
378		35.907402
379		38.362610
380		36.367752
381		37.595356
382		36.367752
383		34.833248
384		34.219448
385		36.828106
386		37.441906
387		36.828106
388		38.822960
389		35.293598
390		38.976410
391		35.600502
392		38.055706
393		37.902256
394		38.209160
395		45.728230
396		39.129860
397		37.441906
398		35.753952
399		39.590214
400		39.283310
401		39.283310
402		38.209160
403		37.135006
404		41.738518
405		37.748806
406		37.902256
407		43.886826
408		38.822960
409		34.526348
410		36.214302
411		32.531490
412		36.214302
413		32.224590
414		37.595356
415		31.457338
416		29.615934
417		33.605644
418		30.690086
419		30.536636
420		31.457338
421		32.991844
422		30.690086
423		26.086575
424		32.838394
425		30.229736
426		31.610790
427		29.462484
428		29.769384
429		30.076284
430		30.076284
431		30.996988
432		30.383186
433		26.240025
434		27.774529
435		30.843538
436		29.309032
437		28.081430
438		26.086575
439		26.853827
440		29.769384
441		51.712795
442		135.189835
443		102.504890
444		36.060852
445		34.372898
446		25.626223
447		27.314177
448		25.779673
449		23.938269
450		25.933123
451		28.234880
452		28.848682
453		27.927979
454		29.769384
455		25.472773
456		30.536636
457		29.002132
458		23.938269
459		23.938269
460		27.314177
461		27.621078
462		25.472773
463		26.853827
464		28.234880
465		27.160727
466		28.234880
467		23.477917
468		28.541780
469		25.779673
470		25.779673
471		25.472773
472		29.769384
473		26.240025
474		30.843538
475		26.240025
476		29.002132
477		26.700377
478		23.171015
479		23.784817
480		24.552069
481		27.007277
482		25.933123
483		23.324467
484		27.314177
485		26.086575
486		51.559345
487		326.389069
488		699.887451
489		315.187195
490		47.876537
491		24.245169
492		23.938269
493		24.398619
494		25.319323
495		19.334755
496		25.472773
497		26.853827
498		23.784817
499		21.483061
500		26.546925
501		26.700377
502		22.710665
503		20.869259
504		26.086575
505		28.695230
506		24.858971
507		28.695230
508		25.012421
509		19.488205
510		26.546925
511		23.017565
512		20.715809
513		22.864115
514		24.245169
515		24.705521
516		26.853827
517		25.626223
518		21.789961
519		26.700377
520		25.165871
521		25.165871
522		27.774529
523		28.234880
524		22.557215
525		23.938269
526		26.393475
527		27.774529
528		28.234880
529		35.907402
530		82.556335
531		73.809662
532		29.462484
533		23.017565
534		26.393475
535		23.938269
536		27.467628
537		25.779673
538		23.938269
539		26.086575
540		25.472773
541		27.774529
542		28.695230
543		29.002132
544		30.690086
545		30.690086
546		23.171015
547		27.467628
548		27.007277
549		22.250313
550		24.398619
551		28.541780
552		27.467628
553		25.012421
554		23.631367
555		24.091719
556		22.864115
557		26.240025
558		25.319323
559		26.700377
560		26.853827
561		24.552069
562		24.552069
563		24.091719
564		27.314177
565		24.091719
566		25.626223
567		25.779673
568		25.933123
569		29.462484
570		26.393475
571		24.091719
572		22.557215
573		27.314177
574		25.165871
575		28.848682
576		23.324467
577		28.234880
578		24.245169
579		28.081430
580		26.393475
581		27.621078
582		27.007277
583		27.467628
584		25.779673
585		27.314177
586		26.853827
587		26.240025
588		24.091719
589		27.774529
590		25.472773
591		25.165871
592		26.700377
593		27.160727
594		28.388330
595		26.853827
596		29.155582
597		30.843538
598		27.774529
599		25.165871
600		28.234880
601		29.309032
602		26.546925
603		28.541780
604		26.393475
605		23.477917
606		24.552069
607		25.165871
608		29.309032
609		28.081430
610		30.536636
611		27.927979
612		26.546925
613		29.462484
614		29.309032
615		30.229736
616		25.626223
617		28.695230
618		26.086575
619		30.843538
620		24.705521
621		28.541780
622		26.393475
623		28.695230
624		29.769384
625		28.695230
626		29.769384
627		30.996988
628		32.531490
629		30.076284
630		27.927979
631		29.462484
632		25.626223
633		32.224590
634		28.234880
635		30.383186
636		28.234880
637		30.229736
638		28.541780
639		33.605644
640		31.303888
641		30.076284
642		26.853827
643		34.526348
644		29.309032
645		29.462484
646		29.002132
647		30.996988
648		29.309032
649		32.071140
650		29.615934
651		31.457338
652		27.774529
653		31.457338
654		33.145294
655		33.145294
656		30.996988
657		33.605644
658		34.986698
659		34.219448
660		33.912544
661		31.150438
662		30.996988
663		29.002132
664		27.927979
665		27.314177
666		30.690086
667		25.319323
668		27.007277
669		27.160727
670		26.546925
671		29.155582
672		28.848682
673		30.076284
674		26.240025
675		25.779673
676		29.309032
677		27.314177
678		25.319323
679		27.160727
680		27.467628
681		25.012421
682		24.552069
683		24.705521
684		25.012421
685		27.621078
686		25.779673
687		25.626223
688		25.472773
689		25.319323
690		24.091719
691		25.626223
692		26.240025
693		25.626223
694		29.309032
695		24.091719
696		24.245169
697		26.240025
698		24.552069
699		24.245169
700		24.398619
701		24.705521
702		27.007277
703		22.250313
704		22.096863
705		27.774529
706		24.091719
707		27.621078
708		29.309032
709		33.145294
710		24.245169
711		25.012421
712		24.398619
713		23.631367
714		26.853827
715		30.690086
716		49.411041
717		61.993977
718		33.759094
719		23.171015
720		24.398619
721		21.329611
722		21.943413
723		25.012421
724		25.472773
725		22.710665
726		23.017565
727		24.398619
728		23.631367
729		23.631367
730		21.022709
731		25.165871
732		27.160727
733		22.250313
734		23.017565
735		25.165871
736		24.091719
737		24.245169
738		25.319323
739		26.700377
740		22.864115
741		25.626223
742		23.938269
743		25.472773
744		24.091719
745		22.864115
746		25.933123
747		23.477917
748		23.171015
749		73.656212
750		301.683563
751		520.657349
752		234.318817
753		46.035130
754		24.245169
755		22.557215
756		25.933123
757		22.864115
758		25.779673
759		24.398619
760		29.615934
761		26.240025
762		24.398619
763		25.472773
764		23.938269
765		27.621078
766		21.943413
767		24.245169
768		27.314177
769		23.938269
770		29.309032
771		24.091719
772		23.324467
773		24.245169
774		25.779673
775		27.160727
776		26.086575
777		24.245169
778		26.240025
779		23.324467
780		23.938269
781		29.002132
782		24.552069
783		25.472773
784		24.245169
785		28.388330
786		23.477917
787		23.784817
788		25.319323
789		25.472773
790		25.472773
791		25.472773
792		23.477917
793		25.165871
794		27.160727
795		30.076284
796		49.564491
797		53.093849
798		32.684944
799		25.626223
800		25.319323
801		26.393475
802		22.250313
803		24.245169
804		27.314177
805		28.081430
806		22.250313
807		24.705521
808		25.319323
809		25.933123
810		24.091719
811		30.229736
812		26.700377
813		27.314177
814		25.933123
815		27.927979
816		24.705521
817		25.165871
818		26.086575
819		30.229736
820		26.393475
821		21.483061
822		28.695230
823		28.234880
824		23.324467
825		26.546925
826		30.536636
827		24.858971
828		26.393475
829		23.631367
830		27.007277
831		24.858971
832		26.700377
833		30.383186
834		28.081430
835		28.695230
836		31.764240
837		25.319323
838		28.388330
839		25.319323
840		31.457338
841		29.769384
842		28.695230
843		32.684944
844		29.309032
845		26.240025
846		27.927979
847		28.541780
848		26.086575
849		25.472773
850		32.684944
851		27.007277
852		30.690086
853		28.081430
854		27.621078
855		30.383186
856		28.081430
857		28.081430
858		31.457338
859		28.388330
860		27.007277
861		24.245169
862		26.700377
863		32.838394
864		32.071140
865		27.314177
866		25.472773
867		28.848682
868		29.922834
869		25.933123
870		29.155582
871		27.160727
872		27.314177
873		29.922834
874		27.007277
875		26.700377
876		25.165871
877		24.705521
878		29.462484
879		29.769384
880		25.165871
881		28.081430
882		28.234880
883		27.774529
884		29.615934
885		28.541780
886		26.853827
887		26.393475
888		25.933123
889		27.160727
890		28.081430
891		29.155582
892		31.764240
893		30.690086
894		28.848682
895		27.774529
896		29.615934
897		29.922834
898		30.076284
899		28.388330
900		25.779673
901		27.160727
902		28.234880
903		29.462484
904		31.457338
905		24.245169
906		29.462484
907		28.388330
908		29.002132
909		28.388330
910		29.462484
911		28.388330
912		30.229736
913		30.843538
914		27.314177
915		29.769384
916		29.769384
917		29.615934
918		29.462484
919		29.615934
920		30.996988
921		39.436760
922		87.620201
923		176.161102
924		140.560593
925		56.469761
926		33.912544
927		37.441906
928		34.833248
929		32.684944
930		32.684944
931		30.690086
932		32.071140
933		34.833248
934		35.600502
935		35.293598
936		36.521202
937		32.991844
938		37.135006
939		32.071140
940		35.907402
941		36.060852
942		35.600502
943		30.229736
944		31.917690
945		34.986698
946		36.674652
947		34.065998
948		31.764240
949		34.372898
950		36.674652
951		36.214302
952		36.828106
953		32.684944
954		36.060852
955		38.822960
956		34.372898
957		38.822960
958		35.907402
959		34.679798
960		38.669510
961		38.055706
962		35.753952
963		34.219448
964		32.991844
965		35.293598
966		39.590214
967		42.045418
968		40.357464
969		31.303888
970		36.521202
971		38.822960
972		38.976410
973		34.679798
974		39.129860
975		39.897114
976		36.060852
977		38.209160
978		39.283310
979		37.748806
980		43.119572
981		41.124718
982		40.204014
983		41.585068
984		38.669510
985		36.828106
986		37.441906
987		39.590214
988		39.129860
989		42.198868
990		43.579922
991		38.516060
992		40.204014
993		41.278168
994		42.659222
995		36.828106
996		45.267879
997		40.050564
998		45.114429
999		41.891968
1000		40.817814
1001		41.278168
1002		42.198868
1003		40.971268
1004		37.748806
1005		47.416183
1006		41.738518
1007		47.876537
1008		46.495483
1009		46.188580
1010		39.590214
1011		49.104137
1012		44.807526
1013		42.352322
1014		46.342030
1015		40.971268
1016		47.262733
1017		51.559345
1018		48.643787
1019		45.728230
1020		47.262733
1021		50.945545
1022		47.569633
1023		47.876537
1024		50.945545
1025		48.336887
1026		46.802383
1027		50.024841
1028		45.574780
1029		53.093849
1030		54.781807
1031		55.549057
1032		52.019699
1033		55.855957
1034		58.924969
1035		52.633499
1036		58.311165
1037		90.535759
1038		111.098114
1039		91.303009
1040		51.712795
1041		43.886826
1042		41.738518
1043		43.579922
1044		42.659222
1045		40.204014
1046		41.124718
1047		41.891968
1048		42.352322
1049		43.273022
1050		39.897114
1051		40.510914
1052		41.585068
1053		41.431618
1054		41.431618
1055		39.743664
1056		44.193726
1057		35.447052
1058		37.748806
1059		40.204014
1060		36.214302
1061		41.431618
1062		37.748806
1063		38.055706
1064		36.367752
1065		36.981556
1066		32.838394
1067		35.753952
1068		32.684944
1069		34.526348
1070		31.303888
1071		32.378040
1072		35.600502
1073		33.298744
1074		30.843538
1075		32.224590
1076		30.536636
1077		30.843538
1078		34.526348
1079		33.298744
1080		30.690086
1081		34.065998
1082		31.303888
1083		25.472773
1084		26.700377
1085		25.626223
1086		29.615934
1087		28.388330
1088		27.927979
1089		26.240025
1090		27.160727
1091		25.165871
1092		24.858971
1093		22.403763
1094		25.626223
1095		25.779673
1096		24.705521
1097		24.245169
1098		21.176161
1099		23.324467
1100		22.710665
1101		23.017565
1102		20.255457
1103		27.774529
1104		24.705521
1105		23.938269
1106		23.784817
1107		26.700377
1108		22.403763
1109		21.943413
1110		22.864115
1111		22.864115
1112		23.938269
1113		27.467628
1114		21.176161
1115		20.715809
1116		23.938269
1117		27.774529
1118		24.552069
1119		25.165871
1120		23.324467
1121		22.096863
1122		21.943413
1123		22.250313
1124		24.245169
1125		25.779673
1126		26.700377
1127		50.485191
1128		290.021332
1129		1074.920288
1130		1508.417725
1131		862.851807
1132		185.214676
1133		31.303888
1134		24.705521
1135		22.096863
1136		23.171015
1137		22.710665
1138		21.022709
1139		19.641655
1140		22.096863
1141		23.938269
1142		22.557215
1143		25.933123
1144		22.096863
1145		20.408907
1146		24.705521
1147		25.319323
1148		25.012421
1149		23.631367
1150		22.710665
1151		21.022709
1152		21.789961
1153		21.329611
1154		22.864115
1155		23.017565
1156		21.329611
1157		20.408907
1158		21.483061
1159		20.408907
1160		24.245169
1161		24.858971
1162		25.779673
1163		23.784817
1164		25.626223
1165		28.541780
1166		26.240025
1167		25.626223
1168		28.234880
1169		25.472773
1170		26.086575
1171		28.234880
1172		25.319323
1173		26.393475
1174		27.621078
1175		27.160727
1176		24.245169
1177		23.171015
1178		24.552069
1179		25.012421
1180		22.557215
1181		24.858971
1182		24.705521
1183		28.695230
1184		24.552069
1185		24.552069
1186		22.403763
1187		22.250313
1188		24.398619
1189		23.324467
1190		29.462484
1191		24.091719
1192		22.557215
1193		23.938269
1194		23.784817
1195		22.250313
1196		21.943413
1197		22.710665
1198		25.165871
1199		22.710665
1200		21.636511
1201		19.181305
1202		23.784817
1203		22.250313
1204		20.869259
1205		21.943413
1206		21.022709
1207		24.091719
1208		21.943413
1209		23.631367
1210		24.398619
1211		22.250313
1212		24.245169
1213		22.864115
1214		21.022709
1215		28.081430
1216		18.874403
1217		22.403763
1218		20.255457
1219		24.858971
1220		22.250313
1221		25.319323
1222		25.012421
1223		23.938269
1224		24.398619
1225		23.784817
1226		22.864115
1227		21.789961
1228		24.091719
1229		23.631367
1230		20.869259
1231		25.012421
1232		22.250313
1233		20.562359
1234		26.853827
1235		26.086575
1236		26.240025
1237		23.631367
1238		27.314177
1239		25.933123
1240		25.012421
1241		27.007277
1242		39.897114
1243		113.706772
1244		274.062469
1245		286.338501
1246		150.381424
1247		54.474903
1248		27.160727
1249		32.071140
1250		30.076284
1251		29.155582
1252		28.541780
1253		26.240025
1254		26.853827
1255		29.769384
1256		29.002132
1257		25.165871
1258		29.309032
1259		27.314177
1260		30.076284
1261		27.774529
1262		33.145294
1263		28.234880
1264		29.769384
1265		30.383186
1266		32.991844
1267		26.086575
1268		29.002132
1269		30.229736
1270		29.615934
1271		25.933123
1272		28.234880
1273		28.848682
1274		28.541780
1275		29.462484
1276		31.917690
1277		29.309032
1278		31.610790
1279		29.615934
1280		32.378040
1281		28.541780
1282		30.690086
1283		29.615934
1284		27.621078
1285		25.933123
1286		35.907402
1287		27.621078
1288		33.145294
1289		34.986698
1290		28.848682
1291		31.764240
1292		32.071140
1293		32.224590
1294		29.002132
1295		31.764240
1296		31.610790
1297		28.081430
1298		35.753952
1299		31.303888
1300		31.764240
1301		32.684944
1302		34.986698
1303		28.081430
1304		31.150438
1305		37.902256
1306		34.219448
1307		34.219448
1308		35.140148
1309		29.462484
1310		35.907402
1311		28.388330
1312		30.996988
1313		38.362610
1314		34.526348
1315		40.664364
1316		38.209160
1317		38.516060
1318		32.224590
1319		38.822960
1320		35.907402
1321		37.288456
1322		35.293598
1323		35.907402
1324		36.521202
1325		32.531490
1326		35.753952
1327		38.976410
1328		38.209160
1329		32.531490
1330		38.516060
1331		36.828106
1332		34.679798
1333		38.362610
1334		40.971268
1335		43.886826
1336		43.579922
1337		45.421329
1338		40.817814
1339		45.574780
1340		44.960976
1341		42.198868
1342		44.807526
1343		38.669510
1344		43.426472
1345		41.585068
1346		36.828106
1347		44.500626
1348		47.723083
1349		52.019699
1350		50.945545
1351		47.416183
1352		50.638645
1353		49.411041
1354		49.717941
1355		47.876537
1356		36.367752
1357		37.595356
1358		35.753952
1359		34.526348
1360		33.145294
1361		36.214302
1362		32.378040
1363		37.595356
1364		34.833248
1365		34.372898
1366		32.378040
1367		39.590214
1368		34.526348
1369		32.991844
1370		30.536636
1371		32.378040
1372		29.615934
1373		29.769384
1374		29.769384
1375		30.843538
1376		31.303888
1377		31.610790
1378		27.314177
1379		31.150438
1380		27.927979
1381		29.309032
1382		26.546925
1383		28.541780
1384		29.155582
1385		28.541780
1386		24.398619
1387		26.546925
1388		23.477917
1389		25.319323
1390		24.245169
1391		25.779673
1392		24.552069
1393		23.784817
1394		21.943413
1395		21.022709
1396		21.943413
1397		19.488205
1398		19.948557
1399		21.022709
1400		19.641655
1401		18.414053
1402		18.874403
1403		16.726097
1404		16.112295
1405		18.720953
1406		14.884692
1407		15.805395
1408		15.958845
1409		13.196737
1410		19.795107
1411		15.191593
1412		11.662233
1413		11.201881
1414		14.577791
1415		9.820827
1416		13.657088
1417		12.736386
1418		13.043287
1419		12.582935
1420		10.741530
1421		12.736386
1422		10.741530
1423		12.276034
1424		8.132873
1425		10.894980
1426		10.281179
1427		11.048431
1428		8.593225
1429		8.746675
1430		9.513927
1431		10.741530
1432		11.662233
1433		9.207026
1434		10.127728
1435		10.741530
1436		9.513927
1437		7.212171
1438		9.360476
1439		8.439774
1440		9.053576
1441		8.286324
1442		9.207026
1443		10.741530
1444		10.127728
1445		7.519071
1446		6.905270
1447		9.974278
1448		32.838394
1449		215.290955
1450		781.983398
1451		1343.765503
1452		1025.816162
1453		385.160583
1454		72.735504
1455		11.815683
1456		7.672522
1457		7.979423
1458		6.138017
1459		6.905270
1460		8.132873
1461		5.831117
1462		6.598369
1463		8.746675
1464		6.291468
1465		6.291468
1466		5.984567
1467		7.365621
1468		4.603513
1469		6.138017
1470		6.598369
1471		4.756963
1472		6.138017
1473		6.138017
1474		7.058720
1475		7.365621
1476		6.291468
1477		5.984567
1478		6.291468
1479		7.825972
1480		5.677666
1481		8.746675
1482		7.825972
1483		5.370765
1484		6.444918
1485		5.677666
1486		7.058720
1487		5.370765
1488		5.370765
1489		7.365621
1490		6.291468
1491		4.756963
1492		6.598369
1493		6.444918
1494		6.444918
1495		4.450063
1496		6.138017
1497		5.217315
1498		6.598369
1499		4.910414
1500		5.831117
1501		5.217315
1502		8.132873
1503		6.138017
1504		6.444918
1505		5.831117
1506		7.212171
1507		5.063864
1508		7.365621
1509		5.984567
1510		6.905270
1511		5.370765
1512		7.212171
1513		6.291468
1514		8.132873
1515		7.519071
1516		4.910414
1517		8.439774
1518		6.905270
1519		7.212171
1520		5.370765
1521		7.212171
1522		6.444918
1523		6.751819
1524		4.910414
1525		5.984567
1526		5.063864
1527		5.524216
1528		6.291468
1529		5.217315
1530		7.058720
1531		6.291468
1532		6.291468
1533		7.058720
1534		5.677666
1535		6.444918
1536		5.984567
1537		7.519071
1538		5.984567
1539		7.058720
1540		6.138017
1541		8.900126
1542		6.598369
1543		6.291468
1544		7.058720
1545		6.291468
1546		6.598369
1547		5.370765
1548		5.831117
1549		7.365621
1550		6.138017
1551		7.058720
1552		6.291468
1553		6.905270
1554		7.519071
1555		5.063864
1556		5.677666
1557		6.138017
1558		7.365621
1559		4.450063
1560		5.677666
1561		7.058720
1562		6.598369
1563		6.598369
1564		6.138017
1565		6.138017
1566		7.058720
1567		5.370765
1568		5.370765
1569		5.063864
1570		5.984567
1571		7.519071
1572		5.677666
1573		6.291468
1574		4.296612
1575		5.677666
1576		4.910414
1577		6.444918
1578		5.524216
1579		5.831117
1580		4.603513
1581		4.450063
1582		5.677666
1583		6.905270
1584		4.296612
1585		4.603513
1586		4.603513
1587		5.524216
1588		5.370765
1589		5.217315
1590		3.989711
1591		4.450063
1592		6.138017
1593		5.063864
1594		4.143162
1595		5.217315
1596		4.910414
1597		4.450063
1598		4.910414
1599		5.370765
1600		4.143162
1601		6.444918
1602		3.836261
1603		4.143162
1604		4.756963
1605		4.910414
1606		5.063864
1607		5.063864
1608		4.296612
1609		3.529360
1610		4.603513
1611		4.910414
1612		4.756963
1613		5.217315
1614		6.598369
1615		5.370765
1616		3.836261
1617		3.989711
1618		4.450063
1619		4.296612
1620		6.138017
1621		6.291468
1622		5.677666
1623		7.979423
1624		8.900126
1625		6.444918
1626		7.825972
1627		3.222459
1628		3.989711
1629		5.370765
1630		5.370765
1631		4.756963
1632		3.682811
1633		2.762108
1634		3.989711
1635		5.831117
1636		4.296612
1637		4.603513
1638		5.217315
1639		6.138017
1640		2.915558
1641		4.756963
1642		6.444918
1643		4.450063
1644		5.524216
1645		3.375910
1646		5.370765
1647		4.296612
1648		3.375910
1649		4.756963
1650		4.296612
1651		4.910414
1652		4.603513
1653		5.677666
1654		3.529360
1655		4.450063
1656		5.677666
1657		7.212171
1658		7.672522
1659		7.212171
1660		4.756963
1661		3.682811
1662		4.450063
1663		3.069009
1664		5.217315
1665		4.756963
1666		4.450063
1667		5.524216
1668		4.450063
1669		3.989711
1670		4.296612
1671		4.603513
1672		3.836261
1673		3.529360
1674		4.450063
1675		5.984567
1676		4.756963
1677		4.143162
1678		4.603513
1679		2.915558
1680		4.910414
1681		6.138017
1682		4.603513
1683		4.296612
1684		3.989711
1685		5.063864
1686		4.143162
1687		4.296612
1688		4.143162
1689		4.910414
1690		3.989711
1691		3.836261
1692		4.296612
1693		3.682811
1694		3.836261
1695		3.836261
1696		3.682811
1697		4.143162
1698		2.301757
1699		3.682811
1700		3.069009
1701		3.529360
1702		3.989711
1703		3.375910
1704		5.217315
1705		2.915558
1706		5.217315
1707		3.222459
1708		2.762108
1709		4.756963
1710		4.603513
1711		3.529360
1712		3.836261
1713		3.375910
1714		3.682811
1715		3.375910
1716		3.069009
1717		4.910414
1718		6.444918
1719		4.756963
1720		3.682811
1721		4.296612
1722		3.682811
1723		5.063864
1724		4.756963
1725		3.222459
1726		3.836261
1727		3.836261
1728		3.989711
1729		4.603513
1730		2.762108
1731		4.910414
1732		4.143162
1733		3.069009
1734		4.296612
1735		3.529360
1736		5.217315
1737		3.375910
1738		4.296612
1739		3.682811
1740		3.989711
1741		3.836261
1742		4.143162
1743		4.143162
1744		4.910414
1745		4.450063
1746		4.450063
1747		4.143162
1748		3.375910
1749		3.222459
1750		3.836261
1751		3.989711
1752		2.455207
1753		3.989711
1754		3.529360
1755		4.296612
1756		4.910414
1757		3.836261
1758		2.915558
1759		3.069009
1760		3.222459
1761		2.608657
1762		3.836261
1763		3.529360
1764		3.529360
1765		3.222459
1766		3.836261
1767		3.222459
1768		2.762108
1769		3.375910
1770		4.296612
1771		3.836261
1772		2.762108
1773		4.143162
1774		2.762108
1775		4.910414
1776		3.682811
1777		3.529360
1778		2.148306
1779		3.989711
1780		4.143162
1781		4.450063
1782		4.756963
1783		4.143162
1784		5.677666
1785		7.212171
1786		3.836261
1787		2.608657
1788		3.682811
1789		3.375910
1790		3.222459
1791		2.148306
1792		2.455207
1793		2.148306
1794		2.148306
1795		3.222459
1796		2.915558
1797		3.529360
1798		2.762108
1799		2.762108
1800		3.836261
1801		2.608657
1802		2.301757
1803		2.455207
1804		2.608657
1805		1.841405
1806		3.836261
1807		3.989711
1808		2.301757
1809		4.296612
1810		2.301757
1811		2.762108
1812		2.608657
1813		4.143162
1814		3.375910
1815		2.455207
1816		3.989711
1817		2.915558
1818		2.915558
1819		4.296612
1820		3.069009
1821		2.455207
1822		3.529360
1823		2.608657
1824		2.915558
1825		3.069009
1826		3.836261
1827		2.915558
1828		5.370765
1829		12.276034
1830		14.270890
1831		11.815683
1832		5.831117
1833		5.063864
1834		2.762108
1835		3.222459
1836		2.608657
1837		2.915558
1838		2.301757
1839		3.069009
1840		2.915558
1841		4.143162
1842		3.222459
1843		3.529360
1844		3.069009
1845		3.222459
1846		1.381054
1847		3.529360
1848		2.608657
1849		3.069009
1850		2.301757
1851		3.069009
1852		4.603513
1853		2.762108
1854		2.915558
1855		2.455207
1856		1.227603
1857		2.762108
1858		1.841405
1859		2.455207
1860		2.608657
1861		1.534504
1862		3.529360
1863		3.529360
1864		2.762108
1865		1.687955
1866		1.687955
1867		1.994856
1868		2.915558
1869		3.069009
1870		3.222459
1871		4.603513
1872		4.450063
1873		3.375910
1874		4.143162
1875		1.841405
1876		3.069009
1877		3.529360
1878		2.762108
1879		3.682811
1880		3.529360
1881		2.915558
1882		2.762108
1883		3.222459
1884		3.375910
1885		4.450063
1886		4.910414
1887		4.296612
1888		4.296612
1889		2.608657
1890		2.608657
1891		2.915558
1892		3.069009
1893		3.222459
1894		3.682811
1895		1.994856
1896		2.762108
1897		3.529360
1898		2.455207
1899		3.989711
1900		2.455207
1901		2.148306
1902		2.608657
1903		2.762108
1904		3.069009
1905		2.762108
1906		2.608657
1907		2.455207
1908		2.455207
1909		2.915558
1910		2.148306
1911		2.455207
1912		1.841405
1913		2.455207
1914		2.915558
1915		2.608657
1916		1.994856
1917		3.375910
1918		3.222459
1919		3.069009
1920		2.148306
1921		3.222459
1922		2.762108
1923		2.148306
1924		1.687955
1925		2.608657
1926		3.375910
1927		2.915558
1928		1.687955
1929		2.455207
1930		3.682811
1931		3.375910
1932		3.069009
1933		2.915558
1934		4.143162
1935		3.222459
1936		3.222459
1937		2.762108
1938		2.762108
1939		2.455207
1940		3.375910
1941		3.222459
1942		2.762108
1943		2.148306
1944		2.608657
1945		2.455207
1946		3.989711
1947		3.529360
1948		1.534504
1949		3.682811
1950		2.608657
1951		2.608657
1952		3.222459
1953		2.915558
1954		2.762108
1955		3.069009
1956		3.529360
1957		2.915558
1958		1.994856
1959		2.455207
1960		3.222459
1961		2.455207
1962		3.529360
1963		2.608657
1964		2.608657
1965		3.069009
1966		1.994856
1967		1.994856
1968		3.375910
1969		1.994856
1970		2.455207
1971		2.455207
1972		2.455207
1973		4.603513
1974		2.608657
1975		2.762108
1976		2.301757
1977		2.915558
1978		2.608657
1979		3.222459
1980		3.069009
1981		3.069009
1982		2.455207
1983		3.069009
1984		2.915558
1985		4.603513
1986		3.069009
1987		3.222459
1988		2.915558
1989		2.915558
1990		3.069009
1991		2.608657
1992		3.529360
1993		3.989711
1994		2.915558
1995		2.915558
1996		3.375910
1997		2.301757
1998		3.222459
1999		3.836261
2000		3.222459
2001		3.989711
2002		1.841405
2003		2.608657
2004		1.994856
2005		2.455207
2006		2.915558
2007		2.455207
2008		1.687955
2009		3.836261
2010		2.301757
2011		2.915558
2012		2.301757
2013		2.608657
2014		1.841405
2015		2.301757
2016		1.227603
2017		3.222459
2018		1.841405
2019		3.069009
2020		3.069009
2021		2.608657
2022		1.994856
2023		1.841405
2024		3.375910
2025		1.841405
2026		2.762108
2027		3.375910
2028		3.069009
2029		1.994856
2030		2.762108
2031		2.148306
2032		2.455207
2033		2.148306
2034		4.143162
2035		2.301757
2036		1.381054
2037		2.148306
2038		2.148306
2039		3.375910
2040		1.381054
2041		1.534504
2042		1.381054
2043		2.915558
2044		1.994856
2045		1.994856
2046		1.074153
2047		2.762108
2048		2.455207
2049		2.301757
2050		3.069009
2051		3.836261
2052		1.994856
2053		2.608657
2054		2.762108
2055		3.069009
2056		2.148306
2057		3.989711
2058		6.598369
2059		6.751819
2060		4.756963
2061		3.069009
2062		2.148306
2063		2.148306
2064		2.148306
2065		3.069009
2066		1.994856
2067		1.994856
2068		2.915558
2069		2.455207
2070		1.687955
2071		1.994856
2072		1.841405
2073		2.915558
2074		1.994856
2075		1.534504
2076		2.608657
2077		2.301757
2078		2.608657
2079		2.148306
2080		3.069009
2081		1.687955
2082		1.687955
2083		3.222459
2084		2.148306
2085		1.994856
2086		1.841405
2087		2.301757
2088		1.994856
2089		3.375910
2090		1.994856
2091		4.603513
2092		7.979423
2093		8.439774
2094		8.132873
2095		4.910414
2096		2.915558
2097		2.455207
2098		1.381054
2099		1.994856
2100		2.148306
2101		3.222459
2102		1.994856
2103		1.994856
2104		2.301757
2105		1.381054
2106		2.301757
2107		2.455207
2108		1.994856
2109		1.687955
2110		1.994856
2111		1.994856
2112		1.994856
2113		1.381054
2114		2.608657
2115		1.687955
2116		1.687955
2117		1.534504
2118		1.687955
2119		1.687955
2120		1.841405
2121		1.994856
2122		2.148306
2123		1.074153
2124		2.455207
2125		1.994856
2126		1.381054
2127		1.534504
2128		1.994856
2129		1.841405
2130		1.381054
2131		1.687955
2132		1.534504
2133		1.687955
2134		1.534504
2135		2.608657
2136		1.994856
2137		2.608657
2138		1.994856
2139		1.841405
2140		2.915558
2141		1.841405
2142		3.069009
2143		1.227603
2144		2.455207
2145		2.608657
2146		2.455207
2147		2.455207
2148		2.762108
2149		1.534504
2150		1.687955
2151		1.687955
2152		2.915558
2153		2.608657
2154		2.455207
2155		1.381054
2156		2.148306
2157		2.148306
2158		1.994856
2159		2.148306
2160		2.762108
2161		1.227603
2162		1.994856
2163		2.148306
2164		1.994856
2165		1.994856
2166		1.841405
2167		2.148306
2168		2.608657
2169		2.301757
2170		1.994856
2171		1.687955
2172		2.148306
2173		1.994856
2174		1.687955
2175		1.074153
2176		1.841405
2177		1.381054
2178		2.455207
2179		1.687955
2180		2.148306
2181		1.381054
2182		1.074153
2183		0.920703
2184		1.841405
2185		0.767252
2186		2.455207
2187		2.762108
2188		1.994856
2189		2.301757
2190		1.841405
2191		1.687955
2192		1.994856
2193		1.687955
2194		1.534504
2195		2.148306
2196		2.301757
2197		1.534504
2198		2.455207
2199		2.455207
2200		1.841405
2201		1.381054
2202		1.687955
2203		1.841405
2204		2.608657
2205		1.227603
2206		2.301757
2207		1.841405
2208		1.994856
2209		1.994856
2210		1.227603
2211		1.534504
2212		1.687955
2213		1.074153
2214		2.301757
2215		1.534504
2216		1.074153
2217		1.841405
2218		1.227603
2219		1.381054
2220		0.460351
2221		0.767252
2222		1.227603
2223		0.920703
2224		1.534504
2225		1.687955
2226		1.074153
2227		1.227603
2228		1.687955
2229		2.455207
2230		1.534504
2231		1.687955
2232		1.841405
2233		0.920703
2234		1.074153
2235		1.687955
2236		2.608657
2237		1.381054
2238		1.534504
2239		0.613802
2240		1.381054
2241		1.227603
2242		1.534504
2243		1.227603
2244		1.381054
2245		0.306901
2246		1.227603
2247		1.227603
2248		1.687955
2249		0.920703
2250		1.534504
2251		0.767252
2252		0.920703
2253		1.687955
2254		1.227603
2255		0.920703
2256		0.767252
2257		0.613802
2258		1.381054
2259		0.767252
2260		0.613802
2261		0.920703
2262		2.148306
2263		2.148306
2264		7.058720
2265		7.365621
2266		9.360476
2267		4.143162
2268		4.143162
2269		1.534504
2270		1.074153
2271		1.227603
2272		1.074153
2273		1.074153
2274		0.767252
2275		0.460351
2276		0.920703
2277		0.920703
2278		2.301757
2279		1.074153
2280		1.534504
2281		0.767252
2282		0.920703
2283		1.841405
2284		0.767252
2285		2.301757
2286		0.613802
2287		1.534504
2288		1.687955
2289		0.767252
2290		0.920703
2291		1.841405
2292		1.381054
2293		1.074153
2294		0.920703
2295		1.534504
2296		1.074153
2297		0.767252
2298		1.687955
2299		1.074153
2300		1.074153
2301		1.227603
2302		0.767252
2303		1.227603
2304		1.841405
2305		0.460351
2306		1.841405
2307		0.920703
2308		0.767252
2309		0.767252
2310		1.381054
2311		0.767252
2312		0.767252
2313		1.074153
2314		1.534504
2315		0.460351
2316		1.381054
2317		0.920703
2318		0.920703
2319		1.227603
2320		0.613802
2321		1.227603
2322		1.534504
2323		0.920703
2324		0.767252
2325		0.920703
2326		0.613802
2327		0.613802
2328		1.381054
2329		0.460351
2330		0.306901
2331		0.460351
2332		0.000000
2333		0.153450
2334		0.460351
2335		0.767252
2336		0.460351
2337		0.000000
2338		0.000000
2339		0.000000
2340		0.000000
2341		0.153450
2342		0.000000
2343		0.306901
2344		0.000000
2345		0.000000
2346		0.153450
2347		0.000000
2348		0.153450
2349		0.000000
2350		0.000000
2351		0.000000
2352		0.000000
2353		0.000000
2354		0.000000
2355		0.000000
2356		0.000000
2357		0.000000
2358		0.000000
2359		0.000000
2360		0.000000
2361		0.000000
2362		0.000000
2363		0.000000
2364		0.000000
2365		0.000000
2366		0.000000
2367		0.000000
2368		0.000000
2369		0.000000
2370		0.000000
2371		0.000000
2372		0.000000
2373		0.000000
2374		0.000000
2375		0.000000
2376		0.000000
2377		0.000000
2378		0.000000
2379		0.000000
2380		0.000000
2381		0.000000
2382		0.000000
2383		0.000000
2384		0.000000
2385		0.000000
2386		0.000000
2387		0.000000
2388		0.000000
2389		0.000000
2390		0.000000
2391		0.000000
2392		0.000000
2393		0.000000
2394		0.000000
2395		0.000000
2396		0.000000
2397		0.000000
2398		0.000000
2399		0.000000
2400		0.000000
2401		0.000000
2402		0.000000
2403		0.000000
2404		0.000000
2405		0.000000
2406		0.000000
2407		0.000000
2408		0.000000
2409		0.000000
2410		0.000000
2411		0.000000
2412		0.000000
2413		0.000000
2414		0.000000
2415		0.000000
2416		0.000000
2417		0.000000
2418		0.000000
2419		0.000000
2420		0.000000
2421		0.000000
2422		0.000000
2423		0.000000
2424		0.000000
2425		0.000000
2426		0.000000
2427		0.000000
2428		0.000000
2429		0.000000
2430		0.000000
2431		0.000000
2432		0.000000
2433		0.000000
2434		0.000000
2435		0.000000
2436		0.000000
2437		0.000000
2438		0.000000
2439		0.000000
2440		0.000000
2441		0.000000
2442		0.000000
2443		0.000000
2444		0.000000
2445		0.000000
2446		0.000000
2447		0.000000
2448		0.000000
2449		0.000000
2450		0.000000
2451		0.000000
2452		0.000000
2453		0.000000
2454		0.000000
2455		0.000000
2456		0.000000
2457		0.000000
2458		0.000000
2459		0.000000
2460		0.000000
2461		0.000000
2462		0.000000
2463		0.000000
2464		0.000000
2465		0.000000
2466		0.000000
2467		0.000000
2468		0.000000
2469		0.000000
2470		0.000000
2471		0.000000
2472		0.000000
2473		0.000000
2474		0.000000
2475		0.000000
2476		0.000000
2477		0.000000
2478		0.000000
2479		0.000000
2480		0.000000
2481		0.000000
2482		0.000000
2483		0.000000
2484		0.000000
2485		0.000000
2486		0.000000
2487		0.000000
2488		0.000000
2489		0.000000
2490		0.000000
2491		0.000000
2492		0.000000
2493		0.000000
2494		0.000000
2495		0.000000
2496		0.000000
2497		0.000000
2498		0.000000
2499		0.000000
2500		0.000000
2501		0.000000
2502		0.000000
2503		0.000000
2504		0.000000
2505		0.000000
2506		0.000000
2507		0.000000
2508		0.000000
2509		0.000000
2510		0.000000
2511		0.000000
2512		0.000000
2513		0.000000
2514		0.000000
2515		0.000000
2516		0.000000
2517		0.000000
2518		0.000000
2519		0.000000
2520		0.000000
2521		0.000000
2522		0.000000
2523		0.000000
2524		0.000000
2525		0.000000
2526		0.000000
2527		0.000000
2528		0.000000
2529		0.000000
2530		0.000000
2531		0.000000
2532		0.000000
2533		0.000000
2534		0.000000
2535		0.000000
2536		0.000000
2537		0.000000
2538		0.000000
2539		0.000000
2540		0.000000
2541		0.000000
2542		0.000000
2543		0.000000
2544		0.000000
2545		0.000000
2546		0.000000
2547		0.000000
2548		0.000000
2549		0.000000
2550		0.000000
2551		0.000000
2552		0.000000
2553		0.000000
2554		0.000000
2555		0.000000
2556		0.000000
2557		0.000000
2558		0.000000
2559		0.000000
2560		0.000000
2561		0.000000
2562		0.000000
2563		0.000000
2564		0.000000
2565		0.000000
2566		0.000000
2567		0.000000
2568		0.000000
2569		0.000000
2570		0.000000
2571		0.000000
2572		0.000000
2573		0.000000
2574		0.000000
2575		0.000000
2576		0.000000
2577		0.000000
2578		0.000000
2579		0.000000
2580		0.000000
2581		0.000000
2582		0.000000
2583		0.000000
2584		0.000000
2585		0.000000
2586		0.000000
2587		0.000000
2588		0.000000
2589		0.000000
2590		0.000000
2591		0.000000
2592		0.000000
2593		0.000000
2594		0.000000
2595		0.000000
2596		0.000000
2597		0.000000
2598		0.000000
2599		0.000000
2600		0.000000
2601		0.000000
2602		0.000000
2603		0.000000
2604		0.000000
2605		0.000000
2606		0.000000
2607		0.000000
2608		0.000000
2609		0.000000
2610		0.000000
2611		0.000000
2612		0.000000
2613		0.000000
2614		0.000000
2615		0.000000
2616		0.000000
2617		0.000000
2618		0.000000
2619		0.000000
2620		0.000000
2621		0.000000
2622		0.000000
2623		0.000000
2624		0.000000
2625		0.000000
2626		0.000000
2627		0.000000
2628		0.000000
2629		0.000000
2630		0.000000
2631		0.000000
2632		0.000000
2633		0.000000
2634		0.000000
2635		0.000000
2636		0.000000
2637		0.000000
2638		0.000000
2639		0.000000
2640		0.000000
2641		0.000000
2642		0.000000
2643		0.000000
2644		0.000000
2645		0.000000
2646		0.000000
2647		0.000000
2648		0.000000
2649		0.000000
2650		0.000000
2651		0.000000
2652		0.000000
2653		0.000000
2654		0.000000
2655		0.000000
2656		0.000000
2657		0.000000
2658		0.000000
2659		0.000000
2660		0.000000
2661		0.000000
2662		0.000000
2663		0.000000
2664		0.000000
2665		0.000000
2666		0.000000
2667		0.000000
2668		0.000000
2669		0.000000
2670		0.000000
2671		0.000000
2672		0.000000
2673		0.000000
2674		0.000000
2675		0.000000
2676		0.000000
2677		0.000000
2678		0.000000
2679		0.000000
2680		0.000000
2681		0.000000
2682		0.000000
2683		0.000000
2684		0.000000
2685		0.000000
2686		0.000000
2687		0.000000
2688		0.000000
2689		0.000000
2690		0.000000
2691		0.000000
2692		0.000000
2693		0.000000
2694		0.000000
2695		0.000000
2696		0.000000
2697		0.000000
2698		0.000000
2699		0.000000
2700		0.000000
2701		0.000000
2702		0.000000
2703		0.000000
2704		0.000000
2705		0.000000
2706		0.000000
2707		0.000000
2708		0.000000
2709		0.000000
2710		0.000000
2711		0.000000
2712		0.000000
2713		0.000000
2714		0.000000
2715		0.000000
2716		0.000000
2717		0.000000
2718		0.000000
2719		0.000000
2720		0.000000
2721		0.000000
2722		0.000000
2723		0.000000
2724		0.000000
2725		0.000000
2726		0.000000
2727		0.000000
2728		0.000000
2729		0.000000
2730		0.000000
2731		0.000000
2732		0.000000
2733		0.000000
2734		0.000000
2735		0.000000
2736		0.000000
2737		0.000000
2738		0.000000
2739		0.000000
2740		0.000000
2741		0.000000
2742		0.000000
2743		0.000000
2744		0.000000
2745		0.000000
2746		0.000000
2747		0.000000
2748		0.000000
2749		0.000000
2750		0.000000
2751		0.000000
2752		0.000000
2753		0.000000
2754		0.000000
2755		0.000000
2756		0.000000
2757		0.000000
2758		0.000000
2759		0.000000
2760		0.000000
2761		0.000000
2762		0.000000
2763		0.000000
2764		0.000000
2765		0.000000
2766		0.000000
2767		0.000000
2768		0.000000
2769		0.000000
2770		0.000000
2771		0.000000
2772		0.000000
2773		0.000000
2774		0.000000
2775		0.000000
2776		0.000000
2777		0.000000
2778		0.000000
2779		0.000000
2780		0.000000
2781		0.000000
2782		0.000000
2783		0.000000
2784		0.000000
2785		0.000000
2786		0.000000
2787		0.000000
2788		0.000000
2789		0.000000
2790		0.000000
2791		0.000000
2792		0.000000
2793		0.000000
2794		0.000000
2795		0.000000
2796		0.000000
2797		0.000000
2798		0.000000
2799		0.000000
2800		0.000000
2801		0.000000
2802		0.000000
2803		0.000000
2804		0.000000
2805		0.000000
2806		0.000000
2807		0.000000
2808		0.000000
2809		0.000000
2810		0.000000
2811		0.000000
2812		0.000000
2813		0.000000
2814		0.000000
2815		0.000000
2816		0.000000
2817		0.000000
2818		0.000000
2819		0.000000
2820		0.000000
2821		0.000000
2822		0.000000
2823		0.000000
2824		0.000000
2825		0.000000
2826		0.000000
2827		0.000000
2828		0.000000
2829		0.000000
2830		0.000000
2831		0.000000
2832		0.000000
2833		0.000000
2834		0.000000
2835		0.000000
2836		0.000000
2837		0.000000
2838		0.000000
2839		0.000000
2840		0.000000
2841		0.000000
2842		0.000000
2843		0.000000
2844		0.000000
2845		0.000000
2846		0.000000
2847		0.000000
2848		0.000000
2849		0.000000
2850		0.000000
2851		0.000000
2852		0.000000
2853		0.000000
2854		0.000000
2855		0.000000
2856		0.000000
2857		0.000000
2858		0.000000
2859		0.000000
2860		0.000000
2861		0.000000
2862		0.000000
2863		0.000000
2864		0.000000
2865		0.000000
2866		0.000000
2867		0.000000
2868		0.000000
2869		0.000000
2870		0.000000
2871		0.000000
2872		0.000000
2873		0.000000
2874		0.000000
2875		0.000000
2876		0.000000
2877		0.000000
2878		0.000000
2879		0.000000
2880		0.000000
2881		0.000000
2882		0.000000
2883		0.000000
2884		0.000000
2885		0.000000
2886		0.000000
2887		0.000000
2888		0.000000
2889		0.000000
2890		0.000000
2891		0.000000
2892		0.000000
2893		0.000000
2894		0.000000
2895		0.000000
2896		0.000000
2897		0.000000
2898		0.000000
2899		0.000000
2900		0.000000
2901		0.000000
2902		0.000000
2903		0.000000
2904		0.000000
2905		0.000000
2906		0.000000
2907		0.000000
2908		0.000000
2909		0.000000
2910		0.000000
2911		0.000000
2912		0.000000
2913		0.000000
2914		0.000000
2915		0.000000
2916		0.000000
2917		0.000000
2918		0.000000
2919		0.000000
2920		0.000000
2921		0.000000
2922		0.000000
2923		0.000000
2924		0.000000
2925		0.000000
2926		0.000000
2927		0.000000
2928		0.000000
2929		0.000000
2930		0.000000
2931		0.000000
2932		0.000000
2933		0.000000
2934		0.000000
2935		0.000000
2936		0.000000
2937		0.000000
2938		0.000000
2939		0.000000
2940		0.000000
2941		0.000000
2942		0.000000
2943		0.000000
2944		0.000000
2945		0.000000
2946		0.000000
2947		0.000000
2948		0.000000
2949		0.000000
2950		0.000000
2951		0.000000
2952		0.000000
2953		0.000000
2954		0.000000
2955		0.000000
2956		0.000000
2957		0.000000
2958		0.000000
2959		0.000000
2960		0.000000
2961		0.000000
2962		0.000000
2963		0.000000
2964		0.000000
2965		0.000000
2966		0.000000
2967		0.000000
2968		0.000000
2969		0.000000
2970		0.000000
2971		0.000000
2972		0.000000
2973		0.000000
2974		0.000000
2975		0.000000
2976		0.000000
2977		0.000000
2978		0.000000
2979		0.000000
2980		0.000000
2981		0.000000
2982		0.000000
2983		0.000000
2984		0.000000
2985		0.000000
2986		0.000000
2987		0.000000
2988		0.000000
2989		0.000000
2990		0.000000
2991		0.000000
2992		0.000000
2993		0.000000
2994		0.000000
2995		0.000000
2996		0.000000
2997		0.000000
2998		0.000000
2999		0.000000
3000		0.000000
3001		0.000000
3002		0.000000
3003		0.000000
3004		0.000000
3005		0.000000
3006		0.000000
3007		0.000000
3008		0.000000
3009		0.000000
3010		0.000000
3011		0.000000
3012		0.000000
3013		0.000000
3014		0.000000
3015		0.000000
3016		0.000000
3017		0.000000
3018		0.000000
3019		0.000000
3020		0.000000
3021		0.000000
3022		0.000000
3023		0.000000
3024		0.000000
3025		0.000000
3026		0.000000
3027		0.000000
3028		0.000000
3029		0.000000
3030		0.000000
3031		0.000000
3032		0.000000
3033		0.000000
3034		0.000000
3035		0.000000
3036		0.000000
3037		0.000000
3038		0.000000
3039		0.000000
3040		0.000000
3041		0.000000
3042		0.000000
3043		0.000000
3044		0.000000
3045		0.000000
3046		0.000000
3047		0.000000
3048		0.000000
3049		0.000000
3050		0.000000
3051		0.000000
3052		0.000000
3053		0.000000
3054		0.000000
3055		0.000000
3056		0.000000
3057		0.000000
3058		0.000000
3059		0.000000
3060		0.000000
3061		0.000000
3062		0.000000
3063		0.000000
3064		0.000000
3065		0.000000
3066		0.000000
3067		0.000000
3068		0.000000
3069		0.000000
3070		0.000000
3071		0.000000
3072		0.000000
3073		0.000000
3074		0.000000
3075		0.000000
3076		0.000000
3077		0.000000
3078		0.000000
3079		0.000000
3080		0.000000
3081		0.000000
3082		0.000000
3083		0.000000
3084		0.000000
3085		0.000000
3086		0.000000
3087		0.000000
3088		0.000000
3089		0.000000
3090		0.000000
3091		0.000000
3092		0.000000
3093		0.000000
3094		0.000000
3095		0.000000
3096		0.000000
3097		0.000000
3098		0.000000
3099		0.000000
3100		0.000000
3101		0.000000
3102		0.000000
3103		0.000000
3104		0.000000
3105		0.000000
3106		0.000000
3107		0.000000
3108		0.000000
3109		0.000000
3110		0.000000
3111		0.000000
3112		0.000000
3113		0.000000
3114		0.000000
3115		0.000000
3116		0.000000
3117		0.000000
3118		0.000000
3119		0.000000
3120		0.000000
3121		0.000000
3122		0.000000
3123		0.000000
3124		0.000000
3125		0.000000
3126		0.000000
3127		0.000000
3128		0.000000
3129		0.000000
3130		0.000000
3131		0.000000
3132		0.000000
3133		0.000000
3134		0.000000
3135		0.000000
3136		0.000000
3137		0.000000
3138		0.000000
3139		0.000000
3140		0.000000
3141		0.000000
3142		0.000000
3143		0.000000
3144		0.000000
3145		0.000000
3146		0.000000
3147		0.000000
3148		0.000000
3149		0.000000
3150		0.000000
3151		0.000000
3152		0.000000
3153		0.000000
3154		0.000000
3155		0.000000
3156		0.000000
3157		0.000000
3158		0.000000
3159		0.000000
3160		0.000000
3161		0.000000
3162		0.000000
3163		0.000000
3164		0.000000
3165		0.000000
3166		0.000000
3167		0.000000
3168		0.000000
3169		0.000000
3170		0.000000
3171		0.000000
3172		0.000000
3173		0.000000
3174		0.000000
3175		0.000000
3176		0.000000
3177		0.000000
3178		0.000000
3179		0.000000
3180		0.000000
3181		0.000000
3182		0.000000
3183		0.000000
3184		0.000000
3185		0.000000
3186		0.000000
3187		0.000000
3188		0.000000
3189		0.000000
3190		0.000000
3191		0.000000
3192		0.000000
3193		0.000000
3194		0.000000
3195		0.000000
3196		0.000000
3197		0.000000
3198		0.000000
3199		0.000000
3200		0.000000
3201		0.000000
3202		0.000000
3203		0.000000
3204		0.000000
3205		0.000000
3206		0.000000
3207		0.000000
3208		0.000000
3209		0.000000
3210		0.000000
3211		0.000000
3212		0.000000
3213		0.000000
3214		0.000000
3215		0.000000
3216		0.000000
3217		0.000000
3218		0.000000
3219		0.000000
3220		0.000000
3221		0.000000
3222		0.000000
3223		0.000000
3224		0.000000
3225		0.000000
3226		0.000000
3227		0.000000
3228		0.000000
3229		0.000000
3230		0.000000
3231		0.000000
3232		0.000000
3233		0.000000
3234		0.000000
3235		0.000000
3236		0.000000
3237		0.000000
3238		0.000000
3239		0.000000
3240		0.000000
3241		0.000000
3242		0.000000
3243		0.000000
3244		0.000000
3245		0.000000
3246		0.000000
3247		0.000000
3248		0.000000
3249		0.000000
3250		0.000000
3251		0.000000
3252		0.000000
3253		0.000000
3254		0.000000
3255		0.000000
3256		0.000000
3257		0.000000
3258		0.000000
3259		0.000000
3260		0.000000
3261		0.000000
3262		0.000000
3263		0.000000
3264		0.000000
3265		0.000000
3266		0.000000
3267		0.000000
3268		0.000000
3269		0.000000
3270		0.000000
3271		0.000000
3272		0.000000
3273		0.000000
3274		0.000000
3275		0.000000
3276		0.000000
3277		0.000000
3278		0.000000
3279		0.000000
3280		0.000000
3281		0.000000
3282		0.000000
3283		0.000000
3284		0.000000
3285		0.000000
3286		0.000000
3287		0.000000
3288		0.000000
3289		0.000000
3290		0.000000
3291		0.000000
3292		0.000000
3293		0.000000
3294		0.000000
3295		0.000000
3296		0.000000
3297		0.000000
3298		0.000000
3299		0.000000
3300		0.000000
3301		0.000000
3302		0.000000
3303		0.000000
3304		0.000000
3305		0.000000
3306		0.000000
3307		0.000000
3308		0.000000
3309		0.000000
3310		0.000000
3311		0.000000
3312		0.000000
3313		0.000000
3314		0.000000
3315		0.000000
3316		0.000000
3317		0.000000
3318		0.000000
3319		0.000000
3320		0.000000
3321		0.000000
3322		0.000000
3323		0.000000
3324		0.000000
3325		0.000000
3326		0.000000
3327		0.000000
3328		0.000000
3329		0.000000
3330		0.000000
3331		0.000000
3332		0.000000
3333		0.000000
3334		0.000000
3335		0.000000
3336		0.000000
3337		0.000000
3338		0.000000
3339		0.000000
3340		0.000000
3341		0.000000
3342		0.000000
3343		0.000000
3344		0.000000
3345		0.000000
3346		0.000000
3347		0.000000
3348		0.000000
3349		0.000000
3350		0.000000
3351		0.000000
3352		0.000000
3353		0.000000
3354		0.000000
3355		0.000000
3356		0.000000
3357		0.000000
3358		0.000000
3359		0.000000
3360		0.000000
3361		0.000000
3362		0.000000
3363		0.000000
3364		0.000000
3365		0.000000
3366		0.000000
3367		0.000000
3368		0.000000
3369		0.000000
3370		0.000000
3371		0.000000
3372		0.000000
3373		0.000000
3374		0.000000
3375		0.000000
3376		0.000000
3377		0.000000
3378		0.000000
3379		0.000000
3380		0.000000
3381		0.000000
3382		0.000000
3383		0.000000
3384		0.000000
3385		0.000000
3386		0.000000
3387		0.000000
3388		0.000000
3389		0.000000
3390		0.000000
3391		0.000000
3392		0.000000
3393		0.000000
3394		0.000000
3395		0.000000
3396		0.000000
3397		0.000000
3398		0.000000
3399		0.000000
3400		0.000000
3401		0.000000
3402		0.000000
3403		0.000000
3404		0.000000
3405		0.000000
3406		0.000000
3407		0.000000
3408		0.000000
3409		0.000000
3410		0.000000
3411		0.000000
3412		0.000000
3413		0.000000
3414		0.000000
3415		0.000000
3416		0.000000
3417		0.000000
3418		0.000000
3419		0.000000
3420		0.000000
3421		0.000000
3422		0.000000
3423		0.000000
3424		0.000000
3425		0.000000
3426		0.000000
3427		0.000000
3428		0.000000
3429		0.000000
3430		0.000000
3431		0.000000
3432		0.000000
3433		0.000000
3434		0.000000
3435		0.000000
3436		0.000000
3437		0.000000
3438		0.000000
3439		0.000000
3440		0.000000
3441		0.000000
3442		0.000000
3443		0.000000
3444		0.000000
3445		0.000000
3446		0.000000
3447		0.000000
3448		0.000000
3449		0.000000
3450		0.000000
3451		0.000000
3452		0.000000
3453		0.000000
3454		0.000000
3455		0.000000
3456		0.000000
3457		0.000000
3458		0.000000
3459		0.000000
3460		0.000000
3461		0.000000
3462		0.000000
3463		0.000000
3464		0.000000
3465		0.000000
3466		0.000000
3467		0.000000
3468		0.000000
3469		0.000000
3470		0.000000
3471		0.000000
3472		0.000000
3473		0.000000
3474		0.000000
3475		0.000000
3476		0.000000
3477		0.000000
3478		0.000000
3479		0.000000
3480		0.000000
3481		0.000000
3482		0.000000
3483		0.000000
3484		0.000000
3485		0.000000
3486		0.000000
3487		0.000000
3488		0.000000
3489		0.000000
3490		0.000000
3491		0.000000
3492		0.000000
3493		0.000000
3494		0.000000
3495		0.000000
3496		0.000000
3497		0.000000
3498		0.000000
3499		0.000000
3500		0.000000
3501		0.000000
3502		0.000000
3503		0.000000
3504		0.000000
3505		0.000000
3506		0.000000
3507		0.000000
3508		0.000000
3509		0.000000
3510		0.000000
3511		0.000000
3512		0.000000
3513		0.000000
3514		0.000000
3515		0.000000
3516		0.000000
3517		0.000000
3518		0.000000
3519		0.000000
3520		0.000000
3521		0.000000
3522		0.000000
3523		0.000000
3524		0.000000
3525		0.000000
3526		0.000000
3527		0.000000
3528		0.000000
3529		0.000000
3530		0.000000
3531		0.000000
3532		0.000000
3533		0.000000
3534		0.000000
3535		0.000000
3536		0.000000
3537		0.000000
3538		0.000000
3539		0.000000
3540		0.000000
3541		0.000000
3542		0.000000
3543		0.000000
3544		0.000000
3545		0.000000
3546		0.000000
3547		0.000000
3548		0.000000
3549		0.000000
3550		0.000000
3551		0.000000
3552		0.000000
3553		0.000000
3554		0.000000
3555		0.000000
3556		0.000000
3557		0.000000
3558		0.000000
3559		0.000000
3560		0.000000
3561		0.000000
3562		0.000000
3563		0.000000
3564		0.000000
3565		0.000000
3566		0.000000
3567		0.000000
3568		0.000000
3569		0.000000
3570		0.000000
3571		0.000000
3572		0.000000
3573		0.000000
3574		0.000000
3575		0.000000
3576		0.000000
3577		0.000000
3578		0.000000
3579		0.000000
3580		0.000000
3581		0.000000
3582		0.000000
3583		0.000000
3584		0.000000
3585		0.000000
3586		0.000000
3587		0.000000
3588		0.000000
3589		0.000000
3590		0.000000
3591		0.000000
3592		0.000000
3593		0.000000
3594		0.000000
3595		0.000000
3596		0.000000
3597		0.000000
3598		0.000000
3599		0.000000
3600		0.000000
3601		0.000000
3602		0.000000
3603		0.000000
3604		0.000000
3605		0.000000
3606		0.000000
3607		0.000000
3608		0.000000
3609		0.000000
3610		0.000000
3611		0.000000
3612		0.000000
3613		0.000000
3614		0.000000
3615		0.000000
3616		0.000000
3617		0.000000
3618		0.000000
3619		0.000000
3620		0.000000
3621		0.000000
3622		0.000000
3623		0.000000
3624		0.000000
3625		0.000000
3626		0.000000
3627		0.000000
3628		0.000000
3629		0.000000
3630		0.000000
3631		0.000000
3632		0.000000
3633		0.000000
3634		0.000000
3635		0.000000
3636		0.000000
3637		0.000000
3638		0.000000
3639		0.000000
3640		0.000000
3641		0.000000
3642		0.000000
3643		0.000000
3644		0.000000
3645		0.000000
3646		0.000000
3647		0.000000
3648		0.000000
3649		0.000000
3650		0.000000
3651		0.000000
3652		0.000000
3653		0.000000
3654		0.000000
3655		0.000000
3656		0.000000
3657		0.000000
3658		0.000000
3659		0.000000
3660		0.000000
3661		0.000000
3662		0.000000
3663		0.000000
3664		0.000000
3665		0.000000
3666		0.000000
3667		0.000000
3668		0.000000
3669		0.000000
3670		0.000000
3671		0.000000
3672		0.000000
3673		0.000000
3674		0.000000
3675		0.000000
3676		0.000000
3677		0.000000
3678		0.000000
3679		0.000000
3680		0.000000
3681		0.000000
3682		0.000000
3683		0.000000
3684		0.000000
3685		0.000000
3686		0.000000
3687		0.000000
3688		0.000000
3689		0.000000
3690		0.000000
3691		0.000000
3692		0.000000
3693		0.000000
3694		0.000000
3695		0.000000
3696		0.000000
3697		0.000000
3698		0.000000
3699		0.000000
3700		0.000000
3701		0.000000
3702		0.000000
3703		0.000000
3704		0.000000
3705		0.000000
3706		0.000000
3707		0.000000
3708		0.000000
3709		0.000000
3710		0.000000
3711		0.000000
3712		0.000000
3713		0.000000
3714		0.000000
3715		0.000000
3716		0.000000
3717		0.000000
3718		0.000000
3719		0.000000
3720		0.000000
3721		0.000000
3722		0.000000
3723		0.000000
3724		0.000000
3725		0.000000
3726		0.000000
3727		0.000000
3728		0.000000
3729		0.000000
3730		0.000000
3731		0.000000
3732		0.000000
3733		0.000000
3734		0.000000
3735		0.000000
3736		0.000000
3737		0.000000
3738		0.000000
3739		0.000000
3740		0.000000
3741		0.000000
3742		0.000000
3743		0.000000
3744		0.000000
3745		0.000000
3746		0.000000
3747		0.000000
3748		0.000000
3749		0.000000
3750		0.000000
3751		0.000000
3752		0.000000
3753		0.000000
3754		0.000000
3755		0.000000
3756		0.000000
3757		0.000000
3758		0.000000
3759		0.000000
3760		0.000000
3761		0.000000
3762		0.000000
3763		0.000000
3764		0.000000
3765		0.000000
3766		0.000000
3767		0.000000
3768		0.000000
3769		0.000000
3770		0.000000
3771		0.000000
3772		0.000000
3773		0.000000
3774		0.000000
3775		0.000000
3776		0.000000
3777		0.000000
3778		0.000000
3779		0.000000
3780		0.000000
3781		0.000000
3782		0.000000
3783		0.000000
3784		0.000000
3785		0.000000
3786		0.000000
3787		0.000000
3788		0.000000
3789		0.000000
3790		0.000000
3791		0.000000
3792		0.000000
3793		0.000000
3794		0.000000
3795		0.000000
3796		0.000000
3797		0.000000
3798		0.000000
3799		0.000000
3800		0.000000
3801		0.000000
3802		0.000000
3803		0.000000
3804		0.000000
3805		0.000000
3806		0.000000
3807		0.000000
3808		0.000000
3809		0.000000
3810		0.000000
3811		0.000000
3812		0.000000
3813		0.000000
3814		0.000000
3815		0.000000
3816		0.000000
3817		0.000000
3818		0.000000
3819		0.000000
3820		0.000000
3821		0.000000
3822		0.000000
3823		0.000000
3824		0.000000
3825		0.000000
3826		0.000000
3827		0.000000
3828		0.000000
3829		0.000000
3830		0.000000
3831		0.000000
3832		0.000000
3833		0.000000
3834		0.000000
3835		0.000000
3836		0.000000
3837		0.000000
3838		0.000000
3839		0.000000
3840		0.000000
3841		0.000000
3842		0.000000
3843		0.000000
3844		0.000000
3845		0.000000
3846		0.000000
3847		0.000000
3848		0.000000
3849		0.000000
3850		0.000000
3851		0.000000
3852		0.000000
3853		0.000000
3854		0.000000
3855		0.000000
3856		0.000000
3857		0.000000
3858		0.000000
3859		0.000000
3860		0.000000
3861		0.000000
3862		0.000000
3863		0.000000
3864		0.000000
3865		0.000000
3866		0.000000
3867		0.000000
3868		0.000000
3869		0.000000
3870		0.000000
3871		0.000000
3872		0.000000
3873		0.000000
3874		0.000000
3875		0.000000
3876		0.000000
3877		0.000000
3878		0.000000
3879		0.000000
3880		0.000000
3881		0.000000
3882		0.000000
3883		0.000000
3884		0.000000
3885		0.000000
3886		0.000000
3887		0.000000
3888		0.000000
3889		0.000000
3890		0.000000
3891		0.000000
3892		0.000000
3893		0.000000
3894		0.000000
3895		0.000000
3896		0.000000
3897		0.000000
3898		0.000000
3899		0.000000
3900		0.000000
3901		0.000000
3902		0.000000
3903		0.000000
3904		0.000000
3905		0.000000
3906		0.000000
3907		0.000000
3908		0.000000
3909		0.000000
3910		0.000000
3911		0.000000
3912		0.000000
3913		0.000000
3914		0.000000
3915		0.000000
3916		0.000000
3917		0.000000
3918		0.000000
3919		0.000000
3920		0.000000
3921		0.000000
3922		0.000000
3923		0.000000
3924		0.000000
3925		0.000000
3926		0.000000
3927		0.000000
3928		0.000000
3929		0.000000
3930		0.000000
3931		0.000000
3932		0.000000
3933		0.000000
3934		0.000000
3935		0.000000
3936		0.000000
3937		0.000000
3938		0.000000
3939		0.000000
3940		0.000000
3941		0.000000
3942		0.000000
3943		0.000000
3944		0.000000
3945		0.000000
3946		0.000000
3947		0.000000
3948		0.000000
3949		0.000000
3950		0.000000
3951		0.000000
3952		0.000000
3953		0.000000
3954		0.000000
3955		0.000000
3956		0.000000
3957		0.000000
3958		0.000000
3959		0.000000
3960		0.000000
3961		0.000000
3962		0.000000
3963		0.000000
3964		0.000000
3965		0.000000
3966		0.000000
3967		0.000000
3968		0.000000
3969		0.000000
3970		0.000000
3971		0.000000
3972		0.000000
3973		0.000000
3974		0.000000
3975		0.000000
3976		0.000000
3977		0.000000
3978		0.000000
3979		0.000000
3980		0.000000
3981		0.000000
3982		0.000000
3983		0.000000
3984		0.000000
3985		0.000000
3986		0.000000
3987		0.000000
3988		0.000000
3989		0.000000
3990		0.000000
3991		0.000000
3992		0.000000
3993		0.000000
3994		0.000000
3995		0.000000
3996		0.000000
3997		0.000000
3998		0.000000
3999		0.000000
4000		0.000000
4001		0.000000
4002		0.000000
4003		0.000000
4004		0.000000
4005		0.000000
4006		0.000000
4007		0.000000
4008		0.000000
4009		0.000000
4010		0.000000
4011		0.000000
4012		0.000000
4013		0.000000
4014		0.000000
4015		0.000000
4016		0.000000
4017		0.000000
4018		0.000000
4019		0.000000
4020		0.000000
4021		0.000000
4022		0.000000
4023		0.000000
4024		0.000000
4025		0.000000
4026		0.000000
4027		0.000000
4028		0.000000
4029		0.000000
4030		0.000000
4031		0.000000
4032		0.000000
4033		0.000000
4034		0.000000
4035		0.000000
4036		0.000000
4037		0.000000
4038		0.000000
4039		0.000000
4040		0.000000
4041		0.000000
4042		0.000000
4043		0.000000
4044		0.000000
4045		0.000000
4046		0.000000
4047		0.000000
4048		0.000000
4049		0.000000
4050		0.000000
4051		0.000000
4052		0.000000
4053		0.000000
4054		0.000000
4055		0.000000
4056		0.000000
4057		0.000000
4058		0.000000
4059		0.000000
4060		0.000000
4061		0.000000
4062		0.000000
4063		0.000000
4064		0.000000
4065		0.000000
4066		0.000000
4067		0.000000
4068		0.000000
4069		0.000000
4070		0.000000
4071		0.000000
4072		0.000000
4073		0.000000
4074		0.000000
4075		0.000000
4076		0.000000
4077		0.000000
4078		0.000000
4079		0.000000
4080		0.000000
4081		0.000000
4082		0.000000
4083		0.000000
4084		0.000000
4085		0.000000
4086		0.000000
4087		0.000000
4088		0.000000
4089		0.000000
4090		0.000000
4091		0.000000
4092		0.000000
4093		0.000000
4094		0.000000
4095		0.000000
