0		0.000000
1		0.000000
2		0.000000
3		0.000000
4		0.000000
5		0.000000
6		0.000000
7		0.000000
8		0.000000
9		0.000000
10		0.000000
11		0.000000
12		0.000000
13		0.000000
14		0.000000
15		0.000000
16		0.000000
17		0.000000
18		0.000000
19		0.000000
20		0.000000
21		0.000000
22		0.000000
23		0.000000
24		0.000000
25		0.000000
26		0.000000
27		0.000000
28		0.000000
29		0.000000
30		0.000000
31		0.000000
32		0.000000
33		0.000000
34		0.000000
35		0.000000
36		0.000000
37		0.000000
38		0.000000
39		0.000000
40		0.000000
41		0.000000
42		0.000000
43		0.000000
44		0.000000
45		0.000000
46		0.000000
47		0.000000
48		0.000000
49		0.000000
50		0.000000
51		0.000000
52		0.000000
53		0.000000
54		0.000000
55		0.000000
56		0.000000
57		0.000000
58		0.000000
59		0.000000
60		0.000000
61		0.000000
62		0.000000
63		0.000000
64		0.000000
65		0.000000
66		0.000000
67		0.000000
68		0.000000
69		0.000000
70		0.000000
71		0.000000
72		0.000000
73		0.000000
74		0.000000
75		0.000000
76		0.000000
77		0.000000
78		0.000000
79		0.000000
80		0.000000
81		0.000000
82		0.000000
83		0.000000
84		0.000000
85		0.000000
86		0.000000
87		0.000000
88		0.000000
89		0.000000
90		0.000000
91		0.000000
92		0.000000
93		0.000000
94		0.000000
95		0.000000
96		0.000000
97		0.000000
98		0.000000
99		0.000000
100		0.000000
101		0.000000
102		0.000000
103		0.000000
104		0.000000
105		0.000000
106		0.000000
107		0.000000
108		0.000000
109		22409.082031
110		13660.567383
111		362.195679
112		44.126068
113		43.847668
114		47.745239
115		46.631649
116		48.580433
117		41.481289
118		41.342087
119		44.961262
120		45.796455
121		43.708469
122		44.126068
123		48.441235
124		46.492451
125		50.529221
126		46.492451
127		46.492451
128		49.137230
129		48.580433
130		45.100460
131		42.177280
132		45.239658
133		44.404465
134		51.642811
135		47.049244
136		48.023640
137		58.185162
138		46.631649
139		51.225212
140		49.276428
141		50.390018
142		47.049244
143		48.302036
144		54.287590
145		55.679581
146		53.591595
147		51.921207
148		50.807617
149		53.591595
150		57.489166
151		58.602757
152		57.210770
153		59.437954
154		56.514774
155		68.068291
156		55.122784
157		55.401184
158		66.258698
159		62.361130
160		64.031517
161		60.273148
162		64.866714
163		63.196323
164		65.701904
165		69.738678
166		61.108341
167		63.474720
168		65.423508
169		65.841103
170		69.738678
171		67.093895
172		75.863426
173		69.321075
174		71.130661
175		69.877876
176		72.522652
177		73.357849
178		69.042679
179		72.522652
180		76.977020
181		72.940247
182		69.181877
183		69.877876
184		76.837822
185		78.090614
186		71.965858
187		70.852264
188		72.661850
189		74.332237
190		81.988182
191		81.848984
192		90.896912
193		82.823380
194		86.024948
195		86.860146
196		86.442551
197		80.039398
198		86.442551
199		82.823380
200		84.354561
201		80.039398
202		92.428101
203		92.428101
204		93.402496
205		89.644127
206		89.226524
207		96.325676
208		98.970451
209		91.314514
210		93.820091
211		91.175316
212		84.772163
213		85.328957
214		93.680893
215		84.493767
216		88.112938
217		79.482597
218		82.127380
219		83.519371
220		81.292191
221		76.837822
222		72.244255
223		73.914642
224		75.724228
225		70.573868
226		72.244255
227		70.852264
228		73.218651
229		69.599472
230		72.940247
231		69.042679
232		70.852264
233		66.676300
234		69.042679
235		69.321075
236		67.511490
237		63.335522
238		69.181877
239		62.361130
240		63.613922
241		63.753120
242		65.562706
243		62.917927
244		63.057125
245		63.335522
246		63.892319
247		60.690742
248		58.463558
249		59.437954
250		59.716351
251		54.426788
252		59.855549
253		60.133945
254		52.478004
255		60.412346
256		52.338806
257		52.756401
258		57.349968
259		59.020355
260		54.426788
261		52.756401
262		52.338806
263		54.705189
264		55.261982
265		53.730797
266		51.503613
267		54.287590
268		55.679581
269		54.009193
270		51.225212
271		51.921207
272		54.287590
273		59.298752
274		56.236378
275		47.884438
276		53.452396
277		53.869995
278		50.111622
279		51.782009
280		56.236378
281		52.895603
282		53.034801
283		53.313198
284		50.529221
285		52.199608
286		45.378857
287		51.782009
288		54.844387
289		52.338806
290		52.895603
291		53.174000
292		55.261982
293		53.869995
294		49.833225
295		55.540382
296		48.858833
297		50.111622
298		47.327644
299		46.631649
300		47.745239
301		51.642811
302		49.833225
303		47.466843
304		51.364414
305		55.401184
306		50.668419
307		54.287590
308		51.503613
309		47.327644
310		49.276428
311		52.338806
312		49.833225
313		45.657257
314		83.101776
315		297.885742
316		335.887054
317		96.325676
318		54.009193
319		47.188446
320		43.708469
321		51.086014
322		44.822063
323		47.327644
324		43.290874
325		45.518059
326		48.023640
327		51.503613
328		48.162838
329		45.796455
330		49.833225
331		41.342087
332		46.353252
333		48.580433
334		45.796455
335		44.682865
336		49.554825
337		48.162838
338		49.833225
339		45.518059
340		45.378857
341		42.873276
342		50.529221
343		49.276428
344		49.833225
345		48.719631
346		45.935654
347		44.265266
348		48.719631
349		45.518059
350		47.884438
351		46.631649
352		48.441235
353		47.466843
354		47.606041
355		45.100460
356		48.162838
357		50.390018
358		52.756401
359		51.086014
360		49.554825
361		51.364414
362		51.503613
363		43.986870
364		49.415627
365		50.111622
366		48.441235
367		45.378857
368		57.767563
369		48.858833
370		52.478004
371		52.060410
372		49.137230
373		52.478004
374		51.086014
375		53.034801
376		51.921207
377		53.313198
378		51.782009
379		57.210770
380		49.137230
381		56.932369
382		54.426788
383		57.767563
384		54.844387
385		59.994747
386		56.653973
387		60.551544
388		57.767563
389		59.994747
390		61.943535
391		61.525936
392		62.500328
393		60.969139
394		63.892319
395		67.929085
396		61.108341
397		65.005913
398		67.511490
399		68.485886
400		68.764282
401		68.346687
402		69.321075
403		79.343399
404		75.863426
405		79.900200
406		76.559425
407		62.361130
408		50.529221
409		59.716351
410		52.895603
411		52.617203
412		48.580433
413		53.313198
414		50.807617
415		50.390018
416		49.833225
417		48.441235
418		45.935654
419		52.199608
420		46.492451
421		46.074852
422		46.770847
423		45.378857
424		49.554825
425		40.924492
426		42.455681
427		43.847668
428		42.038082
429		46.353252
430		42.594879
431		43.151676
432		40.785294
433		41.759686
434		38.975708
435		40.785294
436		40.924492
437		37.444519
438		31.737360
439		39.671700
440		38.418911
441		37.862114
442		37.722916
443		37.166119
444		29.649376
445		39.393303
446		38.001312
447		34.521339
448		35.774132
449		34.103745
450		35.774132
451		34.521339
452		32.572556
453		31.598162
454		31.737360
455		28.674984
456		32.990150
457		33.129349
458		30.345371
459		35.217335
460		32.294155
461		30.206173
462		29.510178
463		28.396585
464		31.180565
465		27.700592
466		31.458963
467		33.825344
468		29.510178
469		28.674984
470		30.345371
471		29.788576
472		28.814182
473		31.598162
474		28.396585
475		31.319763
476		30.623770
477		30.066973
478		29.231779
479		29.649376
480		28.814182
481		26.447802
482		28.118189
483		28.535786
484		28.535786
485		34.103745
486		113.586342
487		1051.787231
488		2287.177979
489		957.131958
490		106.208801
491		24.220617
492		25.751806
493		26.865398
494		24.916613
495		23.385424
496		22.689428
497		21.993435
498		21.993435
499		26.030205
500		24.638214
501		24.916613
502		22.411032
503		21.158241
504		25.612606
505		19.627052
506		22.828629
507		21.297440
508		23.385424
509		21.854235
510		24.220617
511		23.942219
512		25.751806
513		22.271832
514		21.019041
515		25.334209
516		25.195009
517		23.246225
518		24.081419
519		24.777412
520		24.638214
521		23.385424
522		26.865398
523		27.561392
524		24.916613
525		24.777412
526		25.334209
527		20.879843
528		23.663822
529		23.107025
530		22.132633
531		27.422194
532		24.081419
533		27.004597
534		25.195009
535		26.169403
536		25.195009
537		24.916613
538		22.828629
539		24.499016
540		23.107025
541		22.550230
542		27.143795
543		26.865398
544		25.195009
545		28.535786
546		27.004597
547		24.499016
548		23.942219
549		23.942219
550		30.345371
551		21.854235
552		25.055811
553		22.132633
554		29.649376
555		46.910046
556		44.265266
557		28.396585
558		25.891005
559		25.891005
560		24.638214
561		24.499016
562		25.612606
563		25.334209
564		29.370979
565		22.828629
566		23.803020
567		24.777412
568		24.220617
569		23.385424
570		22.967827
571		25.612606
572		27.422194
573		21.854235
574		27.839790
575		26.726198
576		29.370979
577		23.803020
578		26.169403
579		23.107025
580		27.978989
581		24.220617
582		28.396585
583		25.473408
584		25.751806
585		27.839790
586		26.447802
587		26.308601
588		28.953382
589		29.788576
590		24.916613
591		29.092581
592		27.561392
593		27.700592
594		24.916613
595		27.143795
596		29.788576
597		26.726198
598		23.246225
599		23.524622
600		24.499016
601		27.004597
602		25.055811
603		25.195009
604		24.359816
605		24.499016
606		24.081419
607		26.726198
608		27.700592
609		27.143795
610		23.803020
611		22.689428
612		24.777412
613		25.612606
614		26.587000
615		25.891005
616		25.473408
617		25.612606
618		27.422194
619		25.891005
620		27.282995
621		27.004597
622		27.839790
623		23.246225
624		27.143795
625		28.953382
626		25.612606
627		24.081419
628		27.561392
629		27.700592
630		26.308601
631		28.535786
632		25.891005
633		25.055811
634		26.030205
635		25.195009
636		23.803020
637		22.967827
638		25.612606
639		23.107025
640		24.499016
641		27.422194
642		25.612606
643		23.803020
644		26.169403
645		26.169403
646		23.524622
647		24.638214
648		28.953382
649		23.524622
650		25.055811
651		24.916613
652		24.220617
653		22.967827
654		21.993435
655		26.865398
656		27.004597
657		25.473408
658		28.257387
659		22.828629
660		28.396585
661		27.561392
662		22.411032
663		25.055811
664		24.777412
665		27.422194
666		26.169403
667		23.524622
668		26.030205
669		24.777412
670		26.308601
671		25.473408
672		25.612606
673		29.092581
674		28.118189
675		25.751806
676		28.953382
677		23.803020
678		30.623770
679		28.118189
680		27.282995
681		24.220617
682		29.788576
683		28.118189
684		27.839790
685		29.649376
686		29.092581
687		26.447802
688		25.055811
689		28.257387
690		26.169403
691		29.370979
692		29.788576
693		27.422194
694		38.140514
695		44.126068
696		32.154957
697		31.737360
698		30.762968
699		26.726198
700		30.902166
701		26.308601
702		28.674984
703		28.396585
704		27.561392
705		28.118189
706		26.587000
707		27.004597
708		28.118189
709		29.370979
710		25.473408
711		26.587000
712		27.978989
713		25.891005
714		27.839790
715		25.751806
716		29.649376
717		28.674984
718		27.700592
719		28.674984
720		28.535786
721		29.231779
722		29.788576
723		30.206173
724		28.257387
725		29.927774
726		26.587000
727		28.118189
728		28.953382
729		29.510178
730		30.345371
731		30.066973
732		32.154957
733		30.345371
734		29.510178
735		27.978989
736		29.510178
737		30.762968
738		27.422194
739		24.499016
740		28.535786
741		29.927774
742		28.118189
743		29.092581
744		31.319763
745		30.345371
746		31.598162
747		28.814182
748		26.587000
749		26.308601
750		30.345371
751		28.396585
752		31.041367
753		28.674984
754		25.612606
755		28.814182
756		27.561392
757		26.030205
758		27.561392
759		28.674984
760		33.546947
761		70.017075
762		105.791206
763		69.877876
764		37.583717
765		32.433357
766		34.103745
767		32.850952
768		28.535786
769		30.206173
770		32.433357
771		32.433357
772		32.015759
773		34.242943
774		35.634930
775		31.598162
776		32.294155
777		30.484570
778		32.154957
779		34.521339
780		33.268551
781		36.191727
782		31.598162
783		32.850952
784		35.495731
785		34.382141
786		29.927774
787		33.268551
788		35.217335
789		31.598162
790		33.686146
791		31.458963
792		31.737360
793		33.407749
794		34.660538
795		32.433357
796		31.876560
797		37.166119
798		37.166119
799		37.026920
800		33.964542
801		38.140514
802		34.382141
803		40.785294
804		36.191727
805		33.825344
806		35.078136
807		31.876560
808		33.686146
809		34.799736
810		34.382141
811		36.748524
812		39.254105
813		37.862114
814		37.305321
815		39.532501
816		36.191727
817		45.100460
818		50.250820
819		51.225212
820		44.265266
821		51.086014
822		58.324360
823		39.950100
824		43.569271
825		40.785294
826		38.279713
827		38.279713
828		42.177280
829		39.254105
830		40.089298
831		41.481289
832		42.455681
833		37.444519
834		39.671700
835		40.089298
836		40.367695
837		44.404465
838		43.847668
839		43.012474
840		41.898884
841		40.506893
842		47.188446
843		43.012474
844		44.265266
845		48.023640
846		46.214050
847		45.935654
848		43.847668
849		41.481289
850		43.012474
851		48.441235
852		49.694027
853		45.100460
854		44.126068
855		47.606041
856		44.404465
857		43.012474
858		45.378857
859		47.466843
860		47.049244
861		52.199608
862		44.961262
863		46.214050
864		48.719631
865		50.529221
866		48.998032
867		54.705189
868		52.338806
869		54.983585
870		57.210770
871		45.796455
872		56.236378
873		57.767563
874		52.060410
875		55.261982
876		55.957977
877		45.378857
878		45.518059
879		36.330925
880		39.671700
881		41.202888
882		44.265266
883		42.734077
884		41.898884
885		39.393303
886		41.898884
887		42.873276
888		41.481289
889		38.558109
890		40.367695
891		41.898884
892		40.646095
893		38.279713
894		37.583717
895		39.671700
896		40.089298
897		37.166119
898		35.913330
899		37.722916
900		39.671700
901		40.924492
902		32.433357
903		35.913330
904		36.748524
905		34.103745
906		30.902166
907		36.330925
908		34.660538
909		37.166119
910		37.026920
911		38.697308
912		33.686146
913		34.382141
914		30.762968
915		34.242943
916		32.015759
917		31.319763
918		31.876560
919		32.015759
920		37.305321
921		33.129349
922		31.737360
923		32.433357
924		28.257387
925		31.876560
926		35.078136
927		27.700592
928		27.839790
929		26.169403
930		27.143795
931		26.169403
932		29.092581
933		25.751806
934		40.228497
935		46.074852
936		37.722916
937		28.674984
938		29.649376
939		23.803020
940		30.345371
941		28.674984
942		28.257387
943		25.473408
944		25.612606
945		32.572556
946		28.535786
947		30.623770
948		28.396585
949		28.396585
950		32.015759
951		29.649376
952		28.953382
953		22.411032
954		27.978989
955		25.195009
956		27.282995
957		28.118189
958		28.674984
959		26.030205
960		24.499016
961		25.055811
962		26.447802
963		26.447802
964		21.993435
965		26.865398
966		57.349968
967		371.939606
968		1195.022949
969		1308.609375
970		495.687469
971		85.050560
972		30.066973
973		24.220617
974		25.751806
975		26.030205
976		24.359816
977		26.865398
978		28.257387
979		24.359816
980		25.055811
981		22.550230
982		26.030205
983		24.359816
984		24.777412
985		26.726198
986		28.814182
987		29.370979
988		30.066973
989		28.953382
990		23.942219
991		28.257387
992		26.169403
993		27.978989
994		23.663822
995		25.751806
996		26.308601
997		23.803020
998		24.638214
999		27.143795
1000		26.447802
1001		24.081419
1002		25.334209
1003		25.891005
1004		25.751806
1005		25.891005
1006		26.308601
1007		29.510178
1008		27.282995
1009		23.803020
1010		27.282995
1011		30.066973
1012		28.118189
1013		24.499016
1014		24.081419
1015		27.561392
1016		27.282995
1017		25.751806
1018		26.865398
1019		26.587000
1020		29.788576
1021		28.953382
1022		35.217335
1023		44.265266
1024		67.650688
1025		86.581749
1026		87.695335
1027		86.303352
1028		83.380173
1029		64.449112
1030		48.162838
1031		36.052528
1032		32.711754
1033		30.762968
1034		28.814182
1035		31.598162
1036		29.231779
1037		30.902166
1038		29.649376
1039		29.370979
1040		29.092581
1041		28.118189
1042		30.623770
1043		31.598162
1044		32.015759
1045		30.484570
1046		28.396585
1047		31.180565
1048		33.825344
1049		34.938938
1050		28.257387
1051		30.484570
1052		30.066973
1053		28.257387
1054		34.799736
1055		35.774132
1056		30.206173
1057		35.078136
1058		33.825344
1059		35.356533
1060		32.990150
1061		32.850952
1062		33.546947
1063		31.319763
1064		33.686146
1065		32.711754
1066		31.876560
1067		32.850952
1068		35.078136
1069		34.799736
1070		33.407749
1071		34.521339
1072		34.938938
1073		33.825344
1074		31.876560
1075		35.217335
1076		28.814182
1077		36.470123
1078		35.913330
1079		30.623770
1080		31.737360
1081		29.788576
1082		34.103745
1083		33.825344
1084		37.583717
1085		33.268551
1086		34.242943
1087		31.737360
1088		30.762968
1089		34.799736
1090		29.788576
1091		37.026920
1092		32.433357
1093		33.546947
1094		35.078136
1095		33.546947
1096		36.887722
1097		34.103745
1098		38.140514
1099		33.129349
1100		37.166119
1101		34.660538
1102		35.495731
1103		35.356533
1104		36.887722
1105		36.609325
1106		32.990150
1107		34.242943
1108		34.382141
1109		37.583717
1110		34.521339
1111		36.191727
1112		36.052528
1113		34.799736
1114		33.546947
1115		37.722916
1116		33.546947
1117		35.356533
1118		40.367695
1119		34.938938
1120		39.532501
1121		37.862114
1122		35.634930
1123		44.543663
1124		36.470123
1125		41.481289
1126		38.279713
1127		39.810902
1128		39.114906
1129		37.444519
1130		40.228497
1131		44.543663
1132		40.228497
1133		43.012474
1134		43.290874
1135		45.518059
1136		43.430073
1137		48.441235
1138		40.367695
1139		40.506893
1140		64.309914
1141		89.087326
1142		99.805649
1143		61.247540
1144		37.026920
1145		34.660538
1146		37.166119
1147		34.521339
1148		32.294155
1149		35.913330
1150		34.382141
1151		36.887722
1152		32.015759
1153		32.711754
1154		32.154957
1155		36.052528
1156		36.330925
1157		34.242943
1158		28.814182
1159		35.356533
1160		31.319763
1161		34.103745
1162		27.282995
1163		34.382141
1164		34.382141
1165		26.169403
1166		38.001312
1167		35.495731
1168		31.041367
1169		29.649376
1170		32.433357
1171		29.370979
1172		28.396585
1173		33.546947
1174		32.572556
1175		38.836506
1176		33.268551
1177		29.927774
1178		27.282995
1179		29.510178
1180		26.169403
1181		29.092581
1182		27.282995
1183		26.726198
1184		24.916613
1185		24.916613
1186		25.473408
1187		27.004597
1188		22.132633
1189		24.499016
1190		21.297440
1191		23.942219
1192		24.777412
1193		21.158241
1194		21.854235
1195		21.019041
1196		19.209455
1197		17.956665
1198		25.334209
1199		22.550230
1200		21.993435
1201		21.575838
1202		21.158241
1203		17.817465
1204		20.183847
1205		21.436638
1206		20.044649
1207		23.663822
1208		17.260670
1209		21.715036
1210		19.209455
1211		19.766251
1212		18.235062
1213		20.044649
1214		21.993435
1215		17.260670
1216		22.689428
1217		23.385424
1218		20.462246
1219		22.967827
1220		20.462246
1221		20.879843
1222		19.070257
1223		23.246225
1224		22.828629
1225		23.246225
1226		22.967827
1227		29.649376
1228		60.133945
1229		115.395927
1230		215.619171
1231		348.693359
1232		465.342102
1233		515.871338
1234		455.458954
1235		347.022980
1236		195.435333
1237		101.893631
1238		47.884438
1239		31.458963
1240		22.411032
1241		23.803020
1242		19.627052
1243		23.246225
1244		23.246225
1245		20.740644
1246		26.030205
1247		24.081419
1248		22.550230
1249		21.436638
1250		24.638214
1251		20.601444
1252		20.879843
1253		23.107025
1254		17.956665
1255		19.209455
1256		21.158241
1257		17.260670
1258		17.121471
1259		23.663822
1260		18.931057
1261		17.956665
1262		19.070257
1263		19.627052
1264		20.740644
1265		20.183847
1266		15.311885
1267		17.121471
1268		14.198293
1269		16.843073
1270		16.425476
1271		18.931057
1272		15.729482
1273		14.198293
1274		18.374262
1275		17.399868
1276		15.033486
1277		16.425476
1278		19.766251
1279		14.894288
1280		16.982271
1281		16.286278
1282		16.286278
1283		16.286278
1284		14.198293
1285		15.729482
1286		14.615890
1287		15.451083
1288		16.286278
1289		13.502298
1290		15.033486
1291		12.667105
1292		14.615890
1293		12.806303
1294		14.337492
1295		12.667105
1296		15.590282
1297		11.414314
1298		11.971109
1299		12.388706
1300		10.439921
1301		10.300722
1302		9.743927
1303		11.831911
1304		12.667105
1305		13.780696
1306		12.110309
1307		11.135916
1308		11.414314
1309		11.275115
1310		10.300722
1311		9.883125
1312		10.300722
1313		12.945502
1314		13.223901
1315		8.491136
1316		10.857518
1317		9.326330
1318		11.414314
1319		8.073539
1320		11.971109
1321		8.630335
1322		10.161524
1323		10.579121
1324		10.996717
1325		10.161524
1326		10.857518
1327		10.022325
1328		10.022325
1329		11.135916
1330		9.465528
1331		8.908732
1332		11.414314
1333		9.604728
1334		9.883125
1335		9.465528
1336		8.073539
1337		8.212738
1338		10.022325
1339		7.934340
1340		9.326330
1341		7.655942
1342		10.300722
1343		9.604728
1344		8.908732
1345		19.766251
1346		92.288902
1347		327.813538
1348		486.082733
1349		340.063049
1350		112.611954
1351		21.575838
1352		7.238346
1353		8.630335
1354		5.707157
1355		7.238346
1356		7.655942
1357		8.351937
1358		8.630335
1359		6.681550
1360		7.238346
1361		6.542351
1362		6.681550
1363		7.099146
1364		6.403152
1365		7.795141
1366		6.124754
1367		7.516743
1368		6.263953
1369		8.073539
1370		8.073539
1371		6.681550
1372		7.238346
1373		7.795141
1374		8.212738
1375		6.403152
1376		6.403152
1377		7.238346
1378		8.769534
1379		7.516743
1380		6.263953
1381		8.212738
1382		5.985555
1383		7.238346
1384		7.795141
1385		7.238346
1386		6.263953
1387		8.351937
1388		7.516743
1389		5.567958
1390		7.516743
1391		6.820749
1392		5.289560
1393		6.959948
1394		7.238346
1395		7.099146
1396		6.681550
1397		6.263953
1398		6.124754
1399		5.567958
1400		5.985555
1401		6.263953
1402		7.377544
1403		7.655942
1404		10.022325
1405		12.945502
1406		13.641498
1407		9.326330
1408		7.795141
1409		4.593565
1410		5.846356
1411		4.871964
1412		6.124754
1413		6.681550
1414		6.403152
1415		5.428759
1416		5.289560
1417		6.681550
1418		5.707157
1419		6.124754
1420		7.238346
1421		6.124754
1422		5.150361
1423		6.124754
1424		5.846356
1425		5.707157
1426		5.428759
1427		6.959948
1428		4.732764
1429		7.655942
1430		5.985555
1431		6.124754
1432		6.820749
1433		8.073539
1434		6.542351
1435		6.124754
1436		5.011162
1437		7.099146
1438		7.377544
1439		8.769534
1440		8.769534
1441		6.542351
1442		5.985555
1443		5.011162
1444		6.820749
1445		6.403152
1446		4.454366
1447		5.289560
1448		6.263953
1449		4.732764
1450		5.707157
1451		4.175969
1452		5.289560
1453		5.846356
1454		7.377544
1455		6.124754
1456		5.707157
1457		6.820749
1458		4.871964
1459		5.985555
1460		6.820749
1461		6.124754
1462		5.428759
1463		5.567958
1464		5.707157
1465		6.124754
1466		6.681550
1467		4.315167
1468		5.985555
1469		5.846356
1470		5.011162
1471		4.593565
1472		6.403152
1473		5.150361
1474		3.340775
1475		4.732764
1476		5.846356
1477		5.011162
1478		4.315167
1479		4.593565
1480		5.150361
1481		6.124754
1482		7.099146
1483		4.593565
1484		4.732764
1485		5.011162
1486		5.150361
1487		4.593565
1488		4.593565
1489		4.175969
1490		5.428759
1491		5.150361
1492		5.150361
1493		6.124754
1494		5.846356
1495		5.846356
1496		5.567958
1497		5.289560
1498		5.289560
1499		5.011162
1500		6.263953
1501		5.011162
1502		5.567958
1503		5.846356
1504		6.403152
1505		6.124754
1506		6.820749
1507		4.315167
1508		5.985555
1509		5.289560
1510		6.681550
1511		5.150361
1512		4.732764
1513		5.846356
1514		5.846356
1515		6.820749
1516		5.846356
1517		6.124754
1518		4.315167
1519		5.289560
1520		6.124754
1521		6.403152
1522		4.454366
1523		4.871964
1524		6.542351
1525		4.036769
1526		4.593565
1527		4.036769
1528		6.403152
1529		4.871964
1530		5.150361
1531		3.897571
1532		5.567958
1533		4.315167
1534		4.593565
1535		4.871964
1536		4.175969
1537		3.201576
1538		4.732764
1539		5.289560
1540		4.175969
1541		4.593565
1542		4.315167
1543		4.454366
1544		4.175969
1545		3.897571
1546		4.315167
1547		2.644780
1548		4.454366
1549		3.201576
1550		5.567958
1551		4.175969
1552		3.897571
1553		5.289560
1554		4.871964
1555		6.820749
1556		4.454366
1557		4.175969
1558		4.036769
1559		3.897571
1560		4.732764
1561		2.783979
1562		3.062377
1563		2.505581
1564		3.340775
1565		4.175969
1566		3.619173
1567		3.897571
1568		3.758372
1569		3.062377
1570		3.062377
1571		2.783979
1572		3.340775
1573		3.479974
1574		4.036769
1575		3.479974
1576		3.201576
1577		2.505581
1578		3.201576
1579		3.340775
1580		1.252791
1581		3.062377
1582		2.923178
1583		4.036769
1584		3.619173
1585		5.011162
1586		3.340775
1587		3.062377
1588		3.479974
1589		2.923178
1590		2.227183
1591		2.366382
1592		3.479974
1593		3.062377
1594		1.948785
1595		3.201576
1596		3.201576
1597		3.062377
1598		3.201576
1599		2.227183
1600		3.619173
1601		3.479974
1602		3.340775
1603		3.758372
1604		3.201576
1605		2.923178
1606		3.479974
1607		3.062377
1608		1.531188
1609		4.454366
1610		14.059094
1611		29.788576
1612		41.620487
1613		24.359816
1614		12.527905
1615		5.011162
1616		2.366382
1617		2.087984
1618		2.227183
1619		2.783979
1620		2.366382
1621		3.062377
1622		2.923178
1623		3.619173
1624		3.479974
1625		3.479974
1626		3.062377
1627		1.670387
1628		2.923178
1629		2.366382
1630		3.062377
1631		3.479974
1632		2.087984
1633		1.113592
1634		1.948785
1635		2.366382
1636		1.670387
1637		1.670387
1638		2.087984
1639		2.644780
1640		2.783979
1641		2.923178
1642		2.644780
1643		3.758372
1644		2.644780
1645		2.366382
1646		3.340775
1647		1.809586
1648		3.758372
1649		1.948785
1650		1.948785
1651		1.948785
1652		1.531188
1653		2.644780
1654		2.227183
1655		2.227183
1656		2.087984
1657		1.809586
1658		2.783979
1659		2.923178
1660		3.340775
1661		3.062377
1662		2.923178
1663		3.201576
1664		2.366382
1665		1.948785
1666		3.201576
1667		2.087984
1668		3.062377
1669		0.974393
1670		2.366382
1671		1.948785
1672		2.366382
1673		2.783979
1674		3.062377
1675		2.505581
1676		3.062377
1677		1.948785
1678		3.619173
1679		4.593565
1680		3.758372
1681		1.670387
1682		3.201576
1683		1.948785
1684		2.227183
1685		3.897571
1686		2.505581
1687		2.644780
1688		2.923178
1689		2.227183
1690		2.505581
1691		1.113592
1692		3.201576
1693		2.087984
1694		2.923178
1695		2.366382
1696		3.479974
1697		3.062377
1698		3.479974
1699		1.670387
1700		1.948785
1701		2.087984
1702		2.227183
1703		2.366382
1704		2.783979
1705		2.227183
1706		3.062377
1707		2.923178
1708		3.758372
1709		3.062377
1710		1.670387
1711		3.201576
1712		3.619173
1713		3.758372
1714		3.340775
1715		3.062377
1716		2.783979
1717		2.227183
1718		2.783979
1719		1.948785
1720		2.366382
1721		3.479974
1722		3.201576
1723		2.923178
1724		2.366382
1725		2.923178
1726		3.479974
1727		2.783979
1728		3.201576
1729		2.783979
1730		2.644780
1731		3.062377
1732		2.783979
1733		1.670387
1734		3.062377
1735		3.619173
1736		2.087984
1737		2.227183
1738		4.036769
1739		1.391989
1740		3.897571
1741		2.227183
1742		3.897571
1743		1.809586
1744		3.201576
1745		3.340775
1746		2.366382
1747		3.062377
1748		2.644780
1749		1.948785
1750		1.809586
1751		2.505581
1752		2.923178
1753		2.227183
1754		3.062377
1755		3.062377
1756		2.644780
1757		2.783979
1758		2.923178
1759		1.948785
1760		3.340775
1761		2.087984
1762		3.340775
1763		1.948785
1764		2.087984
1765		2.505581
1766		1.809586
1767		2.923178
1768		1.252791
1769		2.227183
1770		2.644780
1771		1.670387
1772		2.505581
1773		3.479974
1774		2.227183
1775		1.948785
1776		2.366382
1777		2.227183
1778		1.670387
1779		2.366382
1780		2.923178
1781		2.505581
1782		1.531188
1783		3.062377
1784		2.087984
1785		1.670387
1786		1.809586
1787		2.087984
1788		2.227183
1789		3.201576
1790		3.479974
1791		2.227183
1792		3.340775
1793		2.505581
1794		3.340775
1795		2.366382
1796		2.644780
1797		1.391989
1798		3.619173
1799		1.948785
1800		2.783979
1801		2.923178
1802		2.366382
1803		3.619173
1804		2.366382
1805		3.062377
1806		2.227183
1807		2.366382
1808		2.644780
1809		2.227183
1810		2.366382
1811		2.087984
1812		2.366382
1813		2.366382
1814		3.201576
1815		2.783979
1816		1.391989
1817		2.366382
1818		1.948785
1819		2.227183
1820		3.062377
1821		1.670387
1822		2.923178
1823		2.227183
1824		2.644780
1825		3.201576
1826		2.227183
1827		2.644780
1828		1.252791
1829		2.505581
1830		1.809586
1831		2.366382
1832		1.252791
1833		1.252791
1834		2.644780
1835		2.505581
1836		2.087984
1837		2.087984
1838		1.948785
1839		3.758372
1840		2.366382
1841		2.227183
1842		3.201576
1843		1.809586
1844		3.479974
1845		2.783979
1846		2.505581
1847		2.923178
1848		3.340775
1849		2.783979
1850		3.340775
1851		2.644780
1852		2.505581
1853		2.505581
1854		2.783979
1855		2.227183
1856		2.366382
1857		2.783979
1858		2.366382
1859		2.366382
1860		2.227183
1861		1.809586
1862		1.670387
1863		2.227183
1864		2.366382
1865		1.252791
1866		3.062377
1867		1.391989
1868		1.809586
1869		2.227183
1870		3.340775
1871		1.809586
1872		3.758372
1873		2.366382
1874		2.644780
1875		2.366382
1876		2.087984
1877		2.087984
1878		1.670387
1879		3.062377
1880		1.391989
1881		1.948785
1882		2.227183
1883		2.923178
1884		3.479974
1885		6.959948
1886		6.959948
1887		4.454366
1888		4.593565
1889		2.087984
1890		2.366382
1891		1.809586
1892		2.087984
1893		2.227183
1894		1.391989
1895		2.227183
1896		1.809586
1897		1.809586
1898		0.974393
1899		3.201576
1900		1.531188
1901		2.087984
1902		2.227183
1903		2.505581
1904		2.505581
1905		1.948785
1906		2.366382
1907		2.644780
1908		2.366382
1909		2.923178
1910		2.505581
1911		1.670387
1912		1.948785
1913		1.809586
1914		2.505581
1915		1.670387
1916		2.366382
1917		2.087984
1918		2.505581
1919		2.644780
1920		1.948785
1921		1.809586
1922		3.062377
1923		1.809586
1924		2.783979
1925		3.340775
1926		2.087984
1927		1.670387
1928		3.062377
1929		1.670387
1930		2.227183
1931		2.087984
1932		2.783979
1933		1.809586
1934		2.644780
1935		2.505581
1936		1.670387
1937		2.227183
1938		1.391989
1939		2.783979
1940		1.809586
1941		1.809586
1942		1.391989
1943		1.113592
1944		2.087984
1945		2.923178
1946		1.252791
1947		2.366382
1948		2.366382
1949		1.948785
1950		1.531188
1951		3.062377
1952		1.809586
1953		2.783979
1954		1.531188
1955		1.948785
1956		1.948785
1957		1.670387
1958		2.087984
1959		1.809586
1960		0.556796
1961		2.227183
1962		3.062377
1963		2.227183
1964		2.087984
1965		1.670387
1966		1.391989
1967		2.366382
1968		2.505581
1969		1.809586
1970		1.948785
1971		1.948785
1972		2.644780
1973		2.366382
1974		1.670387
1975		2.783979
1976		2.087984
1977		1.948785
1978		2.783979
1979		2.087984
1980		1.531188
1981		1.252791
1982		1.809586
1983		2.783979
1984		1.531188
1985		2.227183
1986		2.366382
1987		1.948785
1988		1.670387
1989		1.809586
1990		2.505581
1991		1.670387
1992		2.505581
1993		2.644780
1994		1.948785
1995		1.948785
1996		2.505581
1997		1.391989
1998		1.391989
1999		1.809586
2000		1.948785
2001		2.366382
2002		2.366382
2003		1.391989
2004		2.087984
2005		2.227183
2006		1.252791
2007		1.113592
2008		2.087984
2009		1.113592
2010		2.505581
2011		1.948785
2012		0.835194
2013		1.948785
2014		1.252791
2015		1.948785
2016		2.087984
2017		2.366382
2018		1.531188
2019		1.531188
2020		1.670387
2021		1.531188
2022		1.670387
2023		1.670387
2024		1.113592
2025		1.252791
2026		1.113592
2027		2.366382
2028		2.087984
2029		1.670387
2030		1.391989
2031		1.670387
2032		1.391989
2033		1.252791
2034		1.531188
2035		1.670387
2036		0.417597
2037		1.252791
2038		1.809586
2039		0.974393
2040		0.278398
2041		1.252791
2042		1.113592
2043		1.531188
2044		1.113592
2045		0.556796
2046		0.695995
2047		1.113592
2048		0.974393
2049		1.391989
2050		0.000000
2051		0.556796
2052		0.695995
2053		0.695995
2054		1.113592
2055		0.556796
2056		0.556796
2057		1.113592
2058		1.809586
2059		1.948785
2060		1.670387
2061		1.113592
2062		0.974393
2063		1.252791
2064		0.695995
2065		0.417597
2066		0.556796
2067		1.670387
2068		0.695995
2069		0.278398
2070		0.695995
2071		0.974393
2072		0.974393
2073		1.113592
2074		0.974393
2075		0.974393
2076		1.391989
2077		0.974393
2078		0.556796
2079		0.417597
2080		1.252791
2081		0.417597
2082		1.252791
2083		1.113592
2084		0.974393
2085		0.974393
2086		1.531188
2087		0.835194
2088		0.974393
2089		1.113592
2090		4.454366
2091		9.326330
2092		17.817465
2093		14.894288
2094		13.641498
2095		4.315167
2096		1.252791
2097		0.417597
2098		1.113592
2099		0.695995
2100		0.695995
2101		0.835194
2102		0.695995
2103		0.695995
2104		0.278398
2105		1.113592
2106		1.113592
2107		0.417597
2108		0.556796
2109		1.252791
2110		0.556796
2111		0.695995
2112		0.556796
2113		0.556796
2114		1.113592
2115		1.391989
2116		0.695995
2117		0.556796
2118		0.835194
2119		0.695995
2120		0.278398
2121		0.695995
2122		1.113592
2123		1.391989
2124		0.556796
2125		0.695995
2126		0.695995
2127		0.835194
2128		0.695995
2129		0.695995
2130		0.835194
2131		1.252791
2132		0.695995
2133		0.695995
2134		0.417597
2135		0.556796
2136		0.139199
2137		1.391989
2138		0.835194
2139		0.835194
2140		0.556796
2141		0.556796
2142		0.139199
2143		1.252791
2144		0.835194
2145		0.278398
2146		0.278398
2147		0.835194
2148		0.695995
2149		0.835194
2150		0.695995
2151		0.556796
2152		0.556796
2153		0.695995
2154		0.695995
2155		1.252791
2156		0.278398
2157		0.974393
2158		0.835194
2159		0.695995
2160		0.695995
2161		0.556796
2162		0.556796
2163		0.556796
2164		0.278398
2165		0.417597
2166		0.556796
2167		0.278398
2168		0.974393
2169		0.417597
2170		0.974393
2171		0.556796
2172		0.695995
2173		0.417597
2174		0.000000
2175		0.278398
2176		0.417597
2177		0.278398
2178		0.835194
2179		0.835194
2180		0.556796
2181		0.695995
2182		0.556796
2183		0.417597
2184		0.278398
2185		0.974393
2186		0.278398
2187		0.417597
2188		0.835194
2189		0.139199
2190		0.835194
2191		0.556796
2192		0.278398
2193		0.835194
2194		0.835194
2195		0.835194
2196		0.278398
2197		0.417597
2198		0.417597
2199		0.556796
2200		0.417597
2201		0.835194
2202		1.113592
2203		0.278398
2204		0.556796
2205		0.695995
2206		0.556796
2207		0.417597
2208		0.000000
2209		0.417597
2210		0.417597
2211		0.139199
2212		0.417597
2213		0.556796
2214		0.278398
2215		0.556796
2216		0.835194
2217		0.278398
2218		0.835194
2219		0.556796
2220		0.278398
2221		0.417597
2222		0.278398
2223		0.417597
2224		0.417597
2225		0.417597
2226		0.417597
2227		0.278398
2228		0.835194
2229		0.278398
2230		0.139199
2231		0.695995
2232		0.278398
2233		0.417597
2234		0.278398
2235		0.139199
2236		0.556796
2237		0.278398
2238		0.139199
2239		0.278398
2240		0.000000
2241		0.417597
2242		0.000000
2243		0.139199
2244		0.556796
2245		0.139199
2246		0.278398
2247		0.695995
2248		0.417597
2249		0.139199
2250		0.278398
2251		0.278398
2252		0.417597
2253		0.417597
2254		0.000000
2255		0.417597
2256		0.278398
2257		0.000000
2258		0.278398
2259		0.417597
2260		0.278398
2261		0.139199
2262		0.278398
2263		1.391989
2264		1.391989
2265		1.391989
2266		1.113592
2267		1.113592
2268		0.695995
2269		0.974393
2270		0.000000
2271		0.417597
2272		0.278398
2273		0.278398
2274		0.139199
2275		0.139199
2276		0.139199
2277		0.556796
2278		0.278398
2279		0.417597
2280		0.556796
2281		0.417597
2282		0.000000
2283		0.974393
2284		0.278398
2285		0.139199
2286		0.000000
2287		0.556796
2288		0.139199
2289		0.139199
2290		0.139199
2291		0.139199
2292		0.139199
2293		0.139199
2294		0.278398
2295		0.139199
2296		0.000000
2297		0.139199
2298		0.278398
2299		0.000000
2300		0.139199
2301		0.278398
2302		0.139199
2303		0.417597
2304		0.278398
2305		0.417597
2306		0.278398
2307		0.139199
2308		0.417597
2309		0.139199
2310		0.000000
2311		0.417597
2312		0.278398
2313		0.278398
2314		0.000000
2315		0.556796
2316		0.139199
2317		0.000000
2318		0.278398
2319		0.278398
2320		0.278398
2321		0.556796
2322		0.000000
2323		0.000000
2324		0.139199
2325		0.695995
2326		0.000000
2327		0.417597
2328		0.556796
2329		0.139199
2330		0.000000
2331		0.139199
2332		0.000000
2333		0.278398
2334		0.278398
2335		0.000000
2336		0.000000
2337		0.000000
2338		0.139199
2339		0.000000
2340		0.000000
2341		0.000000
2342		0.000000
2343		0.000000
2344		0.139199
2345		0.000000
2346		0.000000
2347		0.000000
2348		0.000000
2349		0.000000
2350		0.000000
2351		0.000000
2352		0.000000
2353		0.000000
2354		0.000000
2355		0.000000
2356		0.000000
2357		0.000000
2358		0.000000
2359		0.000000
2360		0.000000
2361		0.000000
2362		0.000000
2363		0.000000
2364		0.000000
2365		0.000000
2366		0.000000
2367		0.000000
2368		0.000000
2369		0.000000
2370		0.000000
2371		0.000000
2372		0.000000
2373		0.000000
2374		0.000000
2375		0.000000
2376		0.000000
2377		0.000000
2378		0.000000
2379		0.000000
2380		0.000000
2381		0.000000
2382		0.000000
2383		0.000000
2384		0.000000
2385		0.000000
2386		0.000000
2387		0.000000
2388		0.000000
2389		0.000000
2390		0.000000
2391		0.000000
2392		0.000000
2393		0.000000
2394		0.000000
2395		0.000000
2396		0.000000
2397		0.000000
2398		0.000000
2399		0.000000
2400		0.000000
2401		0.000000
2402		0.000000
2403		0.000000
2404		0.000000
2405		0.000000
2406		0.000000
2407		0.000000
2408		0.000000
2409		0.000000
2410		0.000000
2411		0.000000
2412		0.000000
2413		0.000000
2414		0.000000
2415		0.000000
2416		0.000000
2417		0.000000
2418		0.000000
2419		0.000000
2420		0.000000
2421		0.000000
2422		0.000000
2423		0.000000
2424		0.000000
2425		0.000000
2426		0.000000
2427		0.000000
2428		0.000000
2429		0.000000
2430		0.000000
2431		0.000000
2432		0.000000
2433		0.000000
2434		0.000000
2435		0.000000
2436		0.000000
2437		0.000000
2438		0.000000
2439		0.000000
2440		0.000000
2441		0.000000
2442		0.000000
2443		0.000000
2444		0.000000
2445		0.000000
2446		0.000000
2447		0.000000
2448		0.000000
2449		0.000000
2450		0.000000
2451		0.000000
2452		0.000000
2453		0.000000
2454		0.000000
2455		0.000000
2456		0.000000
2457		0.000000
2458		0.000000
2459		0.000000
2460		0.000000
2461		0.000000
2462		0.000000
2463		0.000000
2464		0.000000
2465		0.000000
2466		0.000000
2467		0.000000
2468		0.000000
2469		0.000000
2470		0.000000
2471		0.000000
2472		0.000000
2473		0.000000
2474		0.000000
2475		0.000000
2476		0.000000
2477		0.000000
2478		0.000000
2479		0.000000
2480		0.000000
2481		0.000000
2482		0.000000
2483		0.000000
2484		0.000000
2485		0.000000
2486		0.000000
2487		0.000000
2488		0.000000
2489		0.000000
2490		0.000000
2491		0.000000
2492		0.000000
2493		0.000000
2494		0.000000
2495		0.000000
2496		0.000000
2497		0.000000
2498		0.000000
2499		0.000000
2500		0.000000
2501		0.000000
2502		0.000000
2503		0.000000
2504		0.000000
2505		0.000000
2506		0.000000
2507		0.000000
2508		0.000000
2509		0.000000
2510		0.000000
2511		0.000000
2512		0.000000
2513		0.000000
2514		0.000000
2515		0.000000
2516		0.000000
2517		0.000000
2518		0.000000
2519		0.000000
2520		0.000000
2521		0.000000
2522		0.000000
2523		0.000000
2524		0.000000
2525		0.000000
2526		0.000000
2527		0.000000
2528		0.000000
2529		0.000000
2530		0.000000
2531		0.000000
2532		0.000000
2533		0.000000
2534		0.000000
2535		0.000000
2536		0.000000
2537		0.000000
2538		0.000000
2539		0.000000
2540		0.000000
2541		0.000000
2542		0.000000
2543		0.000000
2544		0.000000
2545		0.000000
2546		0.000000
2547		0.000000
2548		0.000000
2549		0.000000
2550		0.000000
2551		0.000000
2552		0.000000
2553		0.000000
2554		0.000000
2555		0.000000
2556		0.000000
2557		0.000000
2558		0.000000
2559		0.000000
2560		0.000000
2561		0.000000
2562		0.000000
2563		0.000000
2564		0.000000
2565		0.000000
2566		0.000000
2567		0.000000
2568		0.000000
2569		0.000000
2570		0.000000
2571		0.000000
2572		0.000000
2573		0.000000
2574		0.000000
2575		0.000000
2576		0.000000
2577		0.000000
2578		0.000000
2579		0.000000
2580		0.000000
2581		0.000000
2582		0.000000
2583		0.000000
2584		0.000000
2585		0.000000
2586		0.000000
2587		0.000000
2588		0.000000
2589		0.000000
2590		0.000000
2591		0.000000
2592		0.000000
2593		0.000000
2594		0.000000
2595		0.000000
2596		0.000000
2597		0.000000
2598		0.000000
2599		0.000000
2600		0.000000
2601		0.000000
2602		0.000000
2603		0.000000
2604		0.000000
2605		0.000000
2606		0.000000
2607		0.000000
2608		0.000000
2609		0.000000
2610		0.000000
2611		0.000000
2612		0.000000
2613		0.000000
2614		0.000000
2615		0.000000
2616		0.000000
2617		0.000000
2618		0.000000
2619		0.000000
2620		0.000000
2621		0.000000
2622		0.000000
2623		0.000000
2624		0.000000
2625		0.000000
2626		0.000000
2627		0.000000
2628		0.000000
2629		0.000000
2630		0.000000
2631		0.000000
2632		0.000000
2633		0.000000
2634		0.000000
2635		0.000000
2636		0.000000
2637		0.000000
2638		0.000000
2639		0.000000
2640		0.000000
2641		0.000000
2642		0.000000
2643		0.000000
2644		0.000000
2645		0.000000
2646		0.000000
2647		0.000000
2648		0.000000
2649		0.000000
2650		0.000000
2651		0.000000
2652		0.000000
2653		0.000000
2654		0.000000
2655		0.000000
2656		0.000000
2657		0.000000
2658		0.000000
2659		0.000000
2660		0.000000
2661		0.000000
2662		0.000000
2663		0.000000
2664		0.000000
2665		0.000000
2666		0.000000
2667		0.000000
2668		0.000000
2669		0.000000
2670		0.000000
2671		0.000000
2672		0.000000
2673		0.000000
2674		0.000000
2675		0.000000
2676		0.000000
2677		0.000000
2678		0.000000
2679		0.000000
2680		0.000000
2681		0.000000
2682		0.000000
2683		0.000000
2684		0.000000
2685		0.000000
2686		0.000000
2687		0.000000
2688		0.000000
2689		0.000000
2690		0.000000
2691		0.000000
2692		0.000000
2693		0.000000
2694		0.000000
2695		0.000000
2696		0.000000
2697		0.000000
2698		0.000000
2699		0.000000
2700		0.000000
2701		0.000000
2702		0.000000
2703		0.000000
2704		0.000000
2705		0.000000
2706		0.000000
2707		0.000000
2708		0.000000
2709		0.000000
2710		0.000000
2711		0.000000
2712		0.000000
2713		0.000000
2714		0.000000
2715		0.000000
2716		0.000000
2717		0.000000
2718		0.000000
2719		0.000000
2720		0.000000
2721		0.000000
2722		0.000000
2723		0.000000
2724		0.000000
2725		0.000000
2726		0.000000
2727		0.000000
2728		0.000000
2729		0.000000
2730		0.000000
2731		0.000000
2732		0.000000
2733		0.000000
2734		0.000000
2735		0.000000
2736		0.000000
2737		0.000000
2738		0.000000
2739		0.000000
2740		0.000000
2741		0.000000
2742		0.000000
2743		0.000000
2744		0.000000
2745		0.000000
2746		0.000000
2747		0.000000
2748		0.000000
2749		0.000000
2750		0.000000
2751		0.000000
2752		0.000000
2753		0.000000
2754		0.000000
2755		0.000000
2756		0.000000
2757		0.000000
2758		0.000000
2759		0.000000
2760		0.000000
2761		0.000000
2762		0.000000
2763		0.000000
2764		0.000000
2765		0.000000
2766		0.000000
2767		0.000000
2768		0.000000
2769		0.000000
2770		0.000000
2771		0.000000
2772		0.000000
2773		0.000000
2774		0.000000
2775		0.000000
2776		0.000000
2777		0.000000
2778		0.000000
2779		0.000000
2780		0.000000
2781		0.000000
2782		0.000000
2783		0.000000
2784		0.000000
2785		0.000000
2786		0.000000
2787		0.000000
2788		0.000000
2789		0.000000
2790		0.000000
2791		0.000000
2792		0.000000
2793		0.000000
2794		0.000000
2795		0.000000
2796		0.000000
2797		0.000000
2798		0.000000
2799		0.000000
2800		0.000000
2801		0.000000
2802		0.000000
2803		0.000000
2804		0.000000
2805		0.000000
2806		0.000000
2807		0.000000
2808		0.000000
2809		0.000000
2810		0.000000
2811		0.000000
2812		0.000000
2813		0.000000
2814		0.000000
2815		0.000000
2816		0.000000
2817		0.000000
2818		0.000000
2819		0.000000
2820		0.000000
2821		0.000000
2822		0.000000
2823		0.000000
2824		0.000000
2825		0.000000
2826		0.000000
2827		0.000000
2828		0.000000
2829		0.000000
2830		0.000000
2831		0.000000
2832		0.000000
2833		0.000000
2834		0.000000
2835		0.000000
2836		0.000000
2837		0.000000
2838		0.000000
2839		0.000000
2840		0.000000
2841		0.000000
2842		0.000000
2843		0.000000
2844		0.000000
2845		0.000000
2846		0.000000
2847		0.000000
2848		0.000000
2849		0.000000
2850		0.000000
2851		0.000000
2852		0.000000
2853		0.000000
2854		0.000000
2855		0.000000
2856		0.000000
2857		0.000000
2858		0.000000
2859		0.000000
2860		0.000000
2861		0.000000
2862		0.000000
2863		0.000000
2864		0.000000
2865		0.000000
2866		0.000000
2867		0.000000
2868		0.000000
2869		0.000000
2870		0.000000
2871		0.000000
2872		0.000000
2873		0.000000
2874		0.000000
2875		0.000000
2876		0.000000
2877		0.000000
2878		0.000000
2879		0.000000
2880		0.000000
2881		0.000000
2882		0.000000
2883		0.000000
2884		0.000000
2885		0.000000
2886		0.000000
2887		0.000000
2888		0.000000
2889		0.000000
2890		0.000000
2891		0.000000
2892		0.000000
2893		0.000000
2894		0.000000
2895		0.000000
2896		0.000000
2897		0.000000
2898		0.000000
2899		0.000000
2900		0.000000
2901		0.000000
2902		0.000000
2903		0.000000
2904		0.000000
2905		0.000000
2906		0.000000
2907		0.000000
2908		0.000000
2909		0.000000
2910		0.000000
2911		0.000000
2912		0.000000
2913		0.000000
2914		0.000000
2915		0.000000
2916		0.000000
2917		0.000000
2918		0.000000
2919		0.000000
2920		0.000000
2921		0.000000
2922		0.000000
2923		0.000000
2924		0.000000
2925		0.000000
2926		0.000000
2927		0.000000
2928		0.000000
2929		0.000000
2930		0.000000
2931		0.000000
2932		0.000000
2933		0.000000
2934		0.000000
2935		0.000000
2936		0.000000
2937		0.000000
2938		0.000000
2939		0.000000
2940		0.000000
2941		0.000000
2942		0.000000
2943		0.000000
2944		0.000000
2945		0.000000
2946		0.000000
2947		0.000000
2948		0.000000
2949		0.000000
2950		0.000000
2951		0.000000
2952		0.000000
2953		0.000000
2954		0.000000
2955		0.000000
2956		0.000000
2957		0.000000
2958		0.000000
2959		0.000000
2960		0.000000
2961		0.000000
2962		0.000000
2963		0.000000
2964		0.000000
2965		0.000000
2966		0.000000
2967		0.000000
2968		0.000000
2969		0.000000
2970		0.000000
2971		0.000000
2972		0.000000
2973		0.000000
2974		0.000000
2975		0.000000
2976		0.000000
2977		0.000000
2978		0.000000
2979		0.000000
2980		0.000000
2981		0.000000
2982		0.000000
2983		0.000000
2984		0.000000
2985		0.000000
2986		0.000000
2987		0.000000
2988		0.000000
2989		0.000000
2990		0.000000
2991		0.000000
2992		0.000000
2993		0.000000
2994		0.000000
2995		0.000000
2996		0.000000
2997		0.000000
2998		0.000000
2999		0.000000
3000		0.000000
3001		0.000000
3002		0.000000
3003		0.000000
3004		0.000000
3005		0.000000
3006		0.000000
3007		0.000000
3008		0.000000
3009		0.000000
3010		0.000000
3011		0.000000
3012		0.000000
3013		0.000000
3014		0.000000
3015		0.000000
3016		0.000000
3017		0.000000
3018		0.000000
3019		0.000000
3020		0.000000
3021		0.000000
3022		0.000000
3023		0.000000
3024		0.000000
3025		0.000000
3026		0.000000
3027		0.000000
3028		0.000000
3029		0.000000
3030		0.000000
3031		0.000000
3032		0.000000
3033		0.000000
3034		0.000000
3035		0.000000
3036		0.000000
3037		0.000000
3038		0.000000
3039		0.000000
3040		0.000000
3041		0.000000
3042		0.000000
3043		0.000000
3044		0.000000
3045		0.000000
3046		0.000000
3047		0.000000
3048		0.000000
3049		0.000000
3050		0.000000
3051		0.000000
3052		0.000000
3053		0.000000
3054		0.000000
3055		0.000000
3056		0.000000
3057		0.000000
3058		0.000000
3059		0.000000
3060		0.000000
3061		0.000000
3062		0.000000
3063		0.000000
3064		0.000000
3065		0.000000
3066		0.000000
3067		0.000000
3068		0.000000
3069		0.000000
3070		0.000000
3071		0.000000
3072		0.000000
3073		0.000000
3074		0.000000
3075		0.000000
3076		0.000000
3077		0.000000
3078		0.000000
3079		0.000000
3080		0.000000
3081		0.000000
3082		0.000000
3083		0.000000
3084		0.000000
3085		0.000000
3086		0.000000
3087		0.000000
3088		0.000000
3089		0.000000
3090		0.000000
3091		0.000000
3092		0.000000
3093		0.000000
3094		0.000000
3095		0.000000
3096		0.000000
3097		0.000000
3098		0.000000
3099		0.000000
3100		0.000000
3101		0.000000
3102		0.000000
3103		0.000000
3104		0.000000
3105		0.000000
3106		0.000000
3107		0.000000
3108		0.000000
3109		0.000000
3110		0.000000
3111		0.000000
3112		0.000000
3113		0.000000
3114		0.000000
3115		0.000000
3116		0.000000
3117		0.000000
3118		0.000000
3119		0.000000
3120		0.000000
3121		0.000000
3122		0.000000
3123		0.000000
3124		0.000000
3125		0.000000
3126		0.000000
3127		0.000000
3128		0.000000
3129		0.000000
3130		0.000000
3131		0.000000
3132		0.000000
3133		0.000000
3134		0.000000
3135		0.000000
3136		0.000000
3137		0.000000
3138		0.000000
3139		0.000000
3140		0.000000
3141		0.000000
3142		0.000000
3143		0.000000
3144		0.000000
3145		0.000000
3146		0.000000
3147		0.000000
3148		0.000000
3149		0.000000
3150		0.000000
3151		0.000000
3152		0.000000
3153		0.000000
3154		0.000000
3155		0.000000
3156		0.000000
3157		0.000000
3158		0.000000
3159		0.000000
3160		0.000000
3161		0.000000
3162		0.000000
3163		0.000000
3164		0.000000
3165		0.000000
3166		0.000000
3167		0.000000
3168		0.000000
3169		0.000000
3170		0.000000
3171		0.000000
3172		0.000000
3173		0.000000
3174		0.000000
3175		0.000000
3176		0.000000
3177		0.000000
3178		0.000000
3179		0.000000
3180		0.000000
3181		0.000000
3182		0.000000
3183		0.000000
3184		0.000000
3185		0.000000
3186		0.000000
3187		0.000000
3188		0.000000
3189		0.000000
3190		0.000000
3191		0.000000
3192		0.000000
3193		0.000000
3194		0.000000
3195		0.000000
3196		0.000000
3197		0.000000
3198		0.000000
3199		0.000000
3200		0.000000
3201		0.000000
3202		0.000000
3203		0.000000
3204		0.000000
3205		0.000000
3206		0.000000
3207		0.000000
3208		0.000000
3209		0.000000
3210		0.000000
3211		0.000000
3212		0.000000
3213		0.000000
3214		0.000000
3215		0.000000
3216		0.000000
3217		0.000000
3218		0.000000
3219		0.000000
3220		0.000000
3221		0.000000
3222		0.000000
3223		0.000000
3224		0.000000
3225		0.000000
3226		0.000000
3227		0.000000
3228		0.000000
3229		0.000000
3230		0.000000
3231		0.000000
3232		0.000000
3233		0.000000
3234		0.000000
3235		0.000000
3236		0.000000
3237		0.000000
3238		0.000000
3239		0.000000
3240		0.000000
3241		0.000000
3242		0.000000
3243		0.000000
3244		0.000000
3245		0.000000
3246		0.000000
3247		0.000000
3248		0.000000
3249		0.000000
3250		0.000000
3251		0.000000
3252		0.000000
3253		0.000000
3254		0.000000
3255		0.000000
3256		0.000000
3257		0.000000
3258		0.000000
3259		0.000000
3260		0.000000
3261		0.000000
3262		0.000000
3263		0.000000
3264		0.000000
3265		0.000000
3266		0.000000
3267		0.000000
3268		0.000000
3269		0.000000
3270		0.000000
3271		0.000000
3272		0.000000
3273		0.000000
3274		0.000000
3275		0.000000
3276		0.000000
3277		0.000000
3278		0.000000
3279		0.000000
3280		0.000000
3281		0.000000
3282		0.000000
3283		0.000000
3284		0.000000
3285		0.000000
3286		0.000000
3287		0.000000
3288		0.000000
3289		0.000000
3290		0.000000
3291		0.000000
3292		0.000000
3293		0.000000
3294		0.000000
3295		0.000000
3296		0.000000
3297		0.000000
3298		0.000000
3299		0.000000
3300		0.000000
3301		0.000000
3302		0.000000
3303		0.000000
3304		0.000000
3305		0.000000
3306		0.000000
3307		0.000000
3308		0.000000
3309		0.000000
3310		0.000000
3311		0.000000
3312		0.000000
3313		0.000000
3314		0.000000
3315		0.000000
3316		0.000000
3317		0.000000
3318		0.000000
3319		0.000000
3320		0.000000
3321		0.000000
3322		0.000000
3323		0.000000
3324		0.000000
3325		0.000000
3326		0.000000
3327		0.000000
3328		0.000000
3329		0.000000
3330		0.000000
3331		0.000000
3332		0.000000
3333		0.000000
3334		0.000000
3335		0.000000
3336		0.000000
3337		0.000000
3338		0.000000
3339		0.000000
3340		0.000000
3341		0.000000
3342		0.000000
3343		0.000000
3344		0.000000
3345		0.000000
3346		0.000000
3347		0.000000
3348		0.000000
3349		0.000000
3350		0.000000
3351		0.000000
3352		0.000000
3353		0.000000
3354		0.000000
3355		0.000000
3356		0.000000
3357		0.000000
3358		0.000000
3359		0.000000
3360		0.000000
3361		0.000000
3362		0.000000
3363		0.000000
3364		0.000000
3365		0.000000
3366		0.000000
3367		0.000000
3368		0.000000
3369		0.000000
3370		0.000000
3371		0.000000
3372		0.000000
3373		0.000000
3374		0.000000
3375		0.000000
3376		0.000000
3377		0.000000
3378		0.000000
3379		0.000000
3380		0.000000
3381		0.000000
3382		0.000000
3383		0.000000
3384		0.000000
3385		0.000000
3386		0.000000
3387		0.000000
3388		0.000000
3389		0.000000
3390		0.000000
3391		0.000000
3392		0.000000
3393		0.000000
3394		0.000000
3395		0.000000
3396		0.000000
3397		0.000000
3398		0.000000
3399		0.000000
3400		0.000000
3401		0.000000
3402		0.000000
3403		0.000000
3404		0.000000
3405		0.000000
3406		0.000000
3407		0.000000
3408		0.000000
3409		0.000000
3410		0.000000
3411		0.000000
3412		0.000000
3413		0.000000
3414		0.000000
3415		0.000000
3416		0.000000
3417		0.000000
3418		0.000000
3419		0.000000
3420		0.000000
3421		0.000000
3422		0.000000
3423		0.000000
3424		0.000000
3425		0.000000
3426		0.000000
3427		0.000000
3428		0.000000
3429		0.000000
3430		0.000000
3431		0.000000
3432		0.000000
3433		0.000000
3434		0.000000
3435		0.000000
3436		0.000000
3437		0.000000
3438		0.000000
3439		0.000000
3440		0.000000
3441		0.000000
3442		0.000000
3443		0.000000
3444		0.000000
3445		0.000000
3446		0.000000
3447		0.000000
3448		0.000000
3449		0.000000
3450		0.000000
3451		0.000000
3452		0.000000
3453		0.000000
3454		0.000000
3455		0.000000
3456		0.000000
3457		0.000000
3458		0.000000
3459		0.000000
3460		0.000000
3461		0.000000
3462		0.000000
3463		0.000000
3464		0.000000
3465		0.000000
3466		0.000000
3467		0.000000
3468		0.000000
3469		0.000000
3470		0.000000
3471		0.000000
3472		0.000000
3473		0.000000
3474		0.000000
3475		0.000000
3476		0.000000
3477		0.000000
3478		0.000000
3479		0.000000
3480		0.000000
3481		0.000000
3482		0.000000
3483		0.000000
3484		0.000000
3485		0.000000
3486		0.000000
3487		0.000000
3488		0.000000
3489		0.000000
3490		0.000000
3491		0.000000
3492		0.000000
3493		0.000000
3494		0.000000
3495		0.000000
3496		0.000000
3497		0.000000
3498		0.000000
3499		0.000000
3500		0.000000
3501		0.000000
3502		0.000000
3503		0.000000
3504		0.000000
3505		0.000000
3506		0.000000
3507		0.000000
3508		0.000000
3509		0.000000
3510		0.000000
3511		0.000000
3512		0.000000
3513		0.000000
3514		0.000000
3515		0.000000
3516		0.000000
3517		0.000000
3518		0.000000
3519		0.000000
3520		0.000000
3521		0.000000
3522		0.000000
3523		0.000000
3524		0.000000
3525		0.000000
3526		0.000000
3527		0.000000
3528		0.000000
3529		0.000000
3530		0.000000
3531		0.000000
3532		0.000000
3533		0.000000
3534		0.000000
3535		0.000000
3536		0.000000
3537		0.000000
3538		0.000000
3539		0.000000
3540		0.000000
3541		0.000000
3542		0.000000
3543		0.000000
3544		0.000000
3545		0.000000
3546		0.000000
3547		0.000000
3548		0.000000
3549		0.000000
3550		0.000000
3551		0.000000
3552		0.000000
3553		0.000000
3554		0.000000
3555		0.000000
3556		0.000000
3557		0.000000
3558		0.000000
3559		0.000000
3560		0.000000
3561		0.000000
3562		0.000000
3563		0.000000
3564		0.000000
3565		0.000000
3566		0.000000
3567		0.000000
3568		0.000000
3569		0.000000
3570		0.000000
3571		0.000000
3572		0.000000
3573		0.000000
3574		0.000000
3575		0.000000
3576		0.000000
3577		0.000000
3578		0.000000
3579		0.000000
3580		0.000000
3581		0.000000
3582		0.000000
3583		0.000000
3584		0.000000
3585		0.000000
3586		0.000000
3587		0.000000
3588		0.000000
3589		0.000000
3590		0.000000
3591		0.000000
3592		0.000000
3593		0.000000
3594		0.000000
3595		0.000000
3596		0.000000
3597		0.000000
3598		0.000000
3599		0.000000
3600		0.000000
3601		0.000000
3602		0.000000
3603		0.000000
3604		0.000000
3605		0.000000
3606		0.000000
3607		0.000000
3608		0.000000
3609		0.000000
3610		0.000000
3611		0.000000
3612		0.000000
3613		0.000000
3614		0.000000
3615		0.000000
3616		0.000000
3617		0.000000
3618		0.000000
3619		0.000000
3620		0.000000
3621		0.000000
3622		0.000000
3623		0.000000
3624		0.000000
3625		0.000000
3626		0.000000
3627		0.000000
3628		0.000000
3629		0.000000
3630		0.000000
3631		0.000000
3632		0.000000
3633		0.000000
3634		0.000000
3635		0.000000
3636		0.000000
3637		0.000000
3638		0.000000
3639		0.000000
3640		0.000000
3641		0.000000
3642		0.000000
3643		0.000000
3644		0.000000
3645		0.000000
3646		0.000000
3647		0.000000
3648		0.000000
3649		0.000000
3650		0.000000
3651		0.000000
3652		0.000000
3653		0.000000
3654		0.000000
3655		0.000000
3656		0.000000
3657		0.000000
3658		0.000000
3659		0.000000
3660		0.000000
3661		0.000000
3662		0.000000
3663		0.000000
3664		0.000000
3665		0.000000
3666		0.000000
3667		0.000000
3668		0.000000
3669		0.000000
3670		0.000000
3671		0.000000
3672		0.000000
3673		0.000000
3674		0.000000
3675		0.000000
3676		0.000000
3677		0.000000
3678		0.000000
3679		0.000000
3680		0.000000
3681		0.000000
3682		0.000000
3683		0.000000
3684		0.000000
3685		0.000000
3686		0.000000
3687		0.000000
3688		0.000000
3689		0.000000
3690		0.000000
3691		0.000000
3692		0.000000
3693		0.000000
3694		0.000000
3695		0.000000
3696		0.000000
3697		0.000000
3698		0.000000
3699		0.000000
3700		0.000000
3701		0.000000
3702		0.000000
3703		0.000000
3704		0.000000
3705		0.000000
3706		0.000000
3707		0.000000
3708		0.000000
3709		0.000000
3710		0.000000
3711		0.000000
3712		0.000000
3713		0.000000
3714		0.000000
3715		0.000000
3716		0.000000
3717		0.000000
3718		0.000000
3719		0.000000
3720		0.000000
3721		0.000000
3722		0.000000
3723		0.000000
3724		0.000000
3725		0.000000
3726		0.000000
3727		0.000000
3728		0.000000
3729		0.000000
3730		0.000000
3731		0.000000
3732		0.000000
3733		0.000000
3734		0.000000
3735		0.000000
3736		0.000000
3737		0.000000
3738		0.000000
3739		0.000000
3740		0.000000
3741		0.000000
3742		0.000000
3743		0.000000
3744		0.000000
3745		0.000000
3746		0.000000
3747		0.000000
3748		0.000000
3749		0.000000
3750		0.000000
3751		0.000000
3752		0.000000
3753		0.000000
3754		0.000000
3755		0.000000
3756		0.000000
3757		0.000000
3758		0.000000
3759		0.000000
3760		0.000000
3761		0.000000
3762		0.000000
3763		0.000000
3764		0.000000
3765		0.000000
3766		0.000000
3767		0.000000
3768		0.000000
3769		0.000000
3770		0.000000
3771		0.000000
3772		0.000000
3773		0.000000
3774		0.000000
3775		0.000000
3776		0.000000
3777		0.000000
3778		0.000000
3779		0.000000
3780		0.000000
3781		0.000000
3782		0.000000
3783		0.000000
3784		0.000000
3785		0.000000
3786		0.000000
3787		0.000000
3788		0.000000
3789		0.000000
3790		0.000000
3791		0.000000
3792		0.000000
3793		0.000000
3794		0.000000
3795		0.000000
3796		0.000000
3797		0.000000
3798		0.000000
3799		0.000000
3800		0.000000
3801		0.000000
3802		0.000000
3803		0.000000
3804		0.000000
3805		0.000000
3806		0.000000
3807		0.000000
3808		0.000000
3809		0.000000
3810		0.000000
3811		0.000000
3812		0.000000
3813		0.000000
3814		0.000000
3815		0.000000
3816		0.000000
3817		0.000000
3818		0.000000
3819		0.000000
3820		0.000000
3821		0.000000
3822		0.000000
3823		0.000000
3824		0.000000
3825		0.000000
3826		0.000000
3827		0.000000
3828		0.000000
3829		0.000000
3830		0.000000
3831		0.000000
3832		0.000000
3833		0.000000
3834		0.000000
3835		0.000000
3836		0.000000
3837		0.000000
3838		0.000000
3839		0.000000
3840		0.000000
3841		0.000000
3842		0.000000
3843		0.000000
3844		0.000000
3845		0.000000
3846		0.000000
3847		0.000000
3848		0.000000
3849		0.000000
3850		0.000000
3851		0.000000
3852		0.000000
3853		0.000000
3854		0.000000
3855		0.000000
3856		0.000000
3857		0.000000
3858		0.000000
3859		0.000000
3860		0.000000
3861		0.000000
3862		0.000000
3863		0.000000
3864		0.000000
3865		0.000000
3866		0.000000
3867		0.000000
3868		0.000000
3869		0.000000
3870		0.000000
3871		0.000000
3872		0.000000
3873		0.000000
3874		0.000000
3875		0.000000
3876		0.000000
3877		0.000000
3878		0.000000
3879		0.000000
3880		0.000000
3881		0.000000
3882		0.000000
3883		0.000000
3884		0.000000
3885		0.000000
3886		0.000000
3887		0.000000
3888		0.000000
3889		0.000000
3890		0.000000
3891		0.000000
3892		0.000000
3893		0.000000
3894		0.000000
3895		0.000000
3896		0.000000
3897		0.000000
3898		0.000000
3899		0.000000
3900		0.000000
3901		0.000000
3902		0.000000
3903		0.000000
3904		0.000000
3905		0.000000
3906		0.000000
3907		0.000000
3908		0.000000
3909		0.000000
3910		0.000000
3911		0.000000
3912		0.000000
3913		0.000000
3914		0.000000
3915		0.000000
3916		0.000000
3917		0.000000
3918		0.000000
3919		0.000000
3920		0.000000
3921		0.000000
3922		0.000000
3923		0.000000
3924		0.000000
3925		0.000000
3926		0.000000
3927		0.000000
3928		0.000000
3929		0.000000
3930		0.000000
3931		0.000000
3932		0.000000
3933		0.000000
3934		0.000000
3935		0.000000
3936		0.000000
3937		0.000000
3938		0.000000
3939		0.000000
3940		0.000000
3941		0.000000
3942		0.000000
3943		0.000000
3944		0.000000
3945		0.000000
3946		0.000000
3947		0.000000
3948		0.000000
3949		0.000000
3950		0.000000
3951		0.000000
3952		0.000000
3953		0.000000
3954		0.000000
3955		0.000000
3956		0.000000
3957		0.000000
3958		0.000000
3959		0.000000
3960		0.000000
3961		0.000000
3962		0.000000
3963		0.000000
3964		0.000000
3965		0.000000
3966		0.000000
3967		0.000000
3968		0.000000
3969		0.000000
3970		0.000000
3971		0.000000
3972		0.000000
3973		0.000000
3974		0.000000
3975		0.000000
3976		0.000000
3977		0.000000
3978		0.000000
3979		0.000000
3980		0.000000
3981		0.000000
3982		0.000000
3983		0.000000
3984		0.000000
3985		0.000000
3986		0.000000
3987		0.000000
3988		0.000000
3989		0.000000
3990		0.000000
3991		0.000000
3992		0.000000
3993		0.000000
3994		0.000000
3995		0.000000
3996		0.000000
3997		0.000000
3998		0.000000
3999		0.000000
4000		0.000000
4001		0.000000
4002		0.000000
4003		0.000000
4004		0.000000
4005		0.000000
4006		0.000000
4007		0.000000
4008		0.000000
4009		0.000000
4010		0.000000
4011		0.000000
4012		0.000000
4013		0.000000
4014		0.000000
4015		0.000000
4016		0.000000
4017		0.000000
4018		0.000000
4019		0.000000
4020		0.000000
4021		0.000000
4022		0.000000
4023		0.000000
4024		0.000000
4025		0.000000
4026		0.000000
4027		0.000000
4028		0.000000
4029		0.000000
4030		0.000000
4031		0.000000
4032		0.000000
4033		0.000000
4034		0.000000
4035		0.000000
4036		0.000000
4037		0.000000
4038		0.000000
4039		0.000000
4040		0.000000
4041		0.000000
4042		0.000000
4043		0.000000
4044		0.000000
4045		0.000000
4046		0.000000
4047		0.000000
4048		0.000000
4049		0.000000
4050		0.000000
4051		0.000000
4052		0.000000
4053		0.000000
4054		0.000000
4055		0.000000
4056		0.000000
4057		0.000000
4058		0.000000
4059		0.000000
4060		0.000000
4061		0.000000
4062		0.000000
4063		0.000000
4064		0.000000
4065		0.000000
4066		0.000000
4067		0.000000
4068		0.000000
4069		0.000000
4070		0.000000
4071		0.000000
4072		0.000000
4073		0.000000
4074		0.000000
4075		0.000000
4076		0.000000
4077		0.000000
4078		0.000000
4079		0.000000
4080		0.000000
4081		0.000000
4082		0.000000
4083		0.000000
4084		0.000000
4085		0.000000
4086		0.000000
4087		0.000000
4088		0.000000
4089		0.000000
4090		0.000000
4091		0.000000
4092		0.000000
4093		0.000000
4094		0.000000
4095		0.000000
