0		0.000000
1		0.000000
2		0.000000
3		0.000000
4		0.000000
5		0.000000
6		0.000000
7		0.000000
8		0.000000
9		0.000000
10		0.000000
11		0.000000
12		0.000000
13		0.000000
14		0.000000
15		0.000000
16		0.000000
17		0.000000
18		0.000000
19		0.000000
20		0.000000
21		0.000000
22		0.000000
23		0.000000
24		0.000000
25		0.000000
26		0.000000
27		0.000000
28		0.000000
29		0.000000
30		0.000000
31		0.000000
32		0.000000
33		0.000000
34		0.000000
35		0.000000
36		0.000000
37		0.000000
38		0.000000
39		0.000000
40		0.000000
41		0.000000
42		0.000000
43		0.000000
44		0.000000
45		0.000000
46		0.000000
47		0.000000
48		0.000000
49		0.000000
50		0.000000
51		0.000000
52		0.000000
53		0.000000
54		0.000000
55		0.000000
56		0.000000
57		0.000000
58		0.000000
59		0.000000
60		0.000000
61		0.000000
62		0.000000
63		0.000000
64		0.000000
65		0.000000
66		0.000000
67		0.000000
68		0.000000
69		0.000000
70		0.000000
71		0.000000
72		0.000000
73		0.000000
74		0.000000
75		0.000000
76		0.000000
77		0.000000
78		0.000000
79		0.000000
80		0.000000
81		0.000000
82		0.000000
83		0.000000
84		0.000000
85		0.000000
86		0.000000
87		0.000000
88		0.000000
89		0.000000
90		0.000000
91		0.000000
92		0.000000
93		0.000000
94		0.000000
95		0.000000
96		0.000000
97		0.000000
98		0.000000
99		0.000000
100		0.000000
101		0.000000
102		0.000000
103		0.000000
104		0.000000
105		0.000000
106		0.000000
107		0.000000
108		0.000000
109		21715.474609
110		13227.127930
111		354.381714
112		45.693550
113		46.463669
114		49.672485
115		47.875546
116		51.212715
117		46.335316
118		48.388958
119		48.003899
120		46.206963
121		46.335316
122		48.902367
123		47.875546
124		45.950256
125		53.394711
126		45.693550
127		50.699306
128		49.287426
129		48.517311
130		49.287426
131		49.544132
132		54.036476
133		46.720371
134		45.436844
135		49.030720
136		49.544132
137		49.672485
138		53.908123
139		52.624596
140		49.800838
141		49.415779
142		54.678238
143		57.116940
144		53.009655
145		54.678238
146		54.164829
147		55.576706
148		59.042229
149		59.683990
150		63.534573
151		64.561394
152		62.507751
153		61.865986
154		69.952209
155		63.149513
156		65.588219
157		66.358330
158		71.235733
159		67.128448
160		73.161026
161		69.310440
162		68.155266
163		69.567146
164		68.026917
165		77.268311
166		72.134201
167		73.032669
168		77.396660
169		80.092064
170		72.262550
171		70.722321
172		73.417725
173		74.444550
174		76.626549
175		77.525017
176		81.760651
177		78.166779
178		82.659119
179		80.605476
180		82.017357
181		76.241486
182		82.402412
183		82.274063
184		81.632301
185		80.862183
186		76.626549
187		92.542274
188		89.076752
189		92.542274
190		94.082512
191		103.708961
192		92.157219
193		87.408173
194		93.954155
195		97.419678
196		86.766403
197		90.103577
198		94.082512
199		91.002045
200		92.670631
201		95.494385
202		98.831558
203		102.810493
204		100.115082
205		96.392853
206		92.670631
207		94.980980
208		101.270256
209		101.398613
210		95.494385
211		93.055687
212		88.306641
213		95.237686
214		92.798981
215		91.387100
216		83.044182
217		86.124641
218		78.936890
219		84.712761
220		92.413925
221		77.396660
222		84.456055
223		81.760651
224		81.375595
225		79.963715
226		87.279816
227		80.348770
228		73.802788
229		71.877495
230		80.092064
231		76.498192
232		71.235733
233		74.187843
234		74.187843
235		66.615036
236		74.316200
237		69.695503
238		74.829605
239		73.931137
240		74.572899
241		71.749146
242		75.599724
243		67.256798
244		69.952209
245		67.000092
246		70.850677
247		72.134201
248		63.149513
249		70.850677
250		68.155266
251		67.898560
252		66.229980
253		64.561394
254		65.203156
255		65.203156
256		61.480930
257		65.973274
258		65.973274
259		60.839165
260		62.122692
261		62.122692
262		64.689743
263		64.047981
264		60.197403
265		59.427288
266		60.454109
267		63.534573
268		58.657169
269		62.379398
270		62.122692
271		60.325756
272		59.298935
273		56.090118
274		59.940697
275		53.523064
276		60.967518
277		63.534573
278		59.170582
279		57.630348
280		60.710815
281		59.940697
282		61.609283
283		56.346825
284		57.758701
285		59.812344
286		56.603527
287		53.779770
288		58.400467
289		54.293179
290		60.710815
291		58.657169
292		57.501995
293		60.582462
294		55.448353
295		56.218472
296		53.651417
297		55.448353
298		58.015408
299		60.197403
300		58.015408
301		58.528820
302		62.379398
303		55.705059
304		54.293179
305		53.908123
306		59.298935
307		55.063297
308		56.346825
309		60.710815
310		55.833412
311		53.651417
312		60.967518
313		52.624596
314		84.199356
315		258.887329
316		282.889282
317		92.542274
318		56.346825
319		55.833412
320		53.009655
321		58.400467
322		56.603527
323		55.961765
324		57.245293
325		63.021160
326		61.994339
327		58.015408
328		60.582462
329		60.710815
330		62.379398
331		59.555641
332		62.892811
333		55.961765
334		64.689743
335		61.095871
336		63.149513
337		58.657169
338		63.149513
339		66.358330
340		66.615036
341		62.892811
342		63.662926
343		70.337265
344		66.615036
345		69.952209
346		58.400467
347		55.191650
348		56.475174
349		52.111183
350		56.731880
351		49.030720
352		54.549885
353		53.266357
354		51.469421
355		53.138004
356		54.806591
357		48.902367
358		51.597775
359		50.956009
360		50.956009
361		50.442600
362		50.827660
363		54.421532
364		51.854481
365		52.752949
366		51.341068
367		46.977077
368		50.185894
369		52.367889
370		49.159073
371		47.233784
372		46.463669
373		49.672485
374		64.047981
375		98.318146
376		76.626549
377		49.800838
378		52.367889
379		50.314247
380		48.774014
381		46.078609
382		49.030720
383		49.030720
384		44.666729
385		47.490490
386		48.645664
387		45.180141
388		44.795082
389		48.517311
390		47.105431
391		49.415779
392		53.908123
393		52.367889
394		45.565197
395		48.003899
396		53.138004
397		48.388958
398		50.057541
399		51.597775
400		53.138004
401		55.320000
402		55.448353
403		54.164829
404		53.138004
405		52.624596
406		52.624596
407		53.908123
408		45.950256
409		41.586266
410		39.917683
411		44.795082
412		39.275917
413		41.457912
414		37.350628
415		40.559444
416		37.992390
417		41.842972
418		40.302738
419		41.714619
420		41.072853
421		51.341068
422		250.801117
423		1055.315674
424		968.035828
425		167.628586
426		36.195454
427		31.574757
428		35.682041
429		34.526867
430		37.478981
431		31.061346
432		34.270164
433		31.959816
434		30.932993
435		32.986637
436		33.371696
437		29.777821
438		31.318052
439		30.804642
440		32.473225
441		31.703110
442		32.986637
443		29.649467
444		32.088169
445		32.088169
446		29.777821
447		31.703110
448		30.932993
449		28.879351
450		29.521114
451		32.216522
452		28.237587
453		28.750998
454		31.318052
455		33.885105
456		26.312298
457		27.724176
458		29.906172
459		30.291231
460		29.649467
461		28.365940
462		29.007704
463		31.318052
464		29.521114
465		27.724176
466		29.392761
467		27.852530
468		27.082415
469		31.318052
470		28.879351
471		29.649467
472		25.798887
473		28.237587
474		28.622646
475		30.804642
476		29.521114
477		27.467472
478		28.494293
479		30.547935
480		26.954062
481		24.387007
482		26.183945
483		27.339119
484		28.365940
485		29.649467
486		66.871742
487		502.629059
488		1072.001465
489		464.379974
490		64.047981
491		25.670534
492		25.927240
493		26.440651
494		25.028770
495		23.745245
496		29.136057
497		23.488539
498		29.136057
499		27.724176
500		28.879351
501		30.034525
502		33.114990
503		25.028770
504		27.339119
505		35.296986
506		36.452160
507		28.622646
508		30.676289
509		28.237587
510		27.852530
511		26.312298
512		31.574757
513		31.189699
514		28.237587
515		25.927240
516		28.622646
517		24.258656
518		25.542181
519		24.258656
520		28.237587
521		28.237587
522		29.007704
523		30.419582
524		27.082415
525		24.258656
526		26.954062
527		26.440651
528		28.622646
529		37.992390
530		66.871742
531		60.325756
532		34.270164
533		25.798887
534		26.312298
535		29.906172
536		24.515360
537		25.670534
538		27.082415
539		29.777821
540		25.542181
541		25.285477
542		25.927240
543		24.387007
544		30.034525
545		28.237587
546		26.183945
547		25.927240
548		28.365940
549		28.365940
550		24.515360
551		25.285477
552		24.900419
553		25.413830
554		27.852530
555		29.136057
556		32.216522
557		30.291231
558		29.392761
559		30.034525
560		30.034525
561		29.392761
562		25.670534
563		27.210766
564		24.001949
565		26.055592
566		27.339119
567		28.365940
568		28.750998
569		27.467472
570		31.959816
571		29.392761
572		26.183945
573		28.750998
574		26.312298
575		26.312298
576		26.825708
577		27.339119
578		29.007704
579		25.927240
580		24.258656
581		22.076660
582		28.879351
583		26.697355
584		29.521114
585		31.061346
586		29.136057
587		27.595825
588		28.365940
589		26.825708
590		31.574757
591		29.264410
592		29.136057
593		24.772066
594		28.494293
595		25.542181
596		26.055592
597		29.007704
598		27.852530
599		29.649467
600		25.542181
601		30.676289
602		27.082415
603		29.777821
604		27.082415
605		26.954062
606		22.205011
607		27.339119
608		26.183945
609		27.339119
610		30.419582
611		26.312298
612		26.312298
613		26.440651
614		28.237587
615		26.954062
616		29.007704
617		27.467472
618		29.264410
619		26.312298
620		26.569002
621		26.183945
622		27.467472
623		27.980883
624		26.569002
625		26.183945
626		30.804642
627		26.954062
628		29.649467
629		32.344872
630		33.885105
631		31.959816
632		25.542181
633		28.879351
634		27.082415
635		27.724176
636		29.906172
637		27.852530
638		26.183945
639		28.494293
640		26.312298
641		28.879351
642		26.183945
643		28.237587
644		28.237587
645		26.954062
646		24.130302
647		27.852530
648		30.162878
649		28.494293
650		26.183945
651		27.724176
652		28.622646
653		30.291231
654		28.109236
655		29.649467
656		31.061346
657		26.569002
658		28.109236
659		26.440651
660		26.697355
661		27.082415
662		31.831463
663		28.494293
664		29.521114
665		27.724176
666		32.088169
667		28.750998
668		29.906172
669		30.162878
670		27.724176
671		30.547935
672		26.312298
673		27.210766
674		30.676289
675		29.264410
676		28.750998
677		30.291231
678		25.028770
679		26.825708
680		31.061346
681		32.729931
682		29.521114
683		26.183945
684		25.798887
685		27.210766
686		29.136057
687		31.703110
688		27.724176
689		30.547935
690		29.521114
691		30.932993
692		30.547935
693		31.703110
694		38.249096
695		32.088169
696		32.858284
697		37.222275
698		31.189699
699		29.649467
700		31.959816
701		32.344872
702		31.574757
703		29.264410
704		32.216522
705		31.446405
706		34.013458
707		38.120743
708		44.666729
709		47.105431
710		43.383202
711		48.132252
712		52.239536
713		42.998146
714		38.890858
715		35.425339
716		29.777821
717		30.034525
718		35.296986
719		32.088169
720		32.729931
721		34.141811
722		32.729931
723		31.574757
724		37.222275
725		27.467472
726		35.553692
727		35.425339
728		31.959816
729		32.473225
730		34.141811
731		32.216522
732		33.243343
733		35.168633
734		30.932993
735		33.628399
736		33.371696
737		30.291231
738		31.061346
739		33.628399
740		33.885105
741		32.986637
742		31.189699
743		30.932993
744		33.628399
745		34.655220
746		32.601578
747		32.729931
748		33.756752
749		34.911926
750		31.574757
751		32.216522
752		35.040279
753		37.222275
754		30.291231
755		39.019211
756		31.061346
757		35.553692
758		36.965569
759		34.783573
760		35.296986
761		52.496243
762		68.925385
763		46.078609
764		34.398518
765		34.270164
766		32.601578
767		33.628399
768		39.404270
769		39.917683
770		36.708862
771		37.864037
772		37.607334
773		33.756752
774		37.607334
775		33.114990
776		39.917683
777		37.093922
778		34.270164
779		37.478981
780		33.114990
781		35.296986
782		38.762508
783		35.040279
784		37.222275
785		38.120743
786		35.810394
787		37.607334
788		37.607334
789		40.431091
790		39.404270
791		37.864037
792		40.816151
793		38.249096
794		38.762508
795		49.544132
796		60.967518
797		65.074806
798		44.410023
799		39.147564
800		41.714619
801		56.218472
802		95.237686
803		91.515457
804		51.726128
805		42.228027
806		39.532623
807		41.329559
808		39.917683
809		39.660976
810		40.687798
811		42.998146
812		45.436844
813		41.842972
814		49.672485
815		46.335316
816		44.538376
817		44.666729
818		46.335316
819		47.490490
820		45.436844
821		49.800838
822		47.362137
823		53.394711
824		47.105431
825		46.463669
826		38.634155
827		34.783573
828		37.735687
829		39.019211
830		38.890858
831		37.864037
832		39.532623
833		35.810394
834		32.344872
835		36.452160
836		37.864037
837		39.660976
838		35.168633
839		38.890858
840		40.944504
841		37.350628
842		39.275917
843		37.222275
844		36.837215
845		33.243343
846		35.425339
847		35.938747
848		36.195454
849		37.222275
850		37.992390
851		36.452160
852		37.864037
853		35.168633
854		35.810394
855		36.580513
856		34.398518
857		35.553692
858		35.040279
859		36.580513
860		37.864037
861		34.911926
862		35.168633
863		35.425339
864		36.323807
865		36.708862
866		34.398518
867		35.296986
868		34.911926
869		38.762508
870		37.607334
871		42.613087
872		37.222275
873		34.655220
874		35.553692
875		35.553692
876		34.655220
877		33.628399
878		30.291231
879		26.697355
880		25.927240
881		30.676289
882		30.547935
883		29.264410
884		28.622646
885		29.392761
886		26.440651
887		26.954062
888		25.285477
889		26.183945
890		27.210766
891		27.852530
892		27.210766
893		27.467472
894		29.007704
895		27.980883
896		27.210766
897		21.819954
898		26.569002
899		24.772066
900		29.007704
901		24.258656
902		21.691601
903		23.488539
904		26.825708
905		27.082415
906		23.873596
907		23.745245
908		22.333364
909		21.948307
910		23.231834
911		25.798887
912		52.239536
913		101.526962
914		200.486877
915		327.556030
916		431.906738
917		447.309052
918		380.437317
919		250.929474
920		136.567245
921		65.459862
922		32.858284
923		25.542181
924		21.948307
925		19.894665
926		17.969374
927		19.509605
928		20.921486
929		17.712669
930		19.509605
931		18.739491
932		18.996195
933		20.151369
934		19.637959
935		25.157124
936		23.745245
937		19.381254
938		18.097727
939		19.509605
940		18.097727
941		16.685848
942		19.894665
943		16.429142
944		19.252901
945		18.354431
946		17.584316
947		18.226080
948		20.793133
949		19.894665
950		18.611137
951		16.942553
952		18.482784
953		21.819954
954		18.226080
955		16.814199
956		16.300789
957		17.327610
958		17.199259
959		20.664780
960		16.557495
961		19.381254
962		16.685848
963		16.557495
964		16.814199
965		19.766312
966		36.452160
967		167.115173
968		493.516022
969		559.489319
970		210.498383
971		41.971325
972		23.231834
973		21.563250
974		36.708862
975		65.844917
976		56.218472
977		28.365940
978		19.894665
979		22.076660
980		20.408075
981		21.434896
982		18.226080
983		17.584316
984		19.637959
985		17.327610
986		17.584316
987		17.584316
988		20.793133
989		19.766312
990		14.247147
991		20.536427
992		17.070906
993		19.509605
994		23.616892
995		19.252901
996		16.942553
997		23.873596
998		19.509605
999		23.360186
1000		20.023016
1001		21.049839
1002		21.819954
1003		19.381254
1004		20.408075
1005		21.563250
1006		19.766312
1007		20.793133
1008		18.482784
1009		20.793133
1010		17.712669
1011		20.664780
1012		21.178190
1013		24.387007
1014		18.611137
1015		18.097727
1016		18.611137
1017		19.509605
1018		19.894665
1019		22.205011
1020		21.178190
1021		20.151369
1022		17.969374
1023		18.226080
1024		23.360186
1025		23.103481
1026		21.306543
1027		20.023016
1028		18.611137
1029		21.306543
1030		19.766312
1031		19.124548
1032		20.279722
1033		18.097727
1034		18.482784
1035		18.354431
1036		18.996195
1037		19.509605
1038		18.611137
1039		19.252901
1040		19.509605
1041		18.611137
1042		20.151369
1043		20.536427
1044		17.969374
1045		23.616892
1046		20.023016
1047		20.793133
1048		20.151369
1049		21.691601
1050		19.381254
1051		19.894665
1052		19.252901
1053		17.712669
1054		22.333364
1055		22.461718
1056		23.231834
1057		19.894665
1058		18.611137
1059		19.894665
1060		16.685848
1061		19.637959
1062		19.252901
1063		21.434896
1064		18.482784
1065		20.279722
1066		18.354431
1067		20.664780
1068		19.252901
1069		20.793133
1070		21.178190
1071		20.023016
1072		21.691601
1073		19.894665
1074		21.049839
1075		24.001949
1076		29.007704
1077		42.741440
1078		35.168633
1079		24.001949
1080		20.151369
1081		20.408075
1082		21.178190
1083		17.455963
1084		20.279722
1085		19.381254
1086		19.509605
1087		21.948307
1088		20.023016
1089		21.691601
1090		19.124548
1091		18.867844
1092		19.766312
1093		15.787378
1094		19.381254
1095		18.867844
1096		21.691601
1097		20.151369
1098		20.921486
1099		19.124548
1100		18.867844
1101		18.996195
1102		17.327610
1103		20.151369
1104		21.049839
1105		19.252901
1106		19.252901
1107		18.354431
1108		21.948307
1109		18.097727
1110		18.996195
1111		18.611137
1112		22.333364
1113		18.996195
1114		21.434896
1115		20.408075
1116		19.766312
1117		17.969374
1118		18.354431
1119		17.455963
1120		19.894665
1121		18.867844
1122		18.996195
1123		22.076660
1124		21.178190
1125		22.205011
1126		18.739491
1127		19.124548
1128		21.434896
1129		19.124548
1130		19.766312
1131		21.049839
1132		18.354431
1133		23.103481
1134		19.894665
1135		19.381254
1136		22.590071
1137		18.739491
1138		21.563250
1139		20.664780
1140		27.980883
1141		45.950256
1142		46.720371
1143		29.136057
1144		23.231834
1145		21.819954
1146		19.766312
1147		19.509605
1148		21.948307
1149		22.590071
1150		20.408075
1151		22.076660
1152		22.846775
1153		22.333364
1154		23.616892
1155		21.434896
1156		21.691601
1157		19.509605
1158		22.975128
1159		22.846775
1160		20.151369
1161		22.076660
1162		20.921486
1163		21.948307
1164		24.772066
1165		20.023016
1166		20.664780
1167		23.873596
1168		19.766312
1169		20.793133
1170		21.306543
1171		19.637959
1172		20.023016
1173		22.846775
1174		22.205011
1175		23.873596
1176		24.643713
1177		20.921486
1178		18.996195
1179		20.408075
1180		20.793133
1181		23.873596
1182		25.542181
1183		22.718422
1184		23.360186
1185		20.921486
1186		24.001949
1187		21.819954
1188		21.948307
1189		19.766312
1190		20.793133
1191		20.279722
1192		21.306543
1193		16.814199
1194		23.745245
1195		23.488539
1196		20.023016
1197		22.333364
1198		21.948307
1199		22.205011
1200		20.151369
1201		24.772066
1202		23.616892
1203		22.076660
1204		19.894665
1205		22.076660
1206		19.381254
1207		16.942553
1208		20.151369
1209		18.482784
1210		23.360186
1211		20.536427
1212		19.637959
1213		18.482784
1214		21.049839
1215		20.279722
1216		19.252901
1217		20.151369
1218		21.819954
1219		19.637959
1220		19.509605
1221		21.434896
1222		18.867844
1223		16.814199
1224		17.712669
1225		20.151369
1226		19.252901
1227		19.637959
1228		18.611137
1229		20.921486
1230		36.965569
1231		44.410023
1232		40.816151
1233		27.210766
1234		19.637959
1235		17.712669
1236		19.894665
1237		18.996195
1238		21.691601
1239		18.097727
1240		20.793133
1241		21.049839
1242		19.124548
1243		20.408075
1244		16.557495
1245		17.712669
1246		20.536427
1247		19.766312
1248		31.959816
1249		56.346825
1250		61.994339
1251		39.404270
1252		27.082415
1253		20.279722
1254		17.841021
1255		19.381254
1256		20.664780
1257		19.766312
1258		18.611137
1259		18.226080
1260		20.151369
1261		19.124548
1262		20.023016
1263		16.942553
1264		20.279722
1265		20.279722
1266		20.664780
1267		18.226080
1268		17.070906
1269		16.429142
1270		19.252901
1271		16.044085
1272		18.354431
1273		20.536427
1274		15.915731
1275		19.381254
1276		18.996195
1277		19.509605
1278		18.611137
1279		18.226080
1280		17.327610
1281		28.622646
1282		80.733833
1283		159.414017
1284		182.902557
1285		107.816246
1286		37.735687
1287		19.637959
1288		16.429142
1289		15.402321
1290		14.632205
1291		17.455963
1292		15.915731
1293		17.455963
1294		21.691601
1295		39.275917
1296		39.532623
1297		27.467472
1298		16.685848
1299		16.172436
1300		16.044085
1301		17.455963
1302		16.172436
1303		16.044085
1304		16.172436
1305		15.530673
1306		19.252901
1307		15.145616
1308		13.220325
1309		15.017262
1310		15.017262
1311		14.375499
1312		17.070906
1313		13.990441
1314		20.279722
1315		15.915731
1316		11.936798
1317		15.145616
1318		13.220325
1319		15.017262
1320		15.530673
1321		16.685848
1322		14.888910
1323		15.017262
1324		15.145616
1325		15.787378
1326		14.503852
1327		15.659026
1328		13.862088
1329		14.888910
1330		15.530673
1331		16.429142
1332		17.584316
1333		15.915731
1334		13.091972
1335		16.942553
1336		15.530673
1337		18.097727
1338		18.482784
1339		17.969374
1340		17.584316
1341		17.841021
1342		15.659026
1343		14.503852
1344		16.044085
1345		18.482784
1346		56.731880
1347		157.488724
1348		225.772354
1349		174.174576
1350		65.074806
1351		25.028770
1352		15.787378
1353		19.124548
1354		16.300789
1355		19.766312
1356		13.990441
1357		19.381254
1358		16.429142
1359		18.226080
1360		18.354431
1361		17.455963
1362		16.942553
1363		16.685848
1364		17.455963
1365		15.787378
1366		15.017262
1367		15.915731
1368		17.070906
1369		16.814199
1370		18.354431
1371		20.151369
1372		15.915731
1373		17.841021
1374		20.793133
1375		16.942553
1376		15.787378
1377		18.739491
1378		18.226080
1379		16.172436
1380		16.429142
1381		18.097727
1382		19.894665
1383		17.455963
1384		16.814199
1385		17.584316
1386		20.151369
1387		19.124548
1388		17.584316
1389		16.172436
1390		17.199259
1391		16.942553
1392		18.739491
1393		16.429142
1394		17.199259
1395		17.070906
1396		17.327610
1397		18.611137
1398		18.097727
1399		15.787378
1400		14.760557
1401		16.942553
1402		17.841021
1403		17.199259
1404		14.888910
1405		13.348678
1406		15.145616
1407		14.632205
1408		18.739491
1409		17.969374
1410		15.145616
1411		11.808446
1412		16.300789
1413		15.787378
1414		13.862088
1415		15.530673
1416		15.017262
1417		18.226080
1418		15.273968
1419		16.044085
1420		15.659026
1421		16.429142
1422		18.354431
1423		13.862088
1424		14.375499
1425		17.199259
1426		13.990441
1427		15.017262
1428		14.632205
1429		13.348678
1430		15.402321
1431		12.321856
1432		16.300789
1433		17.584316
1434		13.733736
1435		16.942553
1436		16.814199
1437		17.455963
1438		13.091972
1439		14.503852
1440		14.888910
1441		15.530673
1442		14.118793
1443		17.455963
1444		15.402321
1445		13.733736
1446		14.888910
1447		14.632205
1448		13.733736
1449		15.145616
1450		14.760557
1451		16.172436
1452		13.605383
1453		20.151369
1454		39.917683
1455		119.239632
1456		195.352768
1457		161.852722
1458		71.364082
1459		29.392761
1460		20.664780
1461		18.097727
1462		17.841021
1463		17.070906
1464		17.199259
1465		15.017262
1466		17.327610
1467		20.023016
1468		19.894665
1469		18.482784
1470		21.178190
1471		18.482784
1472		15.915731
1473		19.124548
1474		18.611137
1475		19.766312
1476		16.300789
1477		17.712669
1478		18.097727
1479		19.766312
1480		18.611137
1481		17.584316
1482		19.252901
1483		20.921486
1484		19.252901
1485		17.712669
1486		20.279722
1487		18.611137
1488		13.348678
1489		19.381254
1490		17.712669
1491		18.097727
1492		17.584316
1493		18.996195
1494		17.070906
1495		17.712669
1496		17.584316
1497		18.611137
1498		16.429142
1499		19.509605
1500		15.659026
1501		19.381254
1502		20.151369
1503		19.381254
1504		16.814199
1505		22.076660
1506		18.354431
1507		17.455963
1508		18.354431
1509		20.408075
1510		18.226080
1511		19.509605
1512		19.509605
1513		18.867844
1514		18.354431
1515		17.455963
1516		16.814199
1517		17.712669
1518		17.712669
1519		18.482784
1520		17.584316
1521		16.557495
1522		19.894665
1523		15.530673
1524		20.664780
1525		17.327610
1526		20.664780
1527		17.712669
1528		19.381254
1529		15.402321
1530		17.712669
1531		17.584316
1532		18.482784
1533		18.097727
1534		19.124548
1535		18.739491
1536		18.996195
1537		19.637959
1538		17.199259
1539		19.766312
1540		18.996195
1541		20.023016
1542		20.408075
1543		18.739491
1544		16.172436
1545		18.739491
1546		17.841021
1547		16.172436
1548		18.611137
1549		17.841021
1550		16.814199
1551		19.124548
1552		20.151369
1553		18.867844
1554		20.023016
1555		19.637959
1556		20.151369
1557		19.509605
1558		20.023016
1559		21.049839
1560		21.819954
1561		20.921486
1562		22.205011
1563		21.434896
1564		21.819954
1565		20.151369
1566		17.455963
1567		18.611137
1568		17.584316
1569		16.942553
1570		15.787378
1571		16.044085
1572		13.220325
1573		15.530673
1574		15.659026
1575		14.375499
1576		16.044085
1577		14.760557
1578		16.685848
1579		15.017262
1580		12.963620
1581		13.477031
1582		14.375499
1583		15.915731
1584		12.706915
1585		14.375499
1586		14.118793
1587		14.760557
1588		13.990441
1589		13.733736
1590		12.578562
1591		12.578562
1592		13.862088
1593		11.038330
1594		12.321856
1595		12.065151
1596		12.321856
1597		13.091972
1598		10.653272
1599		11.551741
1600		11.936798
1601		11.551741
1602		10.781625
1603		9.498097
1604		8.471276
1605		11.166682
1606		10.781625
1607		8.471276
1608		9.883156
1609		10.524920
1610		11.038330
1611		10.396566
1612		8.727982
1613		8.984687
1614		7.572808
1615		8.471276
1616		7.829513
1617		6.931044
1618		6.674339
1619		6.417634
1620		8.471276
1621		5.904223
1622		4.877401
1623		5.775870
1624		7.316103
1625		5.390812
1626		6.289281
1627		5.519165
1628		5.390812
1629		4.749049
1630		3.978933
1631		4.749049
1632		5.647518
1633		4.620696
1634		6.160928
1635		4.877401
1636		5.134107
1637		5.262460
1638		3.978933
1639		4.877401
1640		4.749049
1641		4.363991
1642		4.877401
1643		4.877401
1644		4.363991
1645		6.545986
1646		3.465522
1647		4.877401
1648		4.363991
1649		6.289281
1650		4.363991
1651		3.208817
1652		3.850580
1653		4.877401
1654		3.722228
1655		3.850580
1656		3.337169
1657		4.492343
1658		3.978933
1659		6.931044
1660		35.296986
1661		160.569199
1662		385.699768
1663		485.173096
1664		303.169006
1665		93.697449
1666		19.637959
1667		3.208817
1668		3.080464
1669		3.080464
1670		2.823759
1671		2.952111
1672		3.465522
1673		3.593875
1674		2.952111
1675		3.465522
1676		2.567053
1677		1.925290
1678		3.593875
1679		3.593875
1680		3.722228
1681		2.695406
1682		3.208817
1683		3.208817
1684		3.465522
1685		2.952111
1686		2.823759
1687		2.181995
1688		4.107285
1689		2.695406
1690		2.053643
1691		2.438701
1692		2.567053
1693		2.695406
1694		2.181995
1695		2.310348
1696		1.411879
1697		3.465522
1698		2.952111
1699		2.181995
1700		3.208817
1701		3.080464
1702		3.850580
1703		2.438701
1704		2.310348
1705		3.080464
1706		2.181995
1707		1.796937
1708		3.337169
1709		2.310348
1710		2.438701
1711		2.823759
1712		2.310348
1713		2.310348
1714		2.952111
1715		2.567053
1716		2.952111
1717		2.053643
1718		2.438701
1719		2.695406
1720		3.465522
1721		2.310348
1722		2.181995
1723		2.181995
1724		1.925290
1725		2.952111
1726		3.208817
1727		1.925290
1728		1.925290
1729		2.053643
1730		2.567053
1731		3.080464
1732		2.952111
1733		2.181995
1734		3.080464
1735		3.465522
1736		1.668585
1737		2.181995
1738		2.310348
1739		2.438701
1740		0.898469
1741		1.540232
1742		2.695406
1743		2.695406
1744		2.695406
1745		2.952111
1746		1.540232
1747		2.181995
1748		2.567053
1749		2.181995
1750		2.053643
1751		2.053643
1752		3.465522
1753		1.540232
1754		2.310348
1755		1.411879
1756		2.310348
1757		2.310348
1758		2.181995
1759		3.080464
1760		2.567053
1761		2.695406
1762		2.567053
1763		2.438701
1764		2.181995
1765		2.053643
1766		1.540232
1767		1.925290
1768		2.695406
1769		2.310348
1770		1.668585
1771		1.411879
1772		2.310348
1773		2.438701
1774		4.492343
1775		10.011508
1776		13.605383
1777		11.423388
1778		9.113040
1779		3.337169
1780		2.053643
1781		3.465522
1782		2.181995
1783		2.695406
1784		3.080464
1785		2.181995
1786		1.925290
1787		1.283527
1788		1.796937
1789		2.053643
1790		1.796937
1791		2.567053
1792		2.952111
1793		2.053643
1794		1.283527
1795		1.540232
1796		2.695406
1797		1.668585
1798		1.283527
1799		1.540232
1800		2.310348
1801		1.411879
1802		1.540232
1803		1.540232
1804		1.283527
1805		1.026821
1806		1.155174
1807		2.310348
1808		1.411879
1809		2.438701
1810		3.080464
1811		1.026821
1812		1.540232
1813		1.411879
1814		1.668585
1815		1.540232
1816		1.668585
1817		1.283527
1818		2.053643
1819		1.026821
1820		2.181995
1821		2.053643
1822		2.695406
1823		2.181995
1824		0.898469
1825		1.411879
1826		1.540232
1827		1.925290
1828		0.898469
1829		1.796937
1830		1.796937
1831		1.155174
1832		1.026821
1833		1.668585
1834		1.796937
1835		2.053643
1836		0.770116
1837		2.053643
1838		1.411879
1839		1.540232
1840		1.283527
1841		1.155174
1842		2.181995
1843		2.310348
1844		1.283527
1845		1.540232
1846		1.668585
1847		0.898469
1848		1.925290
1849		1.283527
1850		1.411879
1851		2.053643
1852		1.411879
1853		1.540232
1854		1.668585
1855		2.438701
1856		1.411879
1857		0.898469
1858		2.438701
1859		1.026821
1860		2.053643
1861		2.438701
1862		1.283527
1863		1.540232
1864		1.796937
1865		0.898469
1866		2.310348
1867		1.155174
1868		2.567053
1869		1.796937
1870		1.668585
1871		1.155174
1872		2.438701
1873		1.155174
1874		2.053643
1875		1.668585
1876		0.641763
1877		1.540232
1878		1.411879
1879		0.770116
1880		1.283527
1881		0.898469
1882		1.540232
1883		1.668585
1884		2.310348
1885		2.053643
1886		2.695406
1887		1.796937
1888		1.283527
1889		1.540232
1890		1.411879
1891		1.796937
1892		1.411879
1893		1.668585
1894		1.155174
1895		1.668585
1896		1.283527
1897		1.026821
1898		1.283527
1899		2.310348
1900		1.540232
1901		1.155174
1902		1.155174
1903		0.641763
1904		1.155174
1905		1.668585
1906		1.283527
1907		1.540232
1908		1.283527
1909		1.540232
1910		1.283527
1911		1.411879
1912		1.668585
1913		0.513411
1914		1.411879
1915		1.796937
1916		1.796937
1917		2.438701
1918		1.283527
1919		0.898469
1920		1.925290
1921		1.668585
1922		0.641763
1923		1.283527
1924		1.540232
1925		0.898469
1926		1.411879
1927		1.026821
1928		1.026821
1929		1.540232
1930		0.898469
1931		1.026821
1932		1.411879
1933		1.411879
1934		1.796937
1935		1.026821
1936		1.668585
1937		1.668585
1938		1.668585
1939		1.796937
1940		0.641763
1941		0.898469
1942		2.053643
1943		0.770116
1944		1.668585
1945		1.026821
1946		1.411879
1947		1.283527
1948		1.925290
1949		2.181995
1950		1.925290
1951		2.438701
1952		1.796937
1953		1.283527
1954		1.155174
1955		1.155174
1956		1.283527
1957		1.411879
1958		1.283527
1959		1.411879
1960		2.053643
1961		1.668585
1962		1.668585
1963		1.925290
1964		1.925290
1965		2.053643
1966		0.898469
1967		1.668585
1968		0.898469
1969		1.155174
1970		1.155174
1971		1.155174
1972		1.026821
1973		1.540232
1974		1.026821
1975		0.898469
1976		1.411879
1977		1.155174
1978		1.925290
1979		1.540232
1980		1.411879
1981		1.668585
1982		1.411879
1983		1.411879
1984		1.283527
1985		1.155174
1986		1.411879
1987		1.796937
1988		1.283527
1989		0.898469
1990		1.925290
1991		1.026821
1992		1.668585
1993		1.283527
1994		0.385058
1995		1.026821
1996		2.181995
1997		2.053643
1998		0.770116
1999		1.283527
2000		0.898469
2001		2.053643
2002		1.026821
2003		0.898469
2004		1.668585
2005		1.668585
2006		1.283527
2007		1.155174
2008		1.668585
2009		1.155174
2010		1.540232
2011		1.283527
2012		1.155174
2013		1.796937
2014		1.283527
2015		1.026821
2016		1.283527
2017		0.898469
2018		0.770116
2019		0.898469
2020		1.026821
2021		0.770116
2022		1.796937
2023		0.770116
2024		2.181995
2025		1.155174
2026		1.026821
2027		1.540232
2028		1.283527
2029		1.155174
2030		1.411879
2031		0.513411
2032		1.283527
2033		0.898469
2034		0.770116
2035		0.898469
2036		0.641763
2037		0.898469
2038		1.540232
2039		0.770116
2040		1.668585
2041		0.898469
2042		1.540232
2043		1.026821
2044		1.026821
2045		0.641763
2046		1.283527
2047		0.641763
2048		1.155174
2049		1.155174
2050		1.668585
2051		1.026821
2052		1.155174
2053		1.155174
2054		1.283527
2055		1.283527
2056		1.411879
2057		2.181995
2058		3.337169
2059		1.411879
2060		0.770116
2061		1.411879
2062		1.026821
2063		1.283527
2064		0.770116
2065		1.540232
2066		0.898469
2067		0.641763
2068		1.155174
2069		0.513411
2070		1.411879
2071		1.026821
2072		1.026821
2073		0.770116
2074		1.026821
2075		0.770116
2076		1.796937
2077		0.641763
2078		0.641763
2079		1.155174
2080		1.026821
2081		0.641763
2082		0.898469
2083		0.385058
2084		0.513411
2085		1.283527
2086		0.385058
2087		0.898469
2088		1.796937
2089		1.283527
2090		2.952111
2091		3.080464
2092		2.695406
2093		1.925290
2094		0.898469
2095		1.026821
2096		0.641763
2097		1.796937
2098		1.155174
2099		1.026821
2100		1.155174
2101		0.641763
2102		0.898469
2103		1.155174
2104		1.026821
2105		1.155174
2106		0.641763
2107		1.411879
2108		0.513411
2109		0.770116
2110		0.641763
2111		1.026821
2112		0.641763
2113		0.898469
2114		0.898469
2115		0.770116
2116		1.026821
2117		0.770116
2118		0.641763
2119		0.898469
2120		0.513411
2121		0.898469
2122		0.513411
2123		0.770116
2124		0.385058
2125		0.898469
2126		0.898469
2127		1.411879
2128		0.641763
2129		1.026821
2130		0.898469
2131		1.026821
2132		0.641763
2133		0.513411
2134		1.026821
2135		0.770116
2136		0.770116
2137		1.283527
2138		1.026821
2139		0.385058
2140		0.770116
2141		0.513411
2142		1.283527
2143		0.770116
2144		0.256705
2145		1.026821
2146		0.513411
2147		1.026821
2148		0.898469
2149		0.641763
2150		0.513411
2151		1.411879
2152		0.898469
2153		0.770116
2154		1.540232
2155		3.465522
2156		3.337169
2157		3.722228
2158		2.310348
2159		0.770116
2160		1.155174
2161		1.026821
2162		0.770116
2163		0.770116
2164		0.770116
2165		0.256705
2166		1.026821
2167		0.256705
2168		0.641763
2169		0.898469
2170		0.641763
2171		0.641763
2172		0.641763
2173		0.256705
2174		0.641763
2175		0.513411
2176		0.770116
2177		0.770116
2178		0.385058
2179		0.128353
2180		1.026821
2181		1.026821
2182		1.026821
2183		0.513411
2184		0.641763
2185		0.385058
2186		0.770116
2187		0.513411
2188		0.256705
2189		0.770116
2190		0.128353
2191		0.898469
2192		0.385058
2193		0.641763
2194		0.641763
2195		0.898469
2196		1.026821
2197		0.770116
2198		0.513411
2199		0.128353
2200		0.385058
2201		0.385058
2202		1.668585
2203		1.026821
2204		0.256705
2205		0.641763
2206		0.385058
2207		0.385058
2208		0.641763
2209		0.385058
2210		0.898469
2211		0.385058
2212		0.385058
2213		0.770116
2214		0.641763
2215		0.513411
2216		0.128353
2217		1.155174
2218		1.155174
2219		0.641763
2220		0.770116
2221		0.641763
2222		0.898469
2223		0.513411
2224		0.256705
2225		0.256705
2226		0.513411
2227		0.128353
2228		0.641763
2229		0.513411
2230		0.513411
2231		0.641763
2232		0.385058
2233		0.385058
2234		0.898469
2235		0.641763
2236		0.385058
2237		0.000000
2238		0.385058
2239		0.128353
2240		0.385058
2241		0.256705
2242		0.256705
2243		0.513411
2244		0.256705
2245		0.770116
2246		0.385058
2247		0.770116
2248		0.256705
2249		0.128353
2250		0.128353
2251		0.385058
2252		0.641763
2253		0.385058
2254		0.513411
2255		0.385058
2256		0.256705
2257		0.385058
2258		0.513411
2259		0.128353
2260		0.256705
2261		0.513411
2262		1.540232
2263		3.208817
2264		3.722228
2265		3.850580
2266		1.155174
2267		0.770116
2268		0.641763
2269		0.513411
2270		0.513411
2271		0.256705
2272		0.385058
2273		0.513411
2274		0.256705
2275		0.898469
2276		0.256705
2277		0.385058
2278		0.256705
2279		0.128353
2280		0.385058
2281		0.256705
2282		0.256705
2283		0.256705
2284		0.128353
2285		0.641763
2286		0.256705
2287		0.641763
2288		0.256705
2289		0.513411
2290		0.385058
2291		0.641763
2292		0.385058
2293		0.770116
2294		0.256705
2295		0.128353
2296		0.256705
2297		0.385058
2298		0.770116
2299		0.128353
2300		0.128353
2301		0.128353
2302		0.385058
2303		0.128353
2304		0.513411
2305		0.000000
2306		0.000000
2307		0.641763
2308		0.513411
2309		0.128353
2310		0.128353
2311		0.641763
2312		0.513411
2313		0.513411
2314		0.128353
2315		0.385058
2316		0.128353
2317		0.128353
2318		0.256705
2319		0.128353
2320		0.385058
2321		0.513411
2322		0.385058
2323		0.256705
2324		0.385058
2325		0.128353
2326		0.385058
2327		0.000000
2328		0.385058
2329		0.128353
2330		0.000000
2331		0.000000
2332		0.256705
2333		0.256705
2334		0.128353
2335		0.128353
2336		0.128353
2337		0.000000
2338		0.128353
2339		0.000000
2340		0.000000
2341		0.128353
2342		0.000000
2343		0.000000
2344		0.000000
2345		0.000000
2346		0.000000
2347		0.000000
2348		0.000000
2349		0.000000
2350		0.000000
2351		0.000000
2352		0.000000
2353		0.000000
2354		0.000000
2355		0.000000
2356		0.000000
2357		0.000000
2358		0.000000
2359		0.000000
2360		0.000000
2361		0.000000
2362		0.000000
2363		0.000000
2364		0.000000
2365		0.000000
2366		0.000000
2367		0.000000
2368		0.000000
2369		0.000000
2370		0.000000
2371		0.000000
2372		0.000000
2373		0.000000
2374		0.000000
2375		0.000000
2376		0.000000
2377		0.000000
2378		0.000000
2379		0.000000
2380		0.000000
2381		0.000000
2382		0.000000
2383		0.000000
2384		0.000000
2385		0.000000
2386		0.000000
2387		0.000000
2388		0.000000
2389		0.000000
2390		0.000000
2391		0.000000
2392		0.000000
2393		0.000000
2394		0.000000
2395		0.000000
2396		0.000000
2397		0.000000
2398		0.000000
2399		0.000000
2400		0.000000
2401		0.000000
2402		0.000000
2403		0.000000
2404		0.000000
2405		0.000000
2406		0.000000
2407		0.000000
2408		0.000000
2409		0.000000
2410		0.000000
2411		0.000000
2412		0.000000
2413		0.000000
2414		0.000000
2415		0.000000
2416		0.000000
2417		0.000000
2418		0.000000
2419		0.000000
2420		0.000000
2421		0.000000
2422		0.000000
2423		0.000000
2424		0.000000
2425		0.000000
2426		0.000000
2427		0.000000
2428		0.000000
2429		0.000000
2430		0.000000
2431		0.000000
2432		0.000000
2433		0.000000
2434		0.000000
2435		0.000000
2436		0.000000
2437		0.000000
2438		0.000000
2439		0.000000
2440		0.000000
2441		0.000000
2442		0.000000
2443		0.000000
2444		0.000000
2445		0.000000
2446		0.000000
2447		0.000000
2448		0.000000
2449		0.000000
2450		0.000000
2451		0.000000
2452		0.000000
2453		0.000000
2454		0.000000
2455		0.000000
2456		0.000000
2457		0.000000
2458		0.000000
2459		0.000000
2460		0.000000
2461		0.000000
2462		0.000000
2463		0.000000
2464		0.000000
2465		0.000000
2466		0.000000
2467		0.000000
2468		0.000000
2469		0.000000
2470		0.000000
2471		0.000000
2472		0.000000
2473		0.000000
2474		0.000000
2475		0.000000
2476		0.000000
2477		0.000000
2478		0.000000
2479		0.000000
2480		0.000000
2481		0.000000
2482		0.000000
2483		0.000000
2484		0.000000
2485		0.000000
2486		0.000000
2487		0.000000
2488		0.000000
2489		0.000000
2490		0.000000
2491		0.000000
2492		0.000000
2493		0.000000
2494		0.000000
2495		0.000000
2496		0.000000
2497		0.000000
2498		0.000000
2499		0.000000
2500		0.000000
2501		0.000000
2502		0.000000
2503		0.000000
2504		0.000000
2505		0.000000
2506		0.000000
2507		0.000000
2508		0.000000
2509		0.000000
2510		0.000000
2511		0.000000
2512		0.000000
2513		0.000000
2514		0.000000
2515		0.000000
2516		0.000000
2517		0.000000
2518		0.000000
2519		0.000000
2520		0.000000
2521		0.000000
2522		0.000000
2523		0.000000
2524		0.000000
2525		0.000000
2526		0.000000
2527		0.000000
2528		0.000000
2529		0.000000
2530		0.000000
2531		0.000000
2532		0.000000
2533		0.000000
2534		0.000000
2535		0.000000
2536		0.000000
2537		0.000000
2538		0.000000
2539		0.000000
2540		0.000000
2541		0.000000
2542		0.000000
2543		0.000000
2544		0.000000
2545		0.000000
2546		0.000000
2547		0.000000
2548		0.000000
2549		0.000000
2550		0.000000
2551		0.000000
2552		0.000000
2553		0.000000
2554		0.000000
2555		0.000000
2556		0.000000
2557		0.000000
2558		0.000000
2559		0.000000
2560		0.000000
2561		0.000000
2562		0.000000
2563		0.000000
2564		0.000000
2565		0.000000
2566		0.000000
2567		0.000000
2568		0.000000
2569		0.000000
2570		0.000000
2571		0.000000
2572		0.000000
2573		0.000000
2574		0.000000
2575		0.000000
2576		0.000000
2577		0.000000
2578		0.000000
2579		0.000000
2580		0.000000
2581		0.000000
2582		0.000000
2583		0.000000
2584		0.000000
2585		0.000000
2586		0.000000
2587		0.000000
2588		0.000000
2589		0.000000
2590		0.000000
2591		0.000000
2592		0.000000
2593		0.000000
2594		0.000000
2595		0.000000
2596		0.000000
2597		0.000000
2598		0.000000
2599		0.000000
2600		0.000000
2601		0.000000
2602		0.000000
2603		0.000000
2604		0.000000
2605		0.000000
2606		0.000000
2607		0.000000
2608		0.000000
2609		0.000000
2610		0.000000
2611		0.000000
2612		0.000000
2613		0.000000
2614		0.000000
2615		0.000000
2616		0.000000
2617		0.000000
2618		0.000000
2619		0.000000
2620		0.000000
2621		0.000000
2622		0.000000
2623		0.000000
2624		0.000000
2625		0.000000
2626		0.000000
2627		0.000000
2628		0.000000
2629		0.000000
2630		0.000000
2631		0.000000
2632		0.000000
2633		0.000000
2634		0.000000
2635		0.000000
2636		0.000000
2637		0.000000
2638		0.000000
2639		0.000000
2640		0.000000
2641		0.000000
2642		0.000000
2643		0.000000
2644		0.000000
2645		0.000000
2646		0.000000
2647		0.000000
2648		0.000000
2649		0.000000
2650		0.000000
2651		0.000000
2652		0.000000
2653		0.000000
2654		0.000000
2655		0.000000
2656		0.000000
2657		0.000000
2658		0.000000
2659		0.000000
2660		0.000000
2661		0.000000
2662		0.000000
2663		0.000000
2664		0.000000
2665		0.000000
2666		0.000000
2667		0.000000
2668		0.000000
2669		0.000000
2670		0.000000
2671		0.000000
2672		0.000000
2673		0.000000
2674		0.000000
2675		0.000000
2676		0.000000
2677		0.000000
2678		0.000000
2679		0.000000
2680		0.000000
2681		0.000000
2682		0.000000
2683		0.000000
2684		0.000000
2685		0.000000
2686		0.000000
2687		0.000000
2688		0.000000
2689		0.000000
2690		0.000000
2691		0.000000
2692		0.000000
2693		0.000000
2694		0.000000
2695		0.000000
2696		0.000000
2697		0.000000
2698		0.000000
2699		0.000000
2700		0.000000
2701		0.000000
2702		0.000000
2703		0.000000
2704		0.000000
2705		0.000000
2706		0.000000
2707		0.000000
2708		0.000000
2709		0.000000
2710		0.000000
2711		0.000000
2712		0.000000
2713		0.000000
2714		0.000000
2715		0.000000
2716		0.000000
2717		0.000000
2718		0.000000
2719		0.000000
2720		0.000000
2721		0.000000
2722		0.000000
2723		0.000000
2724		0.000000
2725		0.000000
2726		0.000000
2727		0.000000
2728		0.000000
2729		0.000000
2730		0.000000
2731		0.000000
2732		0.000000
2733		0.000000
2734		0.000000
2735		0.000000
2736		0.000000
2737		0.000000
2738		0.000000
2739		0.000000
2740		0.000000
2741		0.000000
2742		0.000000
2743		0.000000
2744		0.000000
2745		0.000000
2746		0.000000
2747		0.000000
2748		0.000000
2749		0.000000
2750		0.000000
2751		0.000000
2752		0.000000
2753		0.000000
2754		0.000000
2755		0.000000
2756		0.000000
2757		0.000000
2758		0.000000
2759		0.000000
2760		0.000000
2761		0.000000
2762		0.000000
2763		0.000000
2764		0.000000
2765		0.000000
2766		0.000000
2767		0.000000
2768		0.000000
2769		0.000000
2770		0.000000
2771		0.000000
2772		0.000000
2773		0.000000
2774		0.000000
2775		0.000000
2776		0.000000
2777		0.000000
2778		0.000000
2779		0.000000
2780		0.000000
2781		0.000000
2782		0.000000
2783		0.000000
2784		0.000000
2785		0.000000
2786		0.000000
2787		0.000000
2788		0.000000
2789		0.000000
2790		0.000000
2791		0.000000
2792		0.000000
2793		0.000000
2794		0.000000
2795		0.000000
2796		0.000000
2797		0.000000
2798		0.000000
2799		0.000000
2800		0.000000
2801		0.000000
2802		0.000000
2803		0.000000
2804		0.000000
2805		0.000000
2806		0.000000
2807		0.000000
2808		0.000000
2809		0.000000
2810		0.000000
2811		0.000000
2812		0.000000
2813		0.000000
2814		0.000000
2815		0.000000
2816		0.000000
2817		0.000000
2818		0.000000
2819		0.000000
2820		0.000000
2821		0.000000
2822		0.000000
2823		0.000000
2824		0.000000
2825		0.000000
2826		0.000000
2827		0.000000
2828		0.000000
2829		0.000000
2830		0.000000
2831		0.000000
2832		0.000000
2833		0.000000
2834		0.000000
2835		0.000000
2836		0.000000
2837		0.000000
2838		0.000000
2839		0.000000
2840		0.000000
2841		0.000000
2842		0.000000
2843		0.000000
2844		0.000000
2845		0.000000
2846		0.000000
2847		0.000000
2848		0.000000
2849		0.000000
2850		0.000000
2851		0.000000
2852		0.000000
2853		0.000000
2854		0.000000
2855		0.000000
2856		0.000000
2857		0.000000
2858		0.000000
2859		0.000000
2860		0.000000
2861		0.000000
2862		0.000000
2863		0.000000
2864		0.000000
2865		0.000000
2866		0.000000
2867		0.000000
2868		0.000000
2869		0.000000
2870		0.000000
2871		0.000000
2872		0.000000
2873		0.000000
2874		0.000000
2875		0.000000
2876		0.000000
2877		0.000000
2878		0.000000
2879		0.000000
2880		0.000000
2881		0.000000
2882		0.000000
2883		0.000000
2884		0.000000
2885		0.000000
2886		0.000000
2887		0.000000
2888		0.000000
2889		0.000000
2890		0.000000
2891		0.000000
2892		0.000000
2893		0.000000
2894		0.000000
2895		0.000000
2896		0.000000
2897		0.000000
2898		0.000000
2899		0.000000
2900		0.000000
2901		0.000000
2902		0.000000
2903		0.000000
2904		0.000000
2905		0.000000
2906		0.000000
2907		0.000000
2908		0.000000
2909		0.000000
2910		0.000000
2911		0.000000
2912		0.000000
2913		0.000000
2914		0.000000
2915		0.000000
2916		0.000000
2917		0.000000
2918		0.000000
2919		0.000000
2920		0.000000
2921		0.000000
2922		0.000000
2923		0.000000
2924		0.000000
2925		0.000000
2926		0.000000
2927		0.000000
2928		0.000000
2929		0.000000
2930		0.000000
2931		0.000000
2932		0.000000
2933		0.000000
2934		0.000000
2935		0.000000
2936		0.000000
2937		0.000000
2938		0.000000
2939		0.000000
2940		0.000000
2941		0.000000
2942		0.000000
2943		0.000000
2944		0.000000
2945		0.000000
2946		0.000000
2947		0.000000
2948		0.000000
2949		0.000000
2950		0.000000
2951		0.000000
2952		0.000000
2953		0.000000
2954		0.000000
2955		0.000000
2956		0.000000
2957		0.000000
2958		0.000000
2959		0.000000
2960		0.000000
2961		0.000000
2962		0.000000
2963		0.000000
2964		0.000000
2965		0.000000
2966		0.000000
2967		0.000000
2968		0.000000
2969		0.000000
2970		0.000000
2971		0.000000
2972		0.000000
2973		0.000000
2974		0.000000
2975		0.000000
2976		0.000000
2977		0.000000
2978		0.000000
2979		0.000000
2980		0.000000
2981		0.000000
2982		0.000000
2983		0.000000
2984		0.000000
2985		0.000000
2986		0.000000
2987		0.000000
2988		0.000000
2989		0.000000
2990		0.000000
2991		0.000000
2992		0.000000
2993		0.000000
2994		0.000000
2995		0.000000
2996		0.000000
2997		0.000000
2998		0.000000
2999		0.000000
3000		0.000000
3001		0.000000
3002		0.000000
3003		0.000000
3004		0.000000
3005		0.000000
3006		0.000000
3007		0.000000
3008		0.000000
3009		0.000000
3010		0.000000
3011		0.000000
3012		0.000000
3013		0.000000
3014		0.000000
3015		0.000000
3016		0.000000
3017		0.000000
3018		0.000000
3019		0.000000
3020		0.000000
3021		0.000000
3022		0.000000
3023		0.000000
3024		0.000000
3025		0.000000
3026		0.000000
3027		0.000000
3028		0.000000
3029		0.000000
3030		0.000000
3031		0.000000
3032		0.000000
3033		0.000000
3034		0.000000
3035		0.000000
3036		0.000000
3037		0.000000
3038		0.000000
3039		0.000000
3040		0.000000
3041		0.000000
3042		0.000000
3043		0.000000
3044		0.000000
3045		0.000000
3046		0.000000
3047		0.000000
3048		0.000000
3049		0.000000
3050		0.000000
3051		0.000000
3052		0.000000
3053		0.000000
3054		0.000000
3055		0.000000
3056		0.000000
3057		0.000000
3058		0.000000
3059		0.000000
3060		0.000000
3061		0.000000
3062		0.000000
3063		0.000000
3064		0.000000
3065		0.000000
3066		0.000000
3067		0.000000
3068		0.000000
3069		0.000000
3070		0.000000
3071		0.000000
3072		0.000000
3073		0.000000
3074		0.000000
3075		0.000000
3076		0.000000
3077		0.000000
3078		0.000000
3079		0.000000
3080		0.000000
3081		0.000000
3082		0.000000
3083		0.000000
3084		0.000000
3085		0.000000
3086		0.000000
3087		0.000000
3088		0.000000
3089		0.000000
3090		0.000000
3091		0.000000
3092		0.000000
3093		0.000000
3094		0.000000
3095		0.000000
3096		0.000000
3097		0.000000
3098		0.000000
3099		0.000000
3100		0.000000
3101		0.000000
3102		0.000000
3103		0.000000
3104		0.000000
3105		0.000000
3106		0.000000
3107		0.000000
3108		0.000000
3109		0.000000
3110		0.000000
3111		0.000000
3112		0.000000
3113		0.000000
3114		0.000000
3115		0.000000
3116		0.000000
3117		0.000000
3118		0.000000
3119		0.000000
3120		0.000000
3121		0.000000
3122		0.000000
3123		0.000000
3124		0.000000
3125		0.000000
3126		0.000000
3127		0.000000
3128		0.000000
3129		0.000000
3130		0.000000
3131		0.000000
3132		0.000000
3133		0.000000
3134		0.000000
3135		0.000000
3136		0.000000
3137		0.000000
3138		0.000000
3139		0.000000
3140		0.000000
3141		0.000000
3142		0.000000
3143		0.000000
3144		0.000000
3145		0.000000
3146		0.000000
3147		0.000000
3148		0.000000
3149		0.000000
3150		0.000000
3151		0.000000
3152		0.000000
3153		0.000000
3154		0.000000
3155		0.000000
3156		0.000000
3157		0.000000
3158		0.000000
3159		0.000000
3160		0.000000
3161		0.000000
3162		0.000000
3163		0.000000
3164		0.000000
3165		0.000000
3166		0.000000
3167		0.000000
3168		0.000000
3169		0.000000
3170		0.000000
3171		0.000000
3172		0.000000
3173		0.000000
3174		0.000000
3175		0.000000
3176		0.000000
3177		0.000000
3178		0.000000
3179		0.000000
3180		0.000000
3181		0.000000
3182		0.000000
3183		0.000000
3184		0.000000
3185		0.000000
3186		0.000000
3187		0.000000
3188		0.000000
3189		0.000000
3190		0.000000
3191		0.000000
3192		0.000000
3193		0.000000
3194		0.000000
3195		0.000000
3196		0.000000
3197		0.000000
3198		0.000000
3199		0.000000
3200		0.000000
3201		0.000000
3202		0.000000
3203		0.000000
3204		0.000000
3205		0.000000
3206		0.000000
3207		0.000000
3208		0.000000
3209		0.000000
3210		0.000000
3211		0.000000
3212		0.000000
3213		0.000000
3214		0.000000
3215		0.000000
3216		0.000000
3217		0.000000
3218		0.000000
3219		0.000000
3220		0.000000
3221		0.000000
3222		0.000000
3223		0.000000
3224		0.000000
3225		0.000000
3226		0.000000
3227		0.000000
3228		0.000000
3229		0.000000
3230		0.000000
3231		0.000000
3232		0.000000
3233		0.000000
3234		0.000000
3235		0.000000
3236		0.000000
3237		0.000000
3238		0.000000
3239		0.000000
3240		0.000000
3241		0.000000
3242		0.000000
3243		0.000000
3244		0.000000
3245		0.000000
3246		0.000000
3247		0.000000
3248		0.000000
3249		0.000000
3250		0.000000
3251		0.000000
3252		0.000000
3253		0.000000
3254		0.000000
3255		0.000000
3256		0.000000
3257		0.000000
3258		0.000000
3259		0.000000
3260		0.000000
3261		0.000000
3262		0.000000
3263		0.000000
3264		0.000000
3265		0.000000
3266		0.000000
3267		0.000000
3268		0.000000
3269		0.000000
3270		0.000000
3271		0.000000
3272		0.000000
3273		0.000000
3274		0.000000
3275		0.000000
3276		0.000000
3277		0.000000
3278		0.000000
3279		0.000000
3280		0.000000
3281		0.000000
3282		0.000000
3283		0.000000
3284		0.000000
3285		0.000000
3286		0.000000
3287		0.000000
3288		0.000000
3289		0.000000
3290		0.000000
3291		0.000000
3292		0.000000
3293		0.000000
3294		0.000000
3295		0.000000
3296		0.000000
3297		0.000000
3298		0.000000
3299		0.000000
3300		0.000000
3301		0.000000
3302		0.000000
3303		0.000000
3304		0.000000
3305		0.000000
3306		0.000000
3307		0.000000
3308		0.000000
3309		0.000000
3310		0.000000
3311		0.000000
3312		0.000000
3313		0.000000
3314		0.000000
3315		0.000000
3316		0.000000
3317		0.000000
3318		0.000000
3319		0.000000
3320		0.000000
3321		0.000000
3322		0.000000
3323		0.000000
3324		0.000000
3325		0.000000
3326		0.000000
3327		0.000000
3328		0.000000
3329		0.000000
3330		0.000000
3331		0.000000
3332		0.000000
3333		0.000000
3334		0.000000
3335		0.000000
3336		0.000000
3337		0.000000
3338		0.000000
3339		0.000000
3340		0.000000
3341		0.000000
3342		0.000000
3343		0.000000
3344		0.000000
3345		0.000000
3346		0.000000
3347		0.000000
3348		0.000000
3349		0.000000
3350		0.000000
3351		0.000000
3352		0.000000
3353		0.000000
3354		0.000000
3355		0.000000
3356		0.000000
3357		0.000000
3358		0.000000
3359		0.000000
3360		0.000000
3361		0.000000
3362		0.000000
3363		0.000000
3364		0.000000
3365		0.000000
3366		0.000000
3367		0.000000
3368		0.000000
3369		0.000000
3370		0.000000
3371		0.000000
3372		0.000000
3373		0.000000
3374		0.000000
3375		0.000000
3376		0.000000
3377		0.000000
3378		0.000000
3379		0.000000
3380		0.000000
3381		0.000000
3382		0.000000
3383		0.000000
3384		0.000000
3385		0.000000
3386		0.000000
3387		0.000000
3388		0.000000
3389		0.000000
3390		0.000000
3391		0.000000
3392		0.000000
3393		0.000000
3394		0.000000
3395		0.000000
3396		0.000000
3397		0.000000
3398		0.000000
3399		0.000000
3400		0.000000
3401		0.000000
3402		0.000000
3403		0.000000
3404		0.000000
3405		0.000000
3406		0.000000
3407		0.000000
3408		0.000000
3409		0.000000
3410		0.000000
3411		0.000000
3412		0.000000
3413		0.000000
3414		0.000000
3415		0.000000
3416		0.000000
3417		0.000000
3418		0.000000
3419		0.000000
3420		0.000000
3421		0.000000
3422		0.000000
3423		0.000000
3424		0.000000
3425		0.000000
3426		0.000000
3427		0.000000
3428		0.000000
3429		0.000000
3430		0.000000
3431		0.000000
3432		0.000000
3433		0.000000
3434		0.000000
3435		0.000000
3436		0.000000
3437		0.000000
3438		0.000000
3439		0.000000
3440		0.000000
3441		0.000000
3442		0.000000
3443		0.000000
3444		0.000000
3445		0.000000
3446		0.000000
3447		0.000000
3448		0.000000
3449		0.000000
3450		0.000000
3451		0.000000
3452		0.000000
3453		0.000000
3454		0.000000
3455		0.000000
3456		0.000000
3457		0.000000
3458		0.000000
3459		0.000000
3460		0.000000
3461		0.000000
3462		0.000000
3463		0.000000
3464		0.000000
3465		0.000000
3466		0.000000
3467		0.000000
3468		0.000000
3469		0.000000
3470		0.000000
3471		0.000000
3472		0.000000
3473		0.000000
3474		0.000000
3475		0.000000
3476		0.000000
3477		0.000000
3478		0.000000
3479		0.000000
3480		0.000000
3481		0.000000
3482		0.000000
3483		0.000000
3484		0.000000
3485		0.000000
3486		0.000000
3487		0.000000
3488		0.000000
3489		0.000000
3490		0.000000
3491		0.000000
3492		0.000000
3493		0.000000
3494		0.000000
3495		0.000000
3496		0.000000
3497		0.000000
3498		0.000000
3499		0.000000
3500		0.000000
3501		0.000000
3502		0.000000
3503		0.000000
3504		0.000000
3505		0.000000
3506		0.000000
3507		0.000000
3508		0.000000
3509		0.000000
3510		0.000000
3511		0.000000
3512		0.000000
3513		0.000000
3514		0.000000
3515		0.000000
3516		0.000000
3517		0.000000
3518		0.000000
3519		0.000000
3520		0.000000
3521		0.000000
3522		0.000000
3523		0.000000
3524		0.000000
3525		0.000000
3526		0.000000
3527		0.000000
3528		0.000000
3529		0.000000
3530		0.000000
3531		0.000000
3532		0.000000
3533		0.000000
3534		0.000000
3535		0.000000
3536		0.000000
3537		0.000000
3538		0.000000
3539		0.000000
3540		0.000000
3541		0.000000
3542		0.000000
3543		0.000000
3544		0.000000
3545		0.000000
3546		0.000000
3547		0.000000
3548		0.000000
3549		0.000000
3550		0.000000
3551		0.000000
3552		0.000000
3553		0.000000
3554		0.000000
3555		0.000000
3556		0.000000
3557		0.000000
3558		0.000000
3559		0.000000
3560		0.000000
3561		0.000000
3562		0.000000
3563		0.000000
3564		0.000000
3565		0.000000
3566		0.000000
3567		0.000000
3568		0.000000
3569		0.000000
3570		0.000000
3571		0.000000
3572		0.000000
3573		0.000000
3574		0.000000
3575		0.000000
3576		0.000000
3577		0.000000
3578		0.000000
3579		0.000000
3580		0.000000
3581		0.000000
3582		0.000000
3583		0.000000
3584		0.000000
3585		0.000000
3586		0.000000
3587		0.000000
3588		0.000000
3589		0.000000
3590		0.000000
3591		0.000000
3592		0.000000
3593		0.000000
3594		0.000000
3595		0.000000
3596		0.000000
3597		0.000000
3598		0.000000
3599		0.000000
3600		0.000000
3601		0.000000
3602		0.000000
3603		0.000000
3604		0.000000
3605		0.000000
3606		0.000000
3607		0.000000
3608		0.000000
3609		0.000000
3610		0.000000
3611		0.000000
3612		0.000000
3613		0.000000
3614		0.000000
3615		0.000000
3616		0.000000
3617		0.000000
3618		0.000000
3619		0.000000
3620		0.000000
3621		0.000000
3622		0.000000
3623		0.000000
3624		0.000000
3625		0.000000
3626		0.000000
3627		0.000000
3628		0.000000
3629		0.000000
3630		0.000000
3631		0.000000
3632		0.000000
3633		0.000000
3634		0.000000
3635		0.000000
3636		0.000000
3637		0.000000
3638		0.000000
3639		0.000000
3640		0.000000
3641		0.000000
3642		0.000000
3643		0.000000
3644		0.000000
3645		0.000000
3646		0.000000
3647		0.000000
3648		0.000000
3649		0.000000
3650		0.000000
3651		0.000000
3652		0.000000
3653		0.000000
3654		0.000000
3655		0.000000
3656		0.000000
3657		0.000000
3658		0.000000
3659		0.000000
3660		0.000000
3661		0.000000
3662		0.000000
3663		0.000000
3664		0.000000
3665		0.000000
3666		0.000000
3667		0.000000
3668		0.000000
3669		0.000000
3670		0.000000
3671		0.000000
3672		0.000000
3673		0.000000
3674		0.000000
3675		0.000000
3676		0.000000
3677		0.000000
3678		0.000000
3679		0.000000
3680		0.000000
3681		0.000000
3682		0.000000
3683		0.000000
3684		0.000000
3685		0.000000
3686		0.000000
3687		0.000000
3688		0.000000
3689		0.000000
3690		0.000000
3691		0.000000
3692		0.000000
3693		0.000000
3694		0.000000
3695		0.000000
3696		0.000000
3697		0.000000
3698		0.000000
3699		0.000000
3700		0.000000
3701		0.000000
3702		0.000000
3703		0.000000
3704		0.000000
3705		0.000000
3706		0.000000
3707		0.000000
3708		0.000000
3709		0.000000
3710		0.000000
3711		0.000000
3712		0.000000
3713		0.000000
3714		0.000000
3715		0.000000
3716		0.000000
3717		0.000000
3718		0.000000
3719		0.000000
3720		0.000000
3721		0.000000
3722		0.000000
3723		0.000000
3724		0.000000
3725		0.000000
3726		0.000000
3727		0.000000
3728		0.000000
3729		0.000000
3730		0.000000
3731		0.000000
3732		0.000000
3733		0.000000
3734		0.000000
3735		0.000000
3736		0.000000
3737		0.000000
3738		0.000000
3739		0.000000
3740		0.000000
3741		0.000000
3742		0.000000
3743		0.000000
3744		0.000000
3745		0.000000
3746		0.000000
3747		0.000000
3748		0.000000
3749		0.000000
3750		0.000000
3751		0.000000
3752		0.000000
3753		0.000000
3754		0.000000
3755		0.000000
3756		0.000000
3757		0.000000
3758		0.000000
3759		0.000000
3760		0.000000
3761		0.000000
3762		0.000000
3763		0.000000
3764		0.000000
3765		0.000000
3766		0.000000
3767		0.000000
3768		0.000000
3769		0.000000
3770		0.000000
3771		0.000000
3772		0.000000
3773		0.000000
3774		0.000000
3775		0.000000
3776		0.000000
3777		0.000000
3778		0.000000
3779		0.000000
3780		0.000000
3781		0.000000
3782		0.000000
3783		0.000000
3784		0.000000
3785		0.000000
3786		0.000000
3787		0.000000
3788		0.000000
3789		0.000000
3790		0.000000
3791		0.000000
3792		0.000000
3793		0.000000
3794		0.000000
3795		0.000000
3796		0.000000
3797		0.000000
3798		0.000000
3799		0.000000
3800		0.000000
3801		0.000000
3802		0.000000
3803		0.000000
3804		0.000000
3805		0.000000
3806		0.000000
3807		0.000000
3808		0.000000
3809		0.000000
3810		0.000000
3811		0.000000
3812		0.000000
3813		0.000000
3814		0.000000
3815		0.000000
3816		0.000000
3817		0.000000
3818		0.000000
3819		0.000000
3820		0.000000
3821		0.000000
3822		0.000000
3823		0.000000
3824		0.000000
3825		0.000000
3826		0.000000
3827		0.000000
3828		0.000000
3829		0.000000
3830		0.000000
3831		0.000000
3832		0.000000
3833		0.000000
3834		0.000000
3835		0.000000
3836		0.000000
3837		0.000000
3838		0.000000
3839		0.000000
3840		0.000000
3841		0.000000
3842		0.000000
3843		0.000000
3844		0.000000
3845		0.000000
3846		0.000000
3847		0.000000
3848		0.000000
3849		0.000000
3850		0.000000
3851		0.000000
3852		0.000000
3853		0.000000
3854		0.000000
3855		0.000000
3856		0.000000
3857		0.000000
3858		0.000000
3859		0.000000
3860		0.000000
3861		0.000000
3862		0.000000
3863		0.000000
3864		0.000000
3865		0.000000
3866		0.000000
3867		0.000000
3868		0.000000
3869		0.000000
3870		0.000000
3871		0.000000
3872		0.000000
3873		0.000000
3874		0.000000
3875		0.000000
3876		0.000000
3877		0.000000
3878		0.000000
3879		0.000000
3880		0.000000
3881		0.000000
3882		0.000000
3883		0.000000
3884		0.000000
3885		0.000000
3886		0.000000
3887		0.000000
3888		0.000000
3889		0.000000
3890		0.000000
3891		0.000000
3892		0.000000
3893		0.000000
3894		0.000000
3895		0.000000
3896		0.000000
3897		0.000000
3898		0.000000
3899		0.000000
3900		0.000000
3901		0.000000
3902		0.000000
3903		0.000000
3904		0.000000
3905		0.000000
3906		0.000000
3907		0.000000
3908		0.000000
3909		0.000000
3910		0.000000
3911		0.000000
3912		0.000000
3913		0.000000
3914		0.000000
3915		0.000000
3916		0.000000
3917		0.000000
3918		0.000000
3919		0.000000
3920		0.000000
3921		0.000000
3922		0.000000
3923		0.000000
3924		0.000000
3925		0.000000
3926		0.000000
3927		0.000000
3928		0.000000
3929		0.000000
3930		0.000000
3931		0.000000
3932		0.000000
3933		0.000000
3934		0.000000
3935		0.000000
3936		0.000000
3937		0.000000
3938		0.000000
3939		0.000000
3940		0.000000
3941		0.000000
3942		0.000000
3943		0.000000
3944		0.000000
3945		0.000000
3946		0.000000
3947		0.000000
3948		0.000000
3949		0.000000
3950		0.000000
3951		0.000000
3952		0.000000
3953		0.000000
3954		0.000000
3955		0.000000
3956		0.000000
3957		0.000000
3958		0.000000
3959		0.000000
3960		0.000000
3961		0.000000
3962		0.000000
3963		0.000000
3964		0.000000
3965		0.000000
3966		0.000000
3967		0.000000
3968		0.000000
3969		0.000000
3970		0.000000
3971		0.000000
3972		0.000000
3973		0.000000
3974		0.000000
3975		0.000000
3976		0.000000
3977		0.000000
3978		0.000000
3979		0.000000
3980		0.000000
3981		0.000000
3982		0.000000
3983		0.000000
3984		0.000000
3985		0.000000
3986		0.000000
3987		0.000000
3988		0.000000
3989		0.000000
3990		0.000000
3991		0.000000
3992		0.000000
3993		0.000000
3994		0.000000
3995		0.000000
3996		0.000000
3997		0.000000
3998		0.000000
3999		0.000000
4000		0.000000
4001		0.000000
4002		0.000000
4003		0.000000
4004		0.000000
4005		0.000000
4006		0.000000
4007		0.000000
4008		0.000000
4009		0.000000
4010		0.000000
4011		0.000000
4012		0.000000
4013		0.000000
4014		0.000000
4015		0.000000
4016		0.000000
4017		0.000000
4018		0.000000
4019		0.000000
4020		0.000000
4021		0.000000
4022		0.000000
4023		0.000000
4024		0.000000
4025		0.000000
4026		0.000000
4027		0.000000
4028		0.000000
4029		0.000000
4030		0.000000
4031		0.000000
4032		0.000000
4033		0.000000
4034		0.000000
4035		0.000000
4036		0.000000
4037		0.000000
4038		0.000000
4039		0.000000
4040		0.000000
4041		0.000000
4042		0.000000
4043		0.000000
4044		0.000000
4045		0.000000
4046		0.000000
4047		0.000000
4048		0.000000
4049		0.000000
4050		0.000000
4051		0.000000
4052		0.000000
4053		0.000000
4054		0.000000
4055		0.000000
4056		0.000000
4057		0.000000
4058		0.000000
4059		0.000000
4060		0.000000
4061		0.000000
4062		0.000000
4063		0.000000
4064		0.000000
4065		0.000000
4066		0.000000
4067		0.000000
4068		0.000000
4069		0.000000
4070		0.000000
4071		0.000000
4072		0.000000
4073		0.000000
4074		0.000000
4075		0.000000
4076		0.000000
4077		0.000000
4078		0.000000
4079		0.000000
4080		0.000000
4081		0.000000
4082		0.000000
4083		0.000000
4084		0.000000
4085		0.000000
4086		0.000000
4087		0.000000
4088		0.000000
4089		0.000000
4090		0.000000
4091		0.000000
4092		0.000000
4093		0.000000
4094		0.000000
4095		0.000000
