0		0.000000
1		0.000000
2		0.000000
3		0.000000
4		0.000000
5		0.000000
6		0.000000
7		0.000000
8		0.000000
9		0.000000
10		0.000000
11		0.000000
12		0.000000
13		0.000000
14		0.000000
15		0.000000
16		0.000000
17		0.000000
18		0.000000
19		0.000000
20		0.000000
21		0.000000
22		0.000000
23		0.000000
24		0.000000
25		0.000000
26		0.000000
27		0.000000
28		0.000000
29		0.000000
30		0.000000
31		0.000000
32		0.000000
33		0.000000
34		0.000000
35		0.000000
36		0.000000
37		0.000000
38		0.000000
39		0.000000
40		0.000000
41		0.000000
42		0.000000
43		0.000000
44		0.000000
45		0.000000
46		0.000000
47		0.000000
48		0.000000
49		0.000000
50		0.000000
51		0.000000
52		0.000000
53		0.000000
54		0.000000
55		0.000000
56		0.000000
57		0.000000
58		0.000000
59		0.000000
60		0.000000
61		0.000000
62		0.000000
63		0.000000
64		0.000000
65		0.000000
66		0.000000
67		0.000000
68		0.000000
69		0.000000
70		0.000000
71		0.000000
72		0.000000
73		0.000000
74		0.000000
75		0.000000
76		0.000000
77		0.000000
78		0.000000
79		0.000000
80		0.000000
81		0.000000
82		0.000000
83		0.000000
84		0.000000
85		0.000000
86		0.000000
87		0.000000
88		0.000000
89		0.000000
90		0.000000
91		0.000000
92		0.000000
93		0.000000
94		0.000000
95		0.000000
96		0.000000
97		0.000000
98		0.000000
99		0.000000
100		0.000000
101		0.000000
102		0.000000
103		0.000000
104		0.000000
105		0.000000
106		0.000000
107		0.000000
108		0.000000
109		14878.547852
110		9025.687500
111		255.972687
112		45.222561
113		42.409676
114		45.871689
115		46.629005
116		45.330750
117		51.389275
118		48.468201
119		44.248871
120		48.684578
121		45.655315
122		46.196255
123		43.166992
124		51.497463
125		45.979877
126		50.307396
127		49.117329
128		49.874645
129		46.412628
130		51.172897
131		45.655315
132		52.687531
133		49.333706
134		52.254780
135		48.576389
136		47.927261
137		51.605652
138		55.500416
139		48.900951
140		52.146591
141		51.822025
142		55.067665
143		54.418537
144		51.064713
145		50.956524
146		54.418537
147		56.582298
148		52.687531
149		50.631958
150		57.123238
151		54.851288
152		56.365921
153		55.824982
154		59.827934
155		56.041355
156		63.939075
157		64.804581
158		64.263641
159		64.155457
160		64.263641
161		64.912766
162		64.804581
163		63.722702
164		70.863106
165		65.994652
166		66.968338
167		78.003510
168		74.216934
169		70.322166
170		66.643776
171		69.889412
172		69.023911
173		71.836800
174		66.968338
175		74.000557
176		75.298813
177		75.298813
178		77.029816
179		74.000557
180		72.377739
181		72.161362
182		77.138008
183		77.138008
184		73.784180
185		81.898277
186		72.485924
187		79.734520
188		80.059082
189		73.135056
190		80.708206
191		82.114655
192		91.959755
193		96.287277
194		90.120560
195		99.316536
196		92.933449
197		88.389557
198		91.094254
199		92.825256
200		88.930496
201		95.097206
202		96.179085
203		95.746330
204		100.073853
205		95.097206
206		91.418816
207		97.369156
208		103.211304
209		91.310631
210		88.389557
211		91.310631
212		86.874924
213		86.442169
214		84.386597
215		79.842705
216		81.790085
217		84.278412
218		82.980156
219		75.082436
220		82.331032
221		78.977203
222		78.003510
223		74.757874
224		75.839752
225		76.272507
226		75.839752
227		75.406998
228		70.322166
229		73.892365
230		71.187668
231		68.266594
232		74.541496
233		66.211021
234		73.351425
235		63.722702
236		69.781227
237		70.105789
238		63.073574
239		67.076530
240		65.020958
241		69.132095
242		65.129143
243		64.588203
244		64.696396
245		67.942032
246		64.588203
247		65.778275
248		64.371826
249		64.588203
250		65.886459
251		64.047264
252		62.965385
253		63.614513
254		64.047264
255		58.096928
256		64.047264
257		59.611561
258		58.096928
259		61.775318
260		62.640823
261		65.994652
262		59.070618
263		62.749008
264		61.991695
265		58.529678
266		60.801628
267		60.585251
268		61.126190
269		58.313305
270		64.588203
271		57.664177
272		56.474110
273		58.205116
274		62.316257
275		59.936123
276		58.096928
277		56.690483
278		61.775318
279		62.099880
280		59.395184
281		56.690483
282		58.854244
283		57.880550
284		54.093975
285		57.880550
286		60.801628
287		57.123238
288		60.044312
289		61.558941
290		55.392231
291		56.041355
292		60.368874
293		65.129143
294		56.474110
295		58.529678
296		60.368874
297		54.634914
298		54.418537
299		57.772366
300		53.985786
301		56.690483
302		57.555988
303		54.202160
304		57.988739
305		58.421494
306		56.041355
307		58.854244
308		54.202160
309		59.719746
310		55.175854
311		60.152500
312		56.149544
313		56.906860
314		67.184715
315		150.705811
316		170.504211
317		71.836800
318		59.611561
319		55.824982
320		56.582298
321		54.418537
322		57.015049
323		53.120281
324		57.880550
325		55.500416
326		52.903908
327		57.123238
328		53.985786
329		58.421494
330		62.208069
331		55.716793
332		59.936123
333		57.123238
334		54.851288
335		53.228470
336		55.716793
337		62.640823
338		52.687531
339		57.447800
340		58.421494
341		54.526726
342		58.096928
343		60.693439
344		61.775318
345		56.906860
346		59.503372
347		53.985786
348		59.503372
349		60.368874
350		56.365921
351		56.690483
352		57.880550
353		56.906860
354		65.020958
355		53.985786
356		59.611561
357		57.447800
358		59.827934
359		57.123238
360		58.096928
361		57.447800
362		57.772366
363		56.798672
364		55.500416
365		57.664177
366		58.637867
367		60.260685
368		58.746056
369		60.152500
370		61.991695
371		59.395184
372		61.018002
373		59.503372
374		67.509277
375		60.260685
376		65.778275
377		62.532635
378		63.830891
379		64.912766
380		59.503372
381		63.506325
382		63.398136
383		67.076530
384		62.749008
385		65.345520
386		66.860153
387		67.833839
388		68.374786
389		74.757874
390		76.380692
391		60.477062
392		46.412628
393		71.512230
394		81.790085
395		76.921631
396		71.836800
397		70.971291
398		68.266594
399		69.997604
400		69.456665
401		68.591156
402		71.944984
403		77.246193
404		77.138008
405		74.974251
406		75.947937
407		70.754921
408		63.830891
409		61.234379
410		59.611561
411		60.909813
412		66.319214
413		64.804581
414		64.155457
415		67.184715
416		64.371826
417		67.617470
418		57.772366
419		62.099880
420		60.909813
421		67.076530
422		60.152500
423		64.696396
424		59.719746
425		64.912766
426		61.450756
427		62.640823
428		66.319214
429		64.263641
430		62.208069
431		66.751961
432		60.368874
433		63.289948
434		63.506325
435		63.614513
436		64.047264
437		66.102837
438		66.643776
439		65.129143
440		65.561897
441		67.617470
442		65.237335
443		62.532635
444		63.614513
445		68.482971
446		69.781227
447		65.561897
448		68.050217
449		72.702301
450		70.863106
451		72.594116
452		68.374786
453		56.041355
454		55.284042
455		53.553036
456		55.824982
457		53.553036
458		53.336658
459		55.824982
460		51.064713
461		48.684578
462		48.468201
463		52.687531
464		54.634914
465		50.091019
466		48.360012
467		48.900951
468		45.871689
469		45.979877
470		48.251823
471		46.520817
472		43.383366
473		45.330750
474		47.819073
475		46.088066
476		44.140682
477		42.409676
478		42.301487
479		45.655315
480		45.006187
481		45.979877
482		43.058804
483		44.032494
484		41.327797
485		39.164036
486		91.959755
487		619.051453
488		1353.106689
489		601.416809
490		83.412910
491		34.079205
492		35.269272
493		33.430077
494		36.892090
495		33.321888
496		36.242962
497		35.269272
498		35.052895
499		33.754639
500		34.836517
501		33.430077
502		33.862827
503		35.810211
504		31.049940
505		32.131821
506		32.780949
507		33.754639
508		38.082157
509		32.780949
510		34.836517
511		32.023632
512		36.783901
513		36.242962
514		33.971016
515		33.971016
516		30.509001
517		31.915445
518		31.158129
519		33.213699
520		31.699068
521		32.348198
522		33.754639
523		34.295578
524		31.049940
525		32.564571
526		33.646450
527		31.049940
528		30.617189
529		33.105511
530		34.511955
531		35.810211
532		36.351151
533		45.871689
534		378.008698
535		1518.850586
536		1368.577515
537		284.426117
538		37.324841
539		27.479738
540		32.131821
541		27.587927
542		32.131821
543		28.020678
544		29.859873
545		29.427122
546		30.941753
547		31.699068
548		28.669806
549		29.751686
550		31.699068
551		31.158129
552		31.266317
553		30.076250
554		32.997326
555		45.222561
556		46.088066
557		33.971016
558		32.023632
559		30.400814
560		31.699068
561		32.456383
562		32.672760
563		34.295578
564		31.482693
565		27.804302
566		31.807257
567		31.915445
568		32.240009
569		32.131821
570		32.240009
571		30.509001
572		32.672760
573		31.374504
574		30.509001
575		34.187393
576		32.348198
577		32.348198
578		34.836517
579		31.590881
580		32.780949
581		31.699068
582		31.266317
583		32.997326
584		33.646450
585		33.213699
586		32.997326
587		32.889137
588		34.620144
589		30.725378
590		37.216656
591		32.780949
592		31.590881
593		32.240009
594		35.593834
595		40.786858
596		43.491554
597		43.816120
598		30.617189
599		37.865780
600		41.327797
601		41.652359
602		37.865780
603		36.026588
604		35.485645
605		33.321888
606		32.889137
607		31.807257
608		33.538265
609		34.944706
610		35.593834
611		32.023632
612		34.511955
613		36.459339
614		31.915445
615		33.862827
616		33.105511
617		31.807257
618		30.833565
619		35.593834
620		34.079205
621		36.242962
622		30.509001
623		36.459339
624		38.947662
625		34.728333
626		32.023632
627		36.892090
628		36.351151
629		37.541218
630		32.564571
631		35.485645
632		35.810211
633		35.052895
634		32.023632
635		34.944706
636		35.161083
637		37.108467
638		36.783901
639		36.026588
640		37.865780
641		37.865780
642		36.675713
643		39.488602
644		34.403767
645		37.649406
646		31.266317
647		34.187393
648		37.433029
649		35.593834
650		38.298534
651		36.242962
652		35.269272
653		37.108467
654		39.596790
655		36.026588
656		35.269272
657		37.433029
658		37.433029
659		35.269272
660		38.623096
661		40.678669
662		36.675713
663		37.649406
664		38.298534
665		36.783901
666		37.000278
667		35.810211
668		33.646450
669		38.190346
670		35.485645
671		41.976925
672		37.000278
673		39.272224
674		34.620144
675		37.324841
676		41.003231
677		37.433029
678		36.459339
679		37.541218
680		37.324841
681		35.052895
682		39.704975
683		38.406723
684		37.108467
685		36.351151
686		43.816120
687		33.971016
688		38.731285
689		39.272224
690		39.596790
691		41.976925
692		39.921352
693		43.058804
694		46.953568
695		44.897999
696		44.032494
697		40.462292
698		39.813164
699		41.003231
700		44.357059
701		41.976925
702		39.488602
703		47.819073
704		45.114376
705		43.166992
706		45.655315
707		45.655315
708		44.465248
709		42.950615
710		46.737194
711		49.766457
712		49.117329
713		47.169945
714		48.684578
715		40.137730
716		37.649406
717		36.892090
718		35.593834
719		35.810211
720		37.216656
721		39.704975
722		38.190346
723		33.430077
724		39.272224
725		33.538265
726		37.757595
727		40.029541
728		36.026588
729		37.757595
730		36.567528
731		33.321888
732		38.406723
733		37.973969
734		34.295578
735		39.488602
736		35.485645
737		38.082157
738		31.915445
739		33.862827
740		32.997326
741		38.731285
742		43.491554
743		39.164036
744		35.593834
745		33.430077
746		33.430077
747		33.971016
748		31.266317
749		32.023632
750		29.210747
751		31.482693
752		32.240009
753		30.076250
754		34.620144
755		31.158129
756		30.941753
757		34.079205
758		35.052895
759		32.023632
760		32.780949
761		56.365921
762		81.790085
763		58.962433
764		36.675713
765		30.509001
766		31.049940
767		29.968061
768		30.184437
769		32.889137
770		28.128866
771		29.102558
772		29.427122
773		27.804302
774		32.780949
775		31.915445
776		28.345242
777		28.345242
778		26.614235
779		29.859873
780		30.076250
781		28.994370
782		29.102558
783		32.023632
784		28.128866
785		27.696115
786		31.266317
787		30.509001
788		31.049940
789		29.210747
790		31.158129
791		30.617189
792		33.430077
793		28.777994
794		30.725378
795		29.427122
796		29.643497
797		29.643497
798		31.266317
799		35.052895
800		48.035450
801		82.331032
802		155.249710
803		275.121948
804		363.944244
805		399.429901
806		348.473389
807		246.884903
808		136.857758
809		75.947937
810		44.573433
811		38.298534
812		29.102558
813		30.184437
814		33.754639
815		30.833565
816		33.105511
817		29.535309
818		33.321888
819		31.158129
820		33.971016
821		33.105511
822		32.780949
823		33.646450
824		33.430077
825		34.403767
826		34.295578
827		35.052895
828		31.807257
829		37.108467
830		37.000278
831		33.862827
832		35.052895
833		36.892090
834		28.561619
835		36.134773
836		32.564571
837		37.000278
838		32.889137
839		36.134773
840		35.269272
841		37.108467
842		31.590881
843		31.807257
844		33.754639
845		37.324841
846		31.482693
847		34.836517
848		33.971016
849		32.456383
850		34.511955
851		34.728333
852		33.213699
853		34.187393
854		37.865780
855		36.892090
856		34.187393
857		34.187393
858		36.675713
859		32.240009
860		38.947662
861		36.351151
862		36.134773
863		36.351151
864		36.242962
865		37.000278
866		37.973969
867		41.868736
868		38.947662
869		39.055851
870		38.839474
871		41.652359
872		44.032494
873		41.544170
874		41.111420
875		40.570480
876		38.406723
877		31.049940
878		35.702023
879		30.617189
880		32.564571
881		31.915445
882		34.295578
883		33.430077
884		29.102558
885		30.509001
886		28.020678
887		32.456383
888		35.593834
889		34.079205
890		27.046988
891		31.590881
892		31.699068
893		30.400814
894		30.725378
895		32.564571
896		34.944706
897		30.833565
898		29.427122
899		30.725378
900		29.318933
901		29.318933
902		27.155174
903		28.453430
904		26.938799
905		26.506046
906		29.643497
907		27.263363
908		28.994370
909		27.804302
910		25.315979
911		28.128866
912		30.076250
913		51.605652
914		103.752243
915		97.260963
916		45.222561
917		23.801348
918		26.614235
919		22.070341
920		22.178530
921		20.447521
922		20.231146
923		23.693161
924		21.204838
925		25.532356
926		20.772085
927		18.391951
928		22.611280
929		21.962152
930		21.745777
931		18.283764
932		21.853966
933		20.555710
934		27.587927
935		32.780949
936		26.073296
937		22.178530
938		19.365643
939		21.204838
940		20.447521
941		19.690207
942		19.906582
943		17.959200
944		20.122959
945		19.690207
946		19.041079
947		20.663898
948		20.339334
949		18.283764
950		17.201883
951		19.149267
952		17.310072
953		18.391951
954		20.663898
955		17.959200
956		18.283764
957		18.500139
958		19.473831
959		20.122959
960		16.660944
961		18.608328
962		19.473831
963		17.742823
964		19.257454
965		17.310072
966		41.760548
967		274.148254
968		836.941956
969		936.691223
970		352.259949
971		63.939075
972		19.257454
973		15.579064
974		19.257454
975		17.310072
976		19.473831
977		19.041079
978		18.932890
979		18.932890
980		17.742823
981		17.526447
982		20.663898
983		18.824703
984		20.231146
985		17.634636
986		16.985508
987		21.096649
988		17.201883
989		21.853966
990		18.716515
991		17.959200
992		18.716515
993		22.611280
994		18.500139
995		17.418259
996		17.310072
997		16.769133
998		19.041079
999		19.798395
1000		19.690207
1001		20.988462
1002		18.500139
1003		21.529402
1004		19.257454
1005		18.500139
1006		19.149267
1007		18.283764
1008		17.634636
1009		19.149267
1010		20.880274
1011		21.096649
1012		22.503094
1013		21.204838
1014		22.286716
1015		19.365643
1016		18.824703
1017		20.014771
1018		16.769133
1019		20.880274
1020		20.447521
1021		18.932890
1022		22.394905
1023		21.962152
1024		19.906582
1025		21.745777
1026		21.962152
1027		19.473831
1028		20.014771
1029		17.634636
1030		23.476784
1031		17.418259
1032		19.906582
1033		18.824703
1034		17.851011
1035		18.067387
1036		20.988462
1037		22.178530
1038		17.418259
1039		22.611280
1040		19.149267
1041		20.014771
1042		18.608328
1043		20.988462
1044		20.231146
1045		20.014771
1046		19.690207
1047		19.365643
1048		21.853966
1049		20.014771
1050		22.178530
1051		20.122959
1052		19.690207
1053		19.149267
1054		21.529402
1055		23.260408
1056		17.851011
1057		18.932890
1058		24.125912
1059		20.447521
1060		23.584972
1061		20.555710
1062		20.880274
1063		21.962152
1064		21.421213
1065		22.719469
1066		20.231146
1067		18.716515
1068		18.824703
1069		20.772085
1070		19.473831
1071		17.959200
1072		17.742823
1073		18.824703
1074		20.555710
1075		17.093697
1076		19.906582
1077		18.500139
1078		19.798395
1079		16.660944
1080		16.228191
1081		19.149267
1082		20.988462
1083		20.555710
1084		17.418259
1085		18.824703
1086		17.634636
1087		19.690207
1088		18.500139
1089		19.041079
1090		19.473831
1091		19.690207
1092		21.962152
1093		21.204838
1094		18.608328
1095		19.041079
1096		16.120005
1097		19.690207
1098		23.152222
1099		18.283764
1100		17.634636
1101		19.473831
1102		20.447521
1103		17.418259
1104		17.959200
1105		19.798395
1106		18.716515
1107		16.985508
1108		19.582018
1109		20.339334
1110		18.932890
1111		19.365643
1112		16.336380
1113		19.906582
1114		19.473831
1115		19.798395
1116		17.742823
1117		19.798395
1118		21.096649
1119		18.067387
1120		19.473831
1121		17.526447
1122		18.175575
1123		17.851011
1124		20.122959
1125		18.175575
1126		18.716515
1127		19.149267
1128		18.283764
1129		18.716515
1130		16.552755
1131		16.552755
1132		17.959200
1133		19.690207
1134		17.959200
1135		19.906582
1136		19.149267
1137		19.690207
1138		19.041079
1139		20.122959
1140		35.918400
1141		62.316257
1142		65.345520
1143		42.085114
1144		22.394905
1145		19.690207
1146		19.798395
1147		20.231146
1148		19.690207
1149		16.660944
1150		19.798395
1151		18.824703
1152		17.526447
1153		19.365643
1154		16.552755
1155		20.231146
1156		18.608328
1157		16.120005
1158		20.014771
1159		17.310072
1160		22.503094
1161		18.067387
1162		20.231146
1163		17.310072
1164		19.582018
1165		17.634636
1166		21.204838
1167		16.769133
1168		18.824703
1169		16.552755
1170		19.906582
1171		17.201883
1172		17.093697
1173		19.798395
1174		19.149267
1175		20.231146
1176		21.096649
1177		18.824703
1178		18.391951
1179		17.526447
1180		17.418259
1181		18.716515
1182		24.125912
1183		44.681622
1184		56.798672
1185		34.079205
1186		24.342289
1187		19.365643
1188		20.555710
1189		19.798395
1190		19.473831
1191		19.582018
1192		18.932890
1193		17.526447
1194		16.769133
1195		16.120005
1196		15.903628
1197		16.011816
1198		16.011816
1199		17.201883
1200		19.149267
1201		16.444569
1202		14.821749
1203		18.067387
1204		16.769133
1205		15.362689
1206		18.608328
1207		16.660944
1208		15.795441
1209		14.929936
1210		20.231146
1211		18.824703
1212		20.663898
1213		19.257454
1214		19.041079
1215		17.418259
1216		17.742823
1217		19.690207
1218		17.959200
1219		20.339334
1220		17.418259
1221		20.772085
1222		17.201883
1223		17.526447
1224		17.634636
1225		16.011816
1226		16.011816
1227		17.634636
1228		18.824703
1229		24.342289
1230		39.704975
1231		66.643776
1232		58.205116
1233		35.052895
1234		20.880274
1235		19.582018
1236		19.906582
1237		16.985508
1238		20.555710
1239		18.932890
1240		20.988462
1241		18.932890
1242		20.772085
1243		20.231146
1244		22.070341
1245		22.935844
1246		18.716515
1247		20.988462
1248		19.257454
1249		20.447521
1250		20.772085
1251		20.663898
1252		19.041079
1253		18.716515
1254		19.582018
1255		16.552755
1256		18.067387
1257		22.503094
1258		16.877319
1259		18.500139
1260		19.257454
1261		15.795441
1262		18.283764
1263		19.257454
1264		17.742823
1265		17.526447
1266		17.093697
1267		15.903628
1268		16.660944
1269		16.769133
1270		17.310072
1271		15.795441
1272		17.526447
1273		15.579064
1274		16.228191
1275		15.038125
1276		15.470877
1277		17.310072
1278		14.064433
1279		14.713561
1280		14.172621
1281		15.470877
1282		18.824703
1283		16.552755
1284		18.067387
1285		14.388997
1286		15.795441
1287		14.172621
1288		15.470877
1289		15.254500
1290		13.739869
1291		12.117050
1292		13.198930
1293		12.333426
1294		12.874366
1295		12.008862
1296		15.146313
1297		14.929936
1298		14.172621
1299		13.198930
1300		13.198930
1301		12.982553
1302		12.766178
1303		13.415305
1304		10.710607
1305		12.657990
1306		11.684299
1307		12.008862
1308		12.008862
1309		12.008862
1310		13.090742
1311		10.602419
1312		10.169667
1313		9.087788
1314		9.845103
1315		10.602419
1316		7.897720
1317		9.736916
1318		7.897720
1319		8.871411
1320		9.845103
1321		11.143358
1322		9.520539
1323		8.114096
1324		9.953291
1325		10.494231
1326		9.953291
1327		7.789532
1328		10.386043
1329		8.222284
1330		10.818795
1331		8.005908
1332		10.061480
1333		9.628727
1334		8.763224
1335		10.169667
1336		8.979600
1337		6.815841
1338		7.356781
1339		7.789532
1340		7.464968
1341		9.195975
1342		7.032217
1343		8.330472
1344		6.815841
1345		15.687252
1346		73.243240
1347		238.121674
1348		376.926819
1349		258.136444
1350		87.956802
1351		19.582018
1352		9.953291
1353		9.736916
1354		7.248592
1355		7.681345
1356		9.412352
1357		7.789532
1358		7.573156
1359		6.491277
1360		5.950337
1361		10.926983
1362		11.792486
1363		13.198930
1364		11.467922
1365		9.628727
1366		6.707653
1367		8.114096
1368		7.897720
1369		7.464968
1370		5.625773
1371		6.058525
1372		8.005908
1373		7.032217
1374		6.815841
1375		7.032217
1376		5.950337
1377		8.222284
1378		6.166713
1379		8.438660
1380		6.924029
1381		6.599465
1382		7.789532
1383		7.897720
1384		5.517585
1385		7.464968
1386		5.084834
1387		6.058525
1388		7.248592
1389		8.546848
1390		9.087788
1391		7.356781
1392		9.953291
1393		17.634636
1394		43.599743
1395		65.886459
1396		47.927261
1397		19.798395
1398		8.871411
1399		8.114096
1400		7.356781
1401		5.517585
1402		6.491277
1403		6.058525
1404		8.114096
1405		5.625773
1406		6.166713
1407		6.815841
1408		7.140405
1409		7.140405
1410		6.924029
1411		8.114096
1412		6.924029
1413		7.681345
1414		5.950337
1415		5.842149
1416		7.464968
1417		6.924029
1418		6.707653
1419		6.491277
1420		8.222284
1421		6.599465
1422		7.573156
1423		8.546848
1424		6.491277
1425		7.032217
1426		7.897720
1427		7.356781
1428		7.032217
1429		6.815841
1430		7.248592
1431		7.032217
1432		8.763224
1433		7.140405
1434		7.356781
1435		5.409398
1436		6.383089
1437		6.383089
1438		7.140405
1439		7.573156
1440		7.464968
1441		6.599465
1442		6.383089
1443		8.546848
1444		7.789532
1445		5.517585
1446		6.058525
1447		7.140405
1448		6.058525
1449		9.195975
1450		6.707653
1451		7.789532
1452		6.815841
1453		5.409398
1454		6.491277
1455		5.517585
1456		5.842149
1457		8.438660
1458		8.979600
1459		7.897720
1460		8.114096
1461		5.842149
1462		6.166713
1463		6.274901
1464		7.789532
1465		6.815841
1466		6.491277
1467		6.707653
1468		7.356781
1469		5.733961
1470		5.950337
1471		6.383089
1472		7.140405
1473		7.573156
1474		5.950337
1475		6.383089
1476		8.005908
1477		6.274901
1478		4.219330
1479		7.573156
1480		6.274901
1481		5.950337
1482		6.383089
1483		7.573156
1484		6.058525
1485		6.491277
1486		6.815841
1487		4.760270
1488		5.625773
1489		5.517585
1490		6.815841
1491		7.248592
1492		5.517585
1493		9.087788
1494		7.464968
1495		7.032217
1496		6.815841
1497		6.815841
1498		5.733961
1499		5.517585
1500		6.166713
1501		5.625773
1502		6.383089
1503		6.707653
1504		4.976645
1505		6.383089
1506		6.599465
1507		5.193021
1508		5.517585
1509		5.950337
1510		6.924029
1511		5.842149
1512		6.924029
1513		7.032217
1514		4.435706
1515		5.733961
1516		5.733961
1517		6.491277
1518		4.652082
1519		5.301209
1520		4.543894
1521		6.166713
1522		5.733961
1523		4.543894
1524		5.950337
1525		6.383089
1526		5.625773
1527		5.301209
1528		5.084834
1529		6.383089
1530		5.625773
1531		5.733961
1532		4.760270
1533		5.517585
1534		5.625773
1535		5.517585
1536		5.625773
1537		4.327518
1538		5.950337
1539		5.842149
1540		5.733961
1541		5.950337
1542		5.193021
1543		6.383089
1544		7.032217
1545		5.733961
1546		6.274901
1547		5.842149
1548		6.058525
1549		4.219330
1550		4.111142
1551		5.950337
1552		3.786578
1553		5.193021
1554		4.219330
1555		6.491277
1556		5.733961
1557		5.193021
1558		4.435706
1559		5.084834
1560		6.383089
1561		5.950337
1562		5.301209
1563		5.950337
1564		5.409398
1565		5.625773
1566		6.383089
1567		8.763224
1568		16.011816
1569		28.669806
1570		26.073296
1571		16.985508
1572		8.871411
1573		5.517585
1574		5.517585
1575		4.111142
1576		5.517585
1577		6.383089
1578		4.435706
1579		5.517585
1580		3.894766
1581		4.976645
1582		4.652082
1583		5.409398
1584		5.301209
1585		4.868458
1586		4.327518
1587		4.760270
1588		4.435706
1589		4.976645
1590		6.274901
1591		5.084834
1592		6.274901
1593		6.166713
1594		5.301209
1595		3.462014
1596		5.733961
1597		4.111142
1598		4.976645
1599		5.084834
1600		3.353826
1601		4.868458
1602		4.868458
1603		5.842149
1604		4.868458
1605		4.111142
1606		4.111142
1607		5.301209
1608		3.570202
1609		6.166713
1610		6.274901
1611		6.599465
1612		4.868458
1613		4.219330
1614		3.570202
1615		5.084834
1616		4.327518
1617		5.625773
1618		4.760270
1619		4.760270
1620		4.976645
1621		4.543894
1622		3.570202
1623		4.002954
1624		3.570202
1625		4.111142
1626		3.894766
1627		4.219330
1628		3.894766
1629		4.111142
1630		4.435706
1631		4.976645
1632		4.111142
1633		4.760270
1634		3.245638
1635		4.435706
1636		4.111142
1637		3.678390
1638		3.029263
1639		4.111142
1640		4.976645
1641		4.652082
1642		4.111142
1643		3.462014
1644		3.894766
1645		3.786578
1646		3.786578
1647		3.245638
1648		4.652082
1649		4.543894
1650		4.435706
1651		4.111142
1652		4.543894
1653		3.462014
1654		3.786578
1655		4.111142
1656		3.570202
1657		3.570202
1658		3.786578
1659		4.002954
1660		4.002954
1661		4.219330
1662		6.383089
1663		15.362689
1664		27.046988
1665		25.748732
1666		15.795441
1667		5.842149
1668		4.327518
1669		4.002954
1670		3.137450
1671		5.733961
1672		3.894766
1673		4.219330
1674		3.570202
1675		5.301209
1676		3.570202
1677		3.570202
1678		5.084834
1679		4.002954
1680		3.462014
1681		2.812887
1682		3.029263
1683		3.137450
1684		3.137450
1685		3.570202
1686		4.002954
1687		4.002954
1688		3.570202
1689		2.812887
1690		4.435706
1691		4.002954
1692		3.353826
1693		4.002954
1694		4.002954
1695		3.353826
1696		2.488323
1697		3.137450
1698		3.786578
1699		2.812887
1700		2.380135
1701		3.353826
1702		3.894766
1703		2.921075
1704		2.704699
1705		2.596511
1706		3.353826
1707		3.245638
1708		3.137450
1709		2.704699
1710		1.622819
1711		1.514631
1712		3.570202
1713		2.596511
1714		2.596511
1715		2.596511
1716		2.380135
1717		1.947383
1718		2.488323
1719		2.163759
1720		2.812887
1721		2.163759
1722		1.947383
1723		1.947383
1724		1.839195
1725		2.596511
1726		2.055571
1727		2.055571
1728		2.055571
1729		1.947383
1730		2.055571
1731		2.055571
1732		1.839195
1733		1.406443
1734		1.839195
1735		1.406443
1736		1.839195
1737		1.514631
1738		0.865504
1739		1.622819
1740		1.406443
1741		0.757316
1742		0.757316
1743		1.406443
1744		1.406443
1745		0.757316
1746		1.298255
1747		1.731007
1748		1.731007
1749		1.190067
1750		2.055571
1751		1.514631
1752		2.163759
1753		1.190067
1754		1.514631
1755		1.514631
1756		0.973692
1757		2.055571
1758		1.731007
1759		2.271947
1760		1.947383
1761		2.380135
1762		0.540940
1763		1.406443
1764		1.731007
1765		1.081879
1766		1.298255
1767		1.731007
1768		1.622819
1769		1.514631
1770		1.947383
1771		1.622819
1772		3.786578
1773		10.602419
1774		24.125912
1775		44.897999
1776		52.579342
1777		41.652359
1778		17.201883
1779		4.976645
1780		1.298255
1781		1.081879
1782		1.081879
1783		0.540940
1784		0.649128
1785		1.081879
1786		1.190067
1787		1.081879
1788		0.649128
1789		1.081879
1790		1.081879
1791		1.081879
1792		1.406443
1793		1.839195
1794		0.432752
1795		0.973692
1796		1.190067
1797		1.081879
1798		1.406443
1799		0.973692
1800		0.865504
1801		0.540940
1802		1.081879
1803		1.081879
1804		1.406443
1805		0.757316
1806		0.649128
1807		0.865504
1808		1.298255
1809		1.406443
1810		0.649128
1811		1.731007
1812		1.081879
1813		1.190067
1814		0.757316
1815		1.190067
1816		0.649128
1817		0.757316
1818		0.540940
1819		1.190067
1820		0.757316
1821		1.190067
1822		0.973692
1823		0.973692
1824		1.081879
1825		1.622819
1826		0.649128
1827		1.081879
1828		1.298255
1829		1.298255
1830		1.406443
1831		0.432752
1832		1.190067
1833		1.298255
1834		1.622819
1835		1.190067
1836		1.947383
1837		2.812887
1838		2.704699
1839		1.947383
1840		1.514631
1841		0.540940
1842		0.973692
1843		0.757316
1844		1.190067
1845		0.973692
1846		0.973692
1847		0.649128
1848		1.081879
1849		1.190067
1850		1.190067
1851		1.406443
1852		1.298255
1853		1.190067
1854		0.649128
1855		1.622819
1856		0.973692
1857		1.190067
1858		1.406443
1859		0.973692
1860		1.081879
1861		1.190067
1862		0.757316
1863		0.865504
1864		0.540940
1865		1.406443
1866		0.324564
1867		1.190067
1868		1.081879
1869		1.081879
1870		0.540940
1871		1.081879
1872		0.324564
1873		0.108188
1874		1.406443
1875		0.757316
1876		0.540940
1877		1.731007
1878		1.190067
1879		0.649128
1880		1.190067
1881		0.432752
1882		1.190067
1883		1.081879
1884		0.649128
1885		0.649128
1886		1.298255
1887		0.216376
1888		0.757316
1889		1.081879
1890		0.649128
1891		1.081879
1892		0.432752
1893		0.540940
1894		0.757316
1895		0.973692
1896		1.081879
1897		0.649128
1898		1.081879
1899		1.406443
1900		1.406443
1901		0.865504
1902		0.865504
1903		0.757316
1904		0.973692
1905		1.081879
1906		0.432752
1907		0.649128
1908		0.432752
1909		0.865504
1910		1.081879
1911		0.432752
1912		0.649128
1913		0.757316
1914		0.216376
1915		0.540940
1916		1.081879
1917		0.865504
1918		0.865504
1919		0.649128
1920		0.649128
1921		0.540940
1922		0.432752
1923		1.081879
1924		0.540940
1925		1.406443
1926		0.432752
1927		0.757316
1928		0.324564
1929		0.540940
1930		0.324564
1931		0.865504
1932		0.324564
1933		0.973692
1934		0.865504
1935		0.865504
1936		0.865504
1937		0.757316
1938		0.649128
1939		0.973692
1940		0.540940
1941		0.649128
1942		1.081879
1943		0.865504
1944		0.540940
1945		1.514631
1946		0.432752
1947		0.432752
1948		0.432752
1949		0.757316
1950		0.432752
1951		0.973692
1952		0.649128
1953		0.540940
1954		0.432752
1955		0.757316
1956		0.540940
1957		1.298255
1958		0.649128
1959		0.865504
1960		0.540940
1961		0.973692
1962		0.324564
1963		0.540940
1964		0.540940
1965		0.432752
1966		0.757316
1967		0.432752
1968		0.540940
1969		0.757316
1970		0.432752
1971		0.432752
1972		0.757316
1973		0.540940
1974		0.432752
1975		0.432752
1976		0.432752
1977		0.108188
1978		0.649128
1979		0.649128
1980		0.432752
1981		0.432752
1982		0.324564
1983		0.324564
1984		0.649128
1985		0.973692
1986		0.216376
1987		0.324564
1988		0.432752
1989		0.973692
1990		0.324564
1991		0.324564
1992		0.216376
1993		0.216376
1994		0.432752
1995		0.540940
1996		0.540940
1997		0.865504
1998		0.324564
1999		0.540940
2000		0.432752
2001		0.324564
2002		0.649128
2003		0.216376
2004		0.649128
2005		0.108188
2006		0.324564
2007		0.108188
2008		0.432752
2009		0.108188
2010		0.324564
2011		0.324564
2012		0.432752
2013		0.216376
2014		0.432752
2015		0.000000
2016		0.324564
2017		0.108188
2018		0.540940
2019		0.108188
2020		0.216376
2021		0.108188
2022		0.324564
2023		0.216376
2024		0.108188
2025		0.000000
2026		0.324564
2027		0.324564
2028		0.108188
2029		0.540940
2030		0.216376
2031		0.432752
2032		0.108188
2033		0.216376
2034		0.324564
2035		0.324564
2036		0.540940
2037		0.216376
2038		0.324564
2039		0.324564
2040		0.216376
2041		1.298255
2042		2.380135
2043		4.327518
2044		5.733961
2045		4.219330
2046		1.731007
2047		0.108188
2048		0.108188
2049		0.324564
2050		0.324564
2051		0.216376
2052		0.108188
2053		0.432752
2054		0.216376
2055		0.216376
2056		0.216376
2057		0.108188
2058		0.108188
2059		0.000000
2060		0.324564
2061		0.108188
2062		0.324564
2063		0.108188
2064		0.216376
2065		0.000000
2066		0.108188
2067		0.324564
2068		0.108188
2069		0.216376
2070		0.108188
2071		0.216376
2072		0.216376
2073		0.216376
2074		0.216376
2075		0.000000
2076		0.108188
2077		0.000000
2078		0.324564
2079		0.324564
2080		0.324564
2081		0.000000
2082		0.432752
2083		0.000000
2084		0.108188
2085		0.649128
2086		0.324564
2087		0.216376
2088		0.000000
2089		0.432752
2090		0.432752
2091		0.757316
2092		0.865504
2093		0.216376
2094		0.324564
2095		0.000000
2096		0.216376
2097		0.108188
2098		0.000000
2099		0.000000
2100		0.108188
2101		0.000000
2102		0.000000
2103		0.324564
2104		0.108188
2105		0.324564
2106		0.000000
2107		0.000000
2108		0.108188
2109		0.000000
2110		0.108188
2111		0.108188
2112		0.108188
2113		0.108188
2114		0.216376
2115		0.432752
2116		0.108188
2117		0.216376
2118		0.540940
2119		0.000000
2120		0.000000
2121		0.108188
2122		0.216376
2123		0.216376
2124		0.432752
2125		0.108188
2126		0.216376
2127		0.108188
2128		0.216376
2129		0.216376
2130		0.108188
2131		0.216376
2132		0.108188
2133		0.000000
2134		0.324564
2135		0.108188
2136		0.108188
2137		0.000000
2138		0.108188
2139		0.216376
2140		0.108188
2141		0.216376
2142		0.216376
2143		0.324564
2144		0.000000
2145		0.000000
2146		0.108188
2147		0.108188
2148		0.216376
2149		0.108188
2150		0.216376
2151		0.108188
2152		0.108188
2153		0.000000
2154		0.432752
2155		0.432752
2156		0.216376
2157		0.216376
2158		0.216376
2159		0.216376
2160		0.216376
2161		0.324564
2162		0.216376
2163		0.108188
2164		0.000000
2165		0.000000
2166		0.108188
2167		0.108188
2168		0.108188
2169		0.000000
2170		0.000000
2171		0.000000
2172		0.108188
2173		0.000000
2174		0.216376
2175		0.216376
2176		0.216376
2177		0.216376
2178		0.108188
2179		0.108188
2180		0.108188
2181		0.216376
2182		0.108188
2183		0.000000
2184		0.216376
2185		0.000000
2186		0.216376
2187		0.108188
2188		0.000000
2189		0.108188
2190		0.000000
2191		0.000000
2192		0.108188
2193		0.216376
2194		0.000000
2195		0.216376
2196		0.216376
2197		0.216376
2198		0.000000
2199		0.216376
2200		0.000000
2201		0.216376
2202		0.000000
2203		0.000000
2204		0.108188
2205		0.000000
2206		0.000000
2207		0.000000
2208		0.000000
2209		0.216376
2210		0.000000
2211		0.000000
2212		0.000000
2213		0.000000
2214		0.000000
2215		0.108188
2216		0.108188
2217		0.216376
2218		0.216376
2219		0.000000
2220		0.216376
2221		0.216376
2222		0.324564
2223		0.000000
2224		0.108188
2225		0.000000
2226		0.216376
2227		0.324564
2228		0.000000
2229		0.108188
2230		0.000000
2231		0.432752
2232		0.216376
2233		0.108188
2234		0.216376
2235		0.108188
2236		0.000000
2237		0.000000
2238		0.216376
2239		0.000000
2240		0.108188
2241		0.000000
2242		0.000000
2243		0.108188
2244		0.108188
2245		0.000000
2246		0.108188
2247		0.216376
2248		0.000000
2249		0.000000
2250		0.000000
2251		0.000000
2252		0.000000
2253		0.000000
2254		0.216376
2255		0.216376
2256		0.216376
2257		0.000000
2258		0.000000
2259		0.000000
2260		0.216376
2261		0.000000
2262		0.000000
2263		0.216376
2264		0.216376
2265		0.216376
2266		0.324564
2267		0.432752
2268		0.432752
2269		0.216376
2270		0.000000
2271		0.108188
2272		0.108188
2273		0.000000
2274		0.000000
2275		0.000000
2276		0.216376
2277		0.000000
2278		0.108188
2279		0.108188
2280		0.000000
2281		0.000000
2282		0.000000
2283		0.108188
2284		0.108188
2285		0.000000
2286		0.108188
2287		0.000000
2288		0.000000
2289		0.216376
2290		0.216376
2291		0.108188
2292		0.000000
2293		0.000000
2294		0.108188
2295		0.216376
2296		0.000000
2297		0.216376
2298		0.108188
2299		0.108188
2300		0.108188
2301		0.000000
2302		0.216376
2303		0.216376
2304		0.108188
2305		0.000000
2306		0.000000
2307		0.000000
2308		0.000000
2309		0.216376
2310		0.000000
2311		0.000000
2312		0.108188
2313		0.108188
2314		0.000000
2315		0.000000
2316		0.108188
2317		0.000000
2318		0.000000
2319		0.108188
2320		0.000000
2321		0.216376
2322		0.000000
2323		0.000000
2324		0.000000
2325		0.108188
2326		0.000000
2327		0.108188
2328		0.000000
2329		0.108188
2330		0.000000
2331		0.000000
2332		0.108188
2333		0.000000
2334		0.000000
2335		0.000000
2336		0.000000
2337		0.000000
2338		0.000000
2339		0.000000
2340		0.000000
2341		0.000000
2342		0.108188
2343		0.000000
2344		0.000000
2345		0.000000
2346		0.000000
2347		0.000000
2348		0.000000
2349		0.000000
2350		0.000000
2351		0.000000
2352		0.000000
2353		0.000000
2354		0.000000
2355		0.000000
2356		0.000000
2357		0.000000
2358		0.000000
2359		0.000000
2360		0.000000
2361		0.000000
2362		0.000000
2363		0.000000
2364		0.000000
2365		0.000000
2366		0.000000
2367		0.000000
2368		0.000000
2369		0.000000
2370		0.000000
2371		0.000000
2372		0.000000
2373		0.000000
2374		0.000000
2375		0.000000
2376		0.000000
2377		0.000000
2378		0.000000
2379		0.000000
2380		0.000000
2381		0.000000
2382		0.000000
2383		0.000000
2384		0.000000
2385		0.000000
2386		0.000000
2387		0.000000
2388		0.000000
2389		0.000000
2390		0.000000
2391		0.000000
2392		0.000000
2393		0.000000
2394		0.000000
2395		0.000000
2396		0.000000
2397		0.000000
2398		0.000000
2399		0.000000
2400		0.000000
2401		0.000000
2402		0.000000
2403		0.000000
2404		0.000000
2405		0.000000
2406		0.000000
2407		0.000000
2408		0.000000
2409		0.000000
2410		0.000000
2411		0.000000
2412		0.000000
2413		0.000000
2414		0.000000
2415		0.000000
2416		0.000000
2417		0.000000
2418		0.000000
2419		0.000000
2420		0.000000
2421		0.000000
2422		0.000000
2423		0.000000
2424		0.000000
2425		0.000000
2426		0.000000
2427		0.000000
2428		0.000000
2429		0.000000
2430		0.000000
2431		0.000000
2432		0.000000
2433		0.000000
2434		0.000000
2435		0.000000
2436		0.000000
2437		0.000000
2438		0.000000
2439		0.000000
2440		0.000000
2441		0.000000
2442		0.000000
2443		0.000000
2444		0.000000
2445		0.000000
2446		0.000000
2447		0.000000
2448		0.000000
2449		0.000000
2450		0.000000
2451		0.000000
2452		0.000000
2453		0.000000
2454		0.000000
2455		0.000000
2456		0.000000
2457		0.000000
2458		0.000000
2459		0.000000
2460		0.000000
2461		0.000000
2462		0.000000
2463		0.000000
2464		0.000000
2465		0.000000
2466		0.000000
2467		0.000000
2468		0.000000
2469		0.000000
2470		0.000000
2471		0.000000
2472		0.000000
2473		0.000000
2474		0.000000
2475		0.000000
2476		0.000000
2477		0.000000
2478		0.000000
2479		0.000000
2480		0.000000
2481		0.000000
2482		0.000000
2483		0.000000
2484		0.000000
2485		0.000000
2486		0.000000
2487		0.000000
2488		0.000000
2489		0.000000
2490		0.000000
2491		0.000000
2492		0.000000
2493		0.000000
2494		0.000000
2495		0.000000
2496		0.000000
2497		0.000000
2498		0.000000
2499		0.000000
2500		0.000000
2501		0.000000
2502		0.000000
2503		0.000000
2504		0.000000
2505		0.000000
2506		0.000000
2507		0.000000
2508		0.000000
2509		0.000000
2510		0.000000
2511		0.000000
2512		0.000000
2513		0.000000
2514		0.000000
2515		0.000000
2516		0.000000
2517		0.000000
2518		0.000000
2519		0.000000
2520		0.000000
2521		0.000000
2522		0.000000
2523		0.000000
2524		0.000000
2525		0.000000
2526		0.000000
2527		0.000000
2528		0.000000
2529		0.000000
2530		0.000000
2531		0.000000
2532		0.000000
2533		0.000000
2534		0.000000
2535		0.000000
2536		0.000000
2537		0.000000
2538		0.000000
2539		0.000000
2540		0.000000
2541		0.000000
2542		0.000000
2543		0.000000
2544		0.000000
2545		0.000000
2546		0.000000
2547		0.000000
2548		0.000000
2549		0.000000
2550		0.000000
2551		0.000000
2552		0.000000
2553		0.000000
2554		0.000000
2555		0.000000
2556		0.000000
2557		0.000000
2558		0.000000
2559		0.000000
2560		0.000000
2561		0.000000
2562		0.000000
2563		0.000000
2564		0.000000
2565		0.000000
2566		0.000000
2567		0.000000
2568		0.000000
2569		0.000000
2570		0.000000
2571		0.000000
2572		0.000000
2573		0.000000
2574		0.000000
2575		0.000000
2576		0.000000
2577		0.000000
2578		0.000000
2579		0.000000
2580		0.000000
2581		0.000000
2582		0.000000
2583		0.000000
2584		0.000000
2585		0.000000
2586		0.000000
2587		0.000000
2588		0.000000
2589		0.000000
2590		0.000000
2591		0.000000
2592		0.000000
2593		0.000000
2594		0.000000
2595		0.000000
2596		0.000000
2597		0.000000
2598		0.000000
2599		0.000000
2600		0.000000
2601		0.000000
2602		0.000000
2603		0.000000
2604		0.000000
2605		0.000000
2606		0.000000
2607		0.000000
2608		0.000000
2609		0.000000
2610		0.000000
2611		0.000000
2612		0.000000
2613		0.000000
2614		0.000000
2615		0.000000
2616		0.000000
2617		0.000000
2618		0.000000
2619		0.000000
2620		0.000000
2621		0.000000
2622		0.000000
2623		0.000000
2624		0.000000
2625		0.000000
2626		0.000000
2627		0.000000
2628		0.000000
2629		0.000000
2630		0.000000
2631		0.000000
2632		0.000000
2633		0.000000
2634		0.000000
2635		0.000000
2636		0.000000
2637		0.000000
2638		0.000000
2639		0.000000
2640		0.000000
2641		0.000000
2642		0.000000
2643		0.000000
2644		0.000000
2645		0.000000
2646		0.000000
2647		0.000000
2648		0.000000
2649		0.000000
2650		0.000000
2651		0.000000
2652		0.000000
2653		0.000000
2654		0.000000
2655		0.000000
2656		0.000000
2657		0.000000
2658		0.000000
2659		0.000000
2660		0.000000
2661		0.000000
2662		0.000000
2663		0.000000
2664		0.000000
2665		0.000000
2666		0.000000
2667		0.000000
2668		0.000000
2669		0.000000
2670		0.000000
2671		0.000000
2672		0.000000
2673		0.000000
2674		0.000000
2675		0.000000
2676		0.000000
2677		0.000000
2678		0.000000
2679		0.000000
2680		0.000000
2681		0.000000
2682		0.000000
2683		0.000000
2684		0.000000
2685		0.000000
2686		0.000000
2687		0.000000
2688		0.000000
2689		0.000000
2690		0.000000
2691		0.000000
2692		0.000000
2693		0.000000
2694		0.000000
2695		0.000000
2696		0.000000
2697		0.000000
2698		0.000000
2699		0.000000
2700		0.000000
2701		0.000000
2702		0.000000
2703		0.000000
2704		0.000000
2705		0.000000
2706		0.000000
2707		0.000000
2708		0.000000
2709		0.000000
2710		0.000000
2711		0.000000
2712		0.000000
2713		0.000000
2714		0.000000
2715		0.000000
2716		0.000000
2717		0.000000
2718		0.000000
2719		0.000000
2720		0.000000
2721		0.000000
2722		0.000000
2723		0.000000
2724		0.000000
2725		0.000000
2726		0.000000
2727		0.000000
2728		0.000000
2729		0.000000
2730		0.000000
2731		0.000000
2732		0.000000
2733		0.000000
2734		0.000000
2735		0.000000
2736		0.000000
2737		0.000000
2738		0.000000
2739		0.000000
2740		0.000000
2741		0.000000
2742		0.000000
2743		0.000000
2744		0.000000
2745		0.000000
2746		0.000000
2747		0.000000
2748		0.000000
2749		0.000000
2750		0.000000
2751		0.000000
2752		0.000000
2753		0.000000
2754		0.000000
2755		0.000000
2756		0.000000
2757		0.000000
2758		0.000000
2759		0.000000
2760		0.000000
2761		0.000000
2762		0.000000
2763		0.000000
2764		0.000000
2765		0.000000
2766		0.000000
2767		0.000000
2768		0.000000
2769		0.000000
2770		0.000000
2771		0.000000
2772		0.000000
2773		0.000000
2774		0.000000
2775		0.000000
2776		0.000000
2777		0.000000
2778		0.000000
2779		0.000000
2780		0.000000
2781		0.000000
2782		0.000000
2783		0.000000
2784		0.000000
2785		0.000000
2786		0.000000
2787		0.000000
2788		0.000000
2789		0.000000
2790		0.000000
2791		0.000000
2792		0.000000
2793		0.000000
2794		0.000000
2795		0.000000
2796		0.000000
2797		0.000000
2798		0.000000
2799		0.000000
2800		0.000000
2801		0.000000
2802		0.000000
2803		0.000000
2804		0.000000
2805		0.000000
2806		0.000000
2807		0.000000
2808		0.000000
2809		0.000000
2810		0.000000
2811		0.000000
2812		0.000000
2813		0.000000
2814		0.000000
2815		0.000000
2816		0.000000
2817		0.000000
2818		0.000000
2819		0.000000
2820		0.000000
2821		0.000000
2822		0.000000
2823		0.000000
2824		0.000000
2825		0.000000
2826		0.000000
2827		0.000000
2828		0.000000
2829		0.000000
2830		0.000000
2831		0.000000
2832		0.000000
2833		0.000000
2834		0.000000
2835		0.000000
2836		0.000000
2837		0.000000
2838		0.000000
2839		0.000000
2840		0.000000
2841		0.000000
2842		0.000000
2843		0.000000
2844		0.000000
2845		0.000000
2846		0.000000
2847		0.000000
2848		0.000000
2849		0.000000
2850		0.000000
2851		0.000000
2852		0.000000
2853		0.000000
2854		0.000000
2855		0.000000
2856		0.000000
2857		0.000000
2858		0.000000
2859		0.000000
2860		0.000000
2861		0.000000
2862		0.000000
2863		0.000000
2864		0.000000
2865		0.000000
2866		0.000000
2867		0.000000
2868		0.000000
2869		0.000000
2870		0.000000
2871		0.000000
2872		0.000000
2873		0.000000
2874		0.000000
2875		0.000000
2876		0.000000
2877		0.000000
2878		0.000000
2879		0.000000
2880		0.000000
2881		0.000000
2882		0.000000
2883		0.000000
2884		0.000000
2885		0.000000
2886		0.000000
2887		0.000000
2888		0.000000
2889		0.000000
2890		0.000000
2891		0.000000
2892		0.000000
2893		0.000000
2894		0.000000
2895		0.000000
2896		0.000000
2897		0.000000
2898		0.000000
2899		0.000000
2900		0.000000
2901		0.000000
2902		0.000000
2903		0.000000
2904		0.000000
2905		0.000000
2906		0.000000
2907		0.000000
2908		0.000000
2909		0.000000
2910		0.000000
2911		0.000000
2912		0.000000
2913		0.000000
2914		0.000000
2915		0.000000
2916		0.000000
2917		0.000000
2918		0.000000
2919		0.000000
2920		0.000000
2921		0.000000
2922		0.000000
2923		0.000000
2924		0.000000
2925		0.000000
2926		0.000000
2927		0.000000
2928		0.000000
2929		0.000000
2930		0.000000
2931		0.000000
2932		0.000000
2933		0.000000
2934		0.000000
2935		0.000000
2936		0.000000
2937		0.000000
2938		0.000000
2939		0.000000
2940		0.000000
2941		0.000000
2942		0.000000
2943		0.000000
2944		0.000000
2945		0.000000
2946		0.000000
2947		0.000000
2948		0.000000
2949		0.000000
2950		0.000000
2951		0.000000
2952		0.000000
2953		0.000000
2954		0.000000
2955		0.000000
2956		0.000000
2957		0.000000
2958		0.000000
2959		0.000000
2960		0.000000
2961		0.000000
2962		0.000000
2963		0.000000
2964		0.000000
2965		0.000000
2966		0.000000
2967		0.000000
2968		0.000000
2969		0.000000
2970		0.000000
2971		0.000000
2972		0.000000
2973		0.000000
2974		0.000000
2975		0.000000
2976		0.000000
2977		0.000000
2978		0.000000
2979		0.000000
2980		0.000000
2981		0.000000
2982		0.000000
2983		0.000000
2984		0.000000
2985		0.000000
2986		0.000000
2987		0.000000
2988		0.000000
2989		0.000000
2990		0.000000
2991		0.000000
2992		0.000000
2993		0.000000
2994		0.000000
2995		0.000000
2996		0.000000
2997		0.000000
2998		0.000000
2999		0.000000
3000		0.000000
3001		0.000000
3002		0.000000
3003		0.000000
3004		0.000000
3005		0.000000
3006		0.000000
3007		0.000000
3008		0.000000
3009		0.000000
3010		0.000000
3011		0.000000
3012		0.000000
3013		0.000000
3014		0.000000
3015		0.000000
3016		0.000000
3017		0.000000
3018		0.000000
3019		0.000000
3020		0.000000
3021		0.000000
3022		0.000000
3023		0.000000
3024		0.000000
3025		0.000000
3026		0.000000
3027		0.000000
3028		0.000000
3029		0.000000
3030		0.000000
3031		0.000000
3032		0.000000
3033		0.000000
3034		0.000000
3035		0.000000
3036		0.000000
3037		0.000000
3038		0.000000
3039		0.000000
3040		0.000000
3041		0.000000
3042		0.000000
3043		0.000000
3044		0.000000
3045		0.000000
3046		0.000000
3047		0.000000
3048		0.000000
3049		0.000000
3050		0.000000
3051		0.000000
3052		0.000000
3053		0.000000
3054		0.000000
3055		0.000000
3056		0.000000
3057		0.000000
3058		0.000000
3059		0.000000
3060		0.000000
3061		0.000000
3062		0.000000
3063		0.000000
3064		0.000000
3065		0.000000
3066		0.000000
3067		0.000000
3068		0.000000
3069		0.000000
3070		0.000000
3071		0.000000
3072		0.000000
3073		0.000000
3074		0.000000
3075		0.000000
3076		0.000000
3077		0.000000
3078		0.000000
3079		0.000000
3080		0.000000
3081		0.000000
3082		0.000000
3083		0.000000
3084		0.000000
3085		0.000000
3086		0.000000
3087		0.000000
3088		0.000000
3089		0.000000
3090		0.000000
3091		0.000000
3092		0.000000
3093		0.000000
3094		0.000000
3095		0.000000
3096		0.000000
3097		0.000000
3098		0.000000
3099		0.000000
3100		0.000000
3101		0.000000
3102		0.000000
3103		0.000000
3104		0.000000
3105		0.000000
3106		0.000000
3107		0.000000
3108		0.000000
3109		0.000000
3110		0.000000
3111		0.000000
3112		0.000000
3113		0.000000
3114		0.000000
3115		0.000000
3116		0.000000
3117		0.000000
3118		0.000000
3119		0.000000
3120		0.000000
3121		0.000000
3122		0.000000
3123		0.000000
3124		0.000000
3125		0.000000
3126		0.000000
3127		0.000000
3128		0.000000
3129		0.000000
3130		0.000000
3131		0.000000
3132		0.000000
3133		0.000000
3134		0.000000
3135		0.000000
3136		0.000000
3137		0.000000
3138		0.000000
3139		0.000000
3140		0.000000
3141		0.000000
3142		0.000000
3143		0.000000
3144		0.000000
3145		0.000000
3146		0.000000
3147		0.000000
3148		0.000000
3149		0.000000
3150		0.000000
3151		0.000000
3152		0.000000
3153		0.000000
3154		0.000000
3155		0.000000
3156		0.000000
3157		0.000000
3158		0.000000
3159		0.000000
3160		0.000000
3161		0.000000
3162		0.000000
3163		0.000000
3164		0.000000
3165		0.000000
3166		0.000000
3167		0.000000
3168		0.000000
3169		0.000000
3170		0.000000
3171		0.000000
3172		0.000000
3173		0.000000
3174		0.000000
3175		0.000000
3176		0.000000
3177		0.000000
3178		0.000000
3179		0.000000
3180		0.000000
3181		0.000000
3182		0.000000
3183		0.000000
3184		0.000000
3185		0.000000
3186		0.000000
3187		0.000000
3188		0.000000
3189		0.000000
3190		0.000000
3191		0.000000
3192		0.000000
3193		0.000000
3194		0.000000
3195		0.000000
3196		0.000000
3197		0.000000
3198		0.000000
3199		0.000000
3200		0.000000
3201		0.000000
3202		0.000000
3203		0.000000
3204		0.000000
3205		0.000000
3206		0.000000
3207		0.000000
3208		0.000000
3209		0.000000
3210		0.000000
3211		0.000000
3212		0.000000
3213		0.000000
3214		0.000000
3215		0.000000
3216		0.000000
3217		0.000000
3218		0.000000
3219		0.000000
3220		0.000000
3221		0.000000
3222		0.000000
3223		0.000000
3224		0.000000
3225		0.000000
3226		0.000000
3227		0.000000
3228		0.000000
3229		0.000000
3230		0.000000
3231		0.000000
3232		0.000000
3233		0.000000
3234		0.000000
3235		0.000000
3236		0.000000
3237		0.000000
3238		0.000000
3239		0.000000
3240		0.000000
3241		0.000000
3242		0.000000
3243		0.000000
3244		0.000000
3245		0.000000
3246		0.000000
3247		0.000000
3248		0.000000
3249		0.000000
3250		0.000000
3251		0.000000
3252		0.000000
3253		0.000000
3254		0.000000
3255		0.000000
3256		0.000000
3257		0.000000
3258		0.000000
3259		0.000000
3260		0.000000
3261		0.000000
3262		0.000000
3263		0.000000
3264		0.000000
3265		0.000000
3266		0.000000
3267		0.000000
3268		0.000000
3269		0.000000
3270		0.000000
3271		0.000000
3272		0.000000
3273		0.000000
3274		0.000000
3275		0.000000
3276		0.000000
3277		0.000000
3278		0.000000
3279		0.000000
3280		0.000000
3281		0.000000
3282		0.000000
3283		0.000000
3284		0.000000
3285		0.000000
3286		0.000000
3287		0.000000
3288		0.000000
3289		0.000000
3290		0.000000
3291		0.000000
3292		0.000000
3293		0.000000
3294		0.000000
3295		0.000000
3296		0.000000
3297		0.000000
3298		0.000000
3299		0.000000
3300		0.000000
3301		0.000000
3302		0.000000
3303		0.000000
3304		0.000000
3305		0.000000
3306		0.000000
3307		0.000000
3308		0.000000
3309		0.000000
3310		0.000000
3311		0.000000
3312		0.000000
3313		0.000000
3314		0.000000
3315		0.000000
3316		0.000000
3317		0.000000
3318		0.000000
3319		0.000000
3320		0.000000
3321		0.000000
3322		0.000000
3323		0.000000
3324		0.000000
3325		0.000000
3326		0.000000
3327		0.000000
3328		0.000000
3329		0.000000
3330		0.000000
3331		0.000000
3332		0.000000
3333		0.000000
3334		0.000000
3335		0.000000
3336		0.000000
3337		0.000000
3338		0.000000
3339		0.000000
3340		0.000000
3341		0.000000
3342		0.000000
3343		0.000000
3344		0.000000
3345		0.000000
3346		0.000000
3347		0.000000
3348		0.000000
3349		0.000000
3350		0.000000
3351		0.000000
3352		0.000000
3353		0.000000
3354		0.000000
3355		0.000000
3356		0.000000
3357		0.000000
3358		0.000000
3359		0.000000
3360		0.000000
3361		0.000000
3362		0.000000
3363		0.000000
3364		0.000000
3365		0.000000
3366		0.000000
3367		0.000000
3368		0.000000
3369		0.000000
3370		0.000000
3371		0.000000
3372		0.000000
3373		0.000000
3374		0.000000
3375		0.000000
3376		0.000000
3377		0.000000
3378		0.000000
3379		0.000000
3380		0.000000
3381		0.000000
3382		0.000000
3383		0.000000
3384		0.000000
3385		0.000000
3386		0.000000
3387		0.000000
3388		0.000000
3389		0.000000
3390		0.000000
3391		0.000000
3392		0.000000
3393		0.000000
3394		0.000000
3395		0.000000
3396		0.000000
3397		0.000000
3398		0.000000
3399		0.000000
3400		0.000000
3401		0.000000
3402		0.000000
3403		0.000000
3404		0.000000
3405		0.000000
3406		0.000000
3407		0.000000
3408		0.000000
3409		0.000000
3410		0.000000
3411		0.000000
3412		0.000000
3413		0.000000
3414		0.000000
3415		0.000000
3416		0.000000
3417		0.000000
3418		0.000000
3419		0.000000
3420		0.000000
3421		0.000000
3422		0.000000
3423		0.000000
3424		0.000000
3425		0.000000
3426		0.000000
3427		0.000000
3428		0.000000
3429		0.000000
3430		0.000000
3431		0.000000
3432		0.000000
3433		0.000000
3434		0.000000
3435		0.000000
3436		0.000000
3437		0.000000
3438		0.000000
3439		0.000000
3440		0.000000
3441		0.000000
3442		0.000000
3443		0.000000
3444		0.000000
3445		0.000000
3446		0.000000
3447		0.000000
3448		0.000000
3449		0.000000
3450		0.000000
3451		0.000000
3452		0.000000
3453		0.000000
3454		0.000000
3455		0.000000
3456		0.000000
3457		0.000000
3458		0.000000
3459		0.000000
3460		0.000000
3461		0.000000
3462		0.000000
3463		0.000000
3464		0.000000
3465		0.000000
3466		0.000000
3467		0.000000
3468		0.000000
3469		0.000000
3470		0.000000
3471		0.000000
3472		0.000000
3473		0.000000
3474		0.000000
3475		0.000000
3476		0.000000
3477		0.000000
3478		0.000000
3479		0.000000
3480		0.000000
3481		0.000000
3482		0.000000
3483		0.000000
3484		0.000000
3485		0.000000
3486		0.000000
3487		0.000000
3488		0.000000
3489		0.000000
3490		0.000000
3491		0.000000
3492		0.000000
3493		0.000000
3494		0.000000
3495		0.000000
3496		0.000000
3497		0.000000
3498		0.000000
3499		0.000000
3500		0.000000
3501		0.000000
3502		0.000000
3503		0.000000
3504		0.000000
3505		0.000000
3506		0.000000
3507		0.000000
3508		0.000000
3509		0.000000
3510		0.000000
3511		0.000000
3512		0.000000
3513		0.000000
3514		0.000000
3515		0.000000
3516		0.000000
3517		0.000000
3518		0.000000
3519		0.000000
3520		0.000000
3521		0.000000
3522		0.000000
3523		0.000000
3524		0.000000
3525		0.000000
3526		0.000000
3527		0.000000
3528		0.000000
3529		0.000000
3530		0.000000
3531		0.000000
3532		0.000000
3533		0.000000
3534		0.000000
3535		0.000000
3536		0.000000
3537		0.000000
3538		0.000000
3539		0.000000
3540		0.000000
3541		0.000000
3542		0.000000
3543		0.000000
3544		0.000000
3545		0.000000
3546		0.000000
3547		0.000000
3548		0.000000
3549		0.000000
3550		0.000000
3551		0.000000
3552		0.000000
3553		0.000000
3554		0.000000
3555		0.000000
3556		0.000000
3557		0.000000
3558		0.000000
3559		0.000000
3560		0.000000
3561		0.000000
3562		0.000000
3563		0.000000
3564		0.000000
3565		0.000000
3566		0.000000
3567		0.000000
3568		0.000000
3569		0.000000
3570		0.000000
3571		0.000000
3572		0.000000
3573		0.000000
3574		0.000000
3575		0.000000
3576		0.000000
3577		0.000000
3578		0.000000
3579		0.000000
3580		0.000000
3581		0.000000
3582		0.000000
3583		0.000000
3584		0.000000
3585		0.000000
3586		0.000000
3587		0.000000
3588		0.000000
3589		0.000000
3590		0.000000
3591		0.000000
3592		0.000000
3593		0.000000
3594		0.000000
3595		0.000000
3596		0.000000
3597		0.000000
3598		0.000000
3599		0.000000
3600		0.000000
3601		0.000000
3602		0.000000
3603		0.000000
3604		0.000000
3605		0.000000
3606		0.000000
3607		0.000000
3608		0.000000
3609		0.000000
3610		0.000000
3611		0.000000
3612		0.000000
3613		0.000000
3614		0.000000
3615		0.000000
3616		0.000000
3617		0.000000
3618		0.000000
3619		0.000000
3620		0.000000
3621		0.000000
3622		0.000000
3623		0.000000
3624		0.000000
3625		0.000000
3626		0.000000
3627		0.000000
3628		0.000000
3629		0.000000
3630		0.000000
3631		0.000000
3632		0.000000
3633		0.000000
3634		0.000000
3635		0.000000
3636		0.000000
3637		0.000000
3638		0.000000
3639		0.000000
3640		0.000000
3641		0.000000
3642		0.000000
3643		0.000000
3644		0.000000
3645		0.000000
3646		0.000000
3647		0.000000
3648		0.000000
3649		0.000000
3650		0.000000
3651		0.000000
3652		0.000000
3653		0.000000
3654		0.000000
3655		0.000000
3656		0.000000
3657		0.000000
3658		0.000000
3659		0.000000
3660		0.000000
3661		0.000000
3662		0.000000
3663		0.000000
3664		0.000000
3665		0.000000
3666		0.000000
3667		0.000000
3668		0.000000
3669		0.000000
3670		0.000000
3671		0.000000
3672		0.000000
3673		0.000000
3674		0.000000
3675		0.000000
3676		0.000000
3677		0.000000
3678		0.000000
3679		0.000000
3680		0.000000
3681		0.000000
3682		0.000000
3683		0.000000
3684		0.000000
3685		0.000000
3686		0.000000
3687		0.000000
3688		0.000000
3689		0.000000
3690		0.000000
3691		0.000000
3692		0.000000
3693		0.000000
3694		0.000000
3695		0.000000
3696		0.000000
3697		0.000000
3698		0.000000
3699		0.000000
3700		0.000000
3701		0.000000
3702		0.000000
3703		0.000000
3704		0.000000
3705		0.000000
3706		0.000000
3707		0.000000
3708		0.000000
3709		0.000000
3710		0.000000
3711		0.000000
3712		0.000000
3713		0.000000
3714		0.000000
3715		0.000000
3716		0.000000
3717		0.000000
3718		0.000000
3719		0.000000
3720		0.000000
3721		0.000000
3722		0.000000
3723		0.000000
3724		0.000000
3725		0.000000
3726		0.000000
3727		0.000000
3728		0.000000
3729		0.000000
3730		0.000000
3731		0.000000
3732		0.000000
3733		0.000000
3734		0.000000
3735		0.000000
3736		0.000000
3737		0.000000
3738		0.000000
3739		0.000000
3740		0.000000
3741		0.000000
3742		0.000000
3743		0.000000
3744		0.000000
3745		0.000000
3746		0.000000
3747		0.000000
3748		0.000000
3749		0.000000
3750		0.000000
3751		0.000000
3752		0.000000
3753		0.000000
3754		0.000000
3755		0.000000
3756		0.000000
3757		0.000000
3758		0.000000
3759		0.000000
3760		0.000000
3761		0.000000
3762		0.000000
3763		0.000000
3764		0.000000
3765		0.000000
3766		0.000000
3767		0.000000
3768		0.000000
3769		0.000000
3770		0.000000
3771		0.000000
3772		0.000000
3773		0.000000
3774		0.000000
3775		0.000000
3776		0.000000
3777		0.000000
3778		0.000000
3779		0.000000
3780		0.000000
3781		0.000000
3782		0.000000
3783		0.000000
3784		0.000000
3785		0.000000
3786		0.000000
3787		0.000000
3788		0.000000
3789		0.000000
3790		0.000000
3791		0.000000
3792		0.000000
3793		0.000000
3794		0.000000
3795		0.000000
3796		0.000000
3797		0.000000
3798		0.000000
3799		0.000000
3800		0.000000
3801		0.000000
3802		0.000000
3803		0.000000
3804		0.000000
3805		0.000000
3806		0.000000
3807		0.000000
3808		0.000000
3809		0.000000
3810		0.000000
3811		0.000000
3812		0.000000
3813		0.000000
3814		0.000000
3815		0.000000
3816		0.000000
3817		0.000000
3818		0.000000
3819		0.000000
3820		0.000000
3821		0.000000
3822		0.000000
3823		0.000000
3824		0.000000
3825		0.000000
3826		0.000000
3827		0.000000
3828		0.000000
3829		0.000000
3830		0.000000
3831		0.000000
3832		0.000000
3833		0.000000
3834		0.000000
3835		0.000000
3836		0.000000
3837		0.000000
3838		0.000000
3839		0.000000
3840		0.000000
3841		0.000000
3842		0.000000
3843		0.000000
3844		0.000000
3845		0.000000
3846		0.000000
3847		0.000000
3848		0.000000
3849		0.000000
3850		0.000000
3851		0.000000
3852		0.000000
3853		0.000000
3854		0.000000
3855		0.000000
3856		0.000000
3857		0.000000
3858		0.000000
3859		0.000000
3860		0.000000
3861		0.000000
3862		0.000000
3863		0.000000
3864		0.000000
3865		0.000000
3866		0.000000
3867		0.000000
3868		0.000000
3869		0.000000
3870		0.000000
3871		0.000000
3872		0.000000
3873		0.000000
3874		0.000000
3875		0.000000
3876		0.000000
3877		0.000000
3878		0.000000
3879		0.000000
3880		0.000000
3881		0.000000
3882		0.000000
3883		0.000000
3884		0.000000
3885		0.000000
3886		0.000000
3887		0.000000
3888		0.000000
3889		0.000000
3890		0.000000
3891		0.000000
3892		0.000000
3893		0.000000
3894		0.000000
3895		0.000000
3896		0.000000
3897		0.000000
3898		0.000000
3899		0.000000
3900		0.000000
3901		0.000000
3902		0.000000
3903		0.000000
3904		0.000000
3905		0.000000
3906		0.000000
3907		0.000000
3908		0.000000
3909		0.000000
3910		0.000000
3911		0.000000
3912		0.000000
3913		0.000000
3914		0.000000
3915		0.000000
3916		0.000000
3917		0.000000
3918		0.000000
3919		0.000000
3920		0.000000
3921		0.000000
3922		0.000000
3923		0.000000
3924		0.000000
3925		0.000000
3926		0.000000
3927		0.000000
3928		0.000000
3929		0.000000
3930		0.000000
3931		0.000000
3932		0.000000
3933		0.000000
3934		0.000000
3935		0.000000
3936		0.000000
3937		0.000000
3938		0.000000
3939		0.000000
3940		0.000000
3941		0.000000
3942		0.000000
3943		0.000000
3944		0.000000
3945		0.000000
3946		0.000000
3947		0.000000
3948		0.000000
3949		0.000000
3950		0.000000
3951		0.000000
3952		0.000000
3953		0.000000
3954		0.000000
3955		0.000000
3956		0.000000
3957		0.000000
3958		0.000000
3959		0.000000
3960		0.000000
3961		0.000000
3962		0.000000
3963		0.000000
3964		0.000000
3965		0.000000
3966		0.000000
3967		0.000000
3968		0.000000
3969		0.000000
3970		0.000000
3971		0.000000
3972		0.000000
3973		0.000000
3974		0.000000
3975		0.000000
3976		0.000000
3977		0.000000
3978		0.000000
3979		0.000000
3980		0.000000
3981		0.000000
3982		0.000000
3983		0.000000
3984		0.000000
3985		0.000000
3986		0.000000
3987		0.000000
3988		0.000000
3989		0.000000
3990		0.000000
3991		0.000000
3992		0.000000
3993		0.000000
3994		0.000000
3995		0.000000
3996		0.000000
3997		0.000000
3998		0.000000
3999		0.000000
4000		0.000000
4001		0.000000
4002		0.000000
4003		0.000000
4004		0.000000
4005		0.000000
4006		0.000000
4007		0.000000
4008		0.000000
4009		0.000000
4010		0.000000
4011		0.000000
4012		0.000000
4013		0.000000
4014		0.000000
4015		0.000000
4016		0.000000
4017		0.000000
4018		0.000000
4019		0.000000
4020		0.000000
4021		0.000000
4022		0.000000
4023		0.000000
4024		0.000000
4025		0.000000
4026		0.000000
4027		0.000000
4028		0.000000
4029		0.000000
4030		0.000000
4031		0.000000
4032		0.000000
4033		0.000000
4034		0.000000
4035		0.000000
4036		0.000000
4037		0.000000
4038		0.000000
4039		0.000000
4040		0.000000
4041		0.000000
4042		0.000000
4043		0.000000
4044		0.000000
4045		0.000000
4046		0.000000
4047		0.000000
4048		0.000000
4049		0.000000
4050		0.000000
4051		0.000000
4052		0.000000
4053		0.000000
4054		0.000000
4055		0.000000
4056		0.000000
4057		0.000000
4058		0.000000
4059		0.000000
4060		0.000000
4061		0.000000
4062		0.000000
4063		0.000000
4064		0.000000
4065		0.000000
4066		0.000000
4067		0.000000
4068		0.000000
4069		0.000000
4070		0.000000
4071		0.000000
4072		0.000000
4073		0.000000
4074		0.000000
4075		0.000000
4076		0.000000
4077		0.000000
4078		0.000000
4079		0.000000
4080		0.000000
4081		0.000000
4082		0.000000
4083		0.000000
4084		0.000000
4085		0.000000
4086		0.000000
4087		0.000000
4088		0.000000
4089		0.000000
4090		0.000000
4091		0.000000
4092		0.000000
4093		0.000000
4094		0.000000
4095		0.000000
