0		0.000000
1		0.000000
2		0.000000
3		0.000000
4		0.000000
5		0.000000
6		0.000000
7		0.000000
8		0.000000
9		0.000000
10		0.000000
11		0.000000
12		0.000000
13		0.000000
14		0.000000
15		0.000000
16		0.000000
17		0.000000
18		0.000000
19		0.000000
20		0.000000
21		0.000000
22		0.000000
23		0.000000
24		0.000000
25		0.000000
26		0.000000
27		0.000000
28		0.000000
29		0.000000
30		0.000000
31		0.000000
32		0.000000
33		0.000000
34		0.000000
35		0.000000
36		0.000000
37		0.000000
38		0.000000
39		0.000000
40		0.000000
41		0.000000
42		0.000000
43		0.000000
44		0.000000
45		0.000000
46		0.000000
47		0.000000
48		0.000000
49		0.000000
50		0.000000
51		0.000000
52		0.000000
53		0.000000
54		0.000000
55		0.000000
56		0.000000
57		0.000000
58		0.000000
59		0.000000
60		0.000000
61		0.000000
62		0.000000
63		0.000000
64		0.000000
65		0.000000
66		0.000000
67		0.000000
68		0.000000
69		0.000000
70		0.000000
71		0.000000
72		0.000000
73		0.000000
74		0.000000
75		0.000000
76		0.000000
77		0.000000
78		0.000000
79		0.000000
80		0.000000
81		0.000000
82		0.000000
83		0.000000
84		0.000000
85		0.000000
86		0.000000
87		0.000000
88		0.000000
89		0.000000
90		0.000000
91		0.000000
92		0.000000
93		0.000000
94		0.000000
95		0.000000
96		0.000000
97		0.000000
98		0.000000
99		0.000000
100		0.000000
101		0.000000
102		0.000000
103		0.000000
104		0.000000
105		0.000000
106		0.000000
107		0.000000
108		0.000000
109		19132.628906
110		11675.394531
111		318.270233
112		44.933643
113		39.915081
114		40.732056
115		44.350090
116		38.981392
117		43.416401
118		47.968121
119		45.400486
120		41.432320
121		46.217461
122		48.318253
123		46.217461
124		45.050354
125		42.599426
126		44.466801
127		44.700222
128		43.533112
129		45.867329
130		47.034435
131		47.151146
132		46.917725
133		45.167065
134		42.015873
135		47.968121
136		42.949558
137		51.352734
138		50.652470
139		44.466801
140		43.999954
141		49.602074
142		51.702866
143		47.617989
144		50.652470
145		46.334171
146		51.819576
147		50.068916
148		50.769180
149		53.803661
150		56.021164
151		49.485363
152		56.021164
153		55.787743
154		56.604717
155		64.891182
156		52.636551
157		57.304981
158		53.453526
159		63.257233
160		63.257233
161		57.655113
162		61.039726
163		69.909744
164		66.291710
165		67.225395
166		66.175003
167		63.373943
168		64.774467
169		65.358025
170		68.859344
171		65.591446
172		63.490654
173		67.342110
174		68.509216
175		70.726723
176		70.960144
177		66.991974
178		76.212128
179		76.912392
180		66.175003
181		73.877907
182		68.742638
183		77.962784
184		78.779762
185		79.596741
186		77.029099
187		81.230690
188		74.578178
189		77.262520
190		81.113976
191		84.265167
192		83.331482
193		86.716095
194		79.129890
195		86.599380
196		86.482674
197		86.132538
198		86.599380
199		94.068871
200		91.267815
201		100.021118
202		87.182938
203		91.851364
204		89.633865
205		91.034393
206		92.785049
207		94.652428
208		91.151100
209		82.981346
210		94.769135
211		89.400444
212		90.567551
213		85.198853
214		87.999908
215		83.681610
216		85.665695
217		80.997269
218		75.628571
219		77.262520
220		74.694885
221		75.395149
222		75.861992
223		73.060936
224		70.843430
225		75.628571
226		69.326187
227		70.259880
228		73.527779
229		71.310272
230		67.458817
231		68.976059
232		68.742638
233		73.411064
234		64.541046
235		67.692238
236		69.209480
237		65.358025
238		63.257233
239		63.724075
240		67.108688
241		65.358025
242		65.358025
243		68.159081
244		67.108688
245		63.023811
246		62.673676
247		61.739990
248		63.840786
249		56.137875
250		60.222752
251		57.888535
252		58.121956
253		60.222752
254		58.588802
255		56.488007
256		58.705513
257		56.254585
258		56.604717
259		57.771824
260		58.238670
261		58.121956
262		53.920372
263		46.567593
264		56.838139
265		52.286419
266		54.854057
267		61.273148
268		50.068916
269		55.204189
270		56.838139
271		52.636551
272		52.169708
273		57.888535
274		52.403130
275		51.469444
276		55.671032
277		55.204189
278		54.503925
279		53.803661
280		52.636551
281		53.686951
282		53.686951
283		59.055645
284		50.419048
285		49.135231
286		53.220104
287		47.151146
288		52.869972
289		53.336815
290		54.503925
291		52.753262
292		53.686951
293		47.851410
294		51.586155
295		53.103394
296		52.519840
297		50.652470
298		52.986683
299		51.936287
300		47.851410
301		47.734699
302		48.551674
303		48.201542
304		53.103394
305		49.485363
306		49.368652
307		49.135231
308		51.586155
309		49.835495
310		53.570240
311		50.185627
312		52.519840
313		46.100750
314		63.257233
315		196.074081
316		213.930817
317		72.944221
318		49.251942
319		43.999954
320		46.217461
321		47.267857
322		47.034435
323		42.249294
324		47.851410
325		45.283775
326		45.984039
327		47.034435
328		47.151146
329		44.933643
330		46.684303
331		49.135231
332		48.201542
333		47.968121
334		46.567593
335		46.917725
336		48.318253
337		44.233379
338		46.334171
339		43.416401
340		47.501278
341		44.700222
342		45.984039
343		47.501278
344		47.851410
345		49.485363
346		49.602074
347		47.617989
348		45.517197
349		45.400486
350		52.869972
351		51.586155
352		48.668385
353		47.501278
354		47.501278
355		47.034435
356		46.917725
357		45.283775
358		48.668385
359		48.551674
360		48.201542
361		47.851410
362		47.151146
363		45.633907
364		47.267857
365		47.617989
366		46.334171
367		46.100750
368		51.236023
369		45.633907
370		49.718784
371		50.769180
372		47.734699
373		49.485363
374		87.066223
375		172.381790
376		110.875221
377		54.854057
378		51.236023
379		49.952206
380		50.535759
381		49.368652
382		49.251942
383		50.185627
384		52.169708
385		49.368652
386		54.854057
387		53.803661
388		55.204189
389		54.037083
390		54.153793
391		60.572884
392		53.686951
393		52.636551
394		51.819576
395		53.336815
396		51.936287
397		55.787743
398		56.021164
399		58.705513
400		58.705513
401		57.304981
402		61.156437
403		59.405777
404		59.755909
405		63.490654
406		61.273148
407		58.938934
408		45.984039
409		48.434963
410		48.901810
411		49.952206
412		48.201542
413		47.851410
414		49.368652
415		48.551674
416		50.068916
417		43.649822
418		45.400486
419		48.668385
420		43.182980
421		42.132584
422		43.533112
423		46.334171
424		44.816933
425		46.567593
426		45.517197
427		43.416401
428		38.864681
429		43.766533
430		41.782452
431		43.533112
432		47.968121
433		46.100750
434		43.766533
435		41.198898
436		43.766533
437		39.331524
438		44.933643
439		41.782452
440		39.331524
441		41.782452
442		40.848766
443		37.930996
444		39.448235
445		36.880600
446		39.098103
447		38.747971
448		35.246651
449		38.747971
450		39.915081
451		40.031792
452		36.063625
453		39.098103
454		38.281128
455		38.981392
456		41.082188
457		39.681660
458		35.596783
459		38.747971
460		38.864681
461		36.413757
462		38.281128
463		33.612698
464		33.962830
465		37.580864
466		35.713493
467		33.729408
468		36.063625
469		37.814285
470		35.246651
471		35.713493
472		31.745327
473		36.180336
474		35.246651
475		35.713493
476		36.880600
477		31.395193
478		37.814285
479		36.297047
480		35.129940
481		35.013229
482		36.997311
483		33.612698
484		33.145855
485		36.530468
486		80.413712
487		577.834961
488		1233.049194
489		542.238159
490		74.461464
491		33.846119
492		31.628616
493		29.877954
494		33.846119
495		33.262566
496		32.679012
497		33.495987
498		29.994665
499		30.694929
500		29.761244
501		26.259920
502		28.944267
503		30.228086
504		29.177691
505		29.761244
506		29.877954
507		31.395193
508		29.294401
509		31.745327
510		33.262566
511		29.527822
512		33.379276
513		29.294401
514		29.294401
515		33.612698
516		31.395193
517		33.145855
518		32.912434
519		27.660450
520		29.644533
521		43.416401
522		96.052956
523		91.384521
524		47.034435
525		34.079540
526		33.612698
527		31.161772
528		28.710846
529		52.519840
530		128.965393
531		125.230644
532		45.750618
533		34.663094
534		30.578218
535		29.761244
536		30.811640
537		30.228086
538		28.127293
539		29.527822
540		30.344797
541		33.379276
542		33.729408
543		29.644533
544		41.665741
545		121.962746
546		177.633774
547		85.082146
548		33.612698
549		37.814285
550		46.684303
551		44.350090
552		35.830204
553		33.145855
554		35.830204
555		32.328880
556		38.514549
557		58.005245
558		50.769180
559		33.379276
560		34.896515
561		35.246651
562		31.511906
563		32.679012
564		28.010582
565		32.912434
566		29.527822
567		32.912434
568		31.978748
569		36.763889
570		34.896515
571		33.495987
572		34.546383
573		30.811640
574		34.896515
575		32.795723
576		33.262566
577		33.962830
578		30.928350
579		49.952206
580		93.835449
581		89.517151
582		43.883244
583		33.495987
584		39.681660
585		38.864681
586		36.997311
587		34.779804
588		35.596783
589		38.281128
590		38.397839
591		34.312962
592		34.546383
593		39.214813
594		36.997311
595		34.896515
596		36.880600
597		32.212170
598		32.679012
599		36.530468
600		36.763889
601		36.297047
602		37.697575
603		37.930996
604		33.029144
605		39.331524
606		35.363361
607		36.997311
608		34.779804
609		36.997311
610		43.066269
611		35.246651
612		35.713493
613		38.164417
614		36.647179
615		40.031792
616		40.148502
617		37.230732
618		42.949558
619		43.416401
620		39.448235
621		40.615345
622		39.098103
623		35.946915
624		38.631260
625		37.230732
626		36.413757
627		38.514549
628		41.432320
629		42.132584
630		40.615345
631		38.631260
632		41.782452
633		40.732056
634		38.164417
635		40.031792
636		45.633907
637		42.716137
638		46.334171
639		43.416401
640		41.665741
641		44.700222
642		39.448235
643		41.665741
644		43.999954
645		46.334171
646		45.984039
647		46.450882
648		49.018520
649		44.583511
650		45.517197
651		43.649822
652		46.450882
653		39.681660
654		47.151146
655		45.633907
656		46.217461
657		47.034435
658		49.135231
659		45.867329
660		45.633907
661		47.501278
662		52.286419
663		53.686951
664		51.119312
665		52.169708
666		47.617989
667		52.869972
668		51.819576
669		56.838139
670		60.339462
671		59.522488
672		56.137875
673		59.872620
674		55.787743
675		51.469444
676		42.832848
677		42.716137
678		42.832848
679		37.930996
680		36.997311
681		39.915081
682		40.498634
683		35.830204
684		42.482716
685		39.798370
686		34.312962
687		38.281128
688		40.848766
689		39.331524
690		36.880600
691		39.564945
692		34.546383
693		33.379276
694		44.116665
695		38.514549
696		31.745327
697		35.013229
698		34.546383
699		31.745327
700		37.230732
701		36.997311
702		33.145855
703		33.612698
704		34.312962
705		32.212170
706		32.212170
707		32.095459
708		29.294401
709		28.360714
710		31.511906
711		28.827557
712		25.909788
713		27.193607
714		27.660450
715		26.493341
716		27.543739
717		25.909788
718		27.777161
719		28.594135
720		23.458862
721		22.525177
722		24.625971
723		23.458862
724		21.708200
725		22.758598
726		21.474779
727		22.758598
728		20.424383
729		22.758598
730		20.074251
731		20.074251
732		23.108730
733		25.209524
734		23.342152
735		21.241358
736		23.575573
737		19.607407
738		23.225441
739		20.657804
740		20.074251
741		18.440300
742		21.474779
743		19.957541
744		19.840830
745		21.124647
746		19.140564
747		17.156481
748		19.257275
749		19.490696
750		19.490696
751		22.058332
752		23.575573
753		23.808994
754		20.774515
755		17.973457
756		22.408466
757		18.673721
758		18.206879
759		22.291756
760		27.777161
761		42.249294
762		268.434753
763		1227.447021
764		1669.780762
765		630.821655
766		76.678970
767		18.557011
768		20.774515
769		17.156481
770		16.806349
771		17.623325
772		17.973457
773		17.856747
774		17.039770
775		17.039770
776		16.572927
777		19.373985
778		15.405820
779		17.973457
780		18.907143
781		18.440300
782		21.474779
783		18.907143
784		17.740036
785		18.557011
786		18.557011
787		20.424383
788		19.257275
789		18.790432
790		15.405820
791		20.424383
792		21.241358
793		17.156481
794		21.591490
795		30.928350
796		62.673676
797		72.827515
798		29.877954
799		18.090168
800		20.074251
801		20.074251
802		18.440300
803		18.907143
804		20.657804
805		19.957541
806		17.506615
807		19.724117
808		18.790432
809		20.307673
810		22.408466
811		18.090168
812		19.140564
813		17.273191
814		17.273191
815		21.591490
816		18.907143
817		21.007936
818		18.907143
819		20.774515
820		19.607407
821		17.389902
822		17.506615
823		22.058332
824		19.257275
825		20.657804
826		17.039770
827		21.824911
828		22.058332
829		21.824911
830		21.124647
831		21.708200
832		19.490696
833		20.891226
834		20.657804
835		20.541094
836		22.525177
837		21.708200
838		19.607407
839		20.424383
840		21.824911
841		19.373985
842		21.941622
843		20.424383
844		21.124647
845		19.490696
846		20.074251
847		20.541094
848		21.007936
849		21.941622
850		20.424383
851		18.790432
852		19.140564
853		21.591490
854		22.641888
855		23.108730
856		20.774515
857		22.641888
858		24.392548
859		22.175045
860		22.175045
861		20.541094
862		21.824911
863		23.575573
864		23.458862
865		26.143209
866		26.493341
867		24.509260
868		21.824911
869		20.074251
870		25.092813
871		21.124647
872		22.758598
873		24.976103
874		23.808994
875		21.474779
876		19.140564
877		22.408466
878		21.124647
879		21.241358
880		21.124647
881		24.275837
882		21.124647
883		20.891226
884		20.074251
885		19.957541
886		17.856747
887		19.257275
888		21.474779
889		18.557011
890		19.607407
891		19.023853
892		22.408466
893		18.090168
894		17.973457
895		16.689638
896		18.790432
897		19.373985
898		19.724117
899		18.090168
900		21.241358
901		17.740036
902		18.907143
903		19.490696
904		17.623325
905		21.358068
906		15.639241
907		18.790432
908		17.273191
909		17.506615
910		19.724117
911		19.724117
912		18.206879
913		21.007936
914		19.023853
915		21.241358
916		15.522531
917		18.673721
918		14.472134
919		16.572927
920		16.339506
921		20.657804
922		22.641888
923		28.244003
924		21.591490
925		15.755953
926		20.190962
927		16.572927
928		17.273191
929		13.771870
930		16.456217
931		16.572927
932		13.771870
933		14.588845
934		16.572927
935		17.506615
936		18.323589
937		15.055688
938		16.339506
939		19.957541
940		19.490696
941		18.440300
942		20.424383
943		15.989374
944		17.389902
945		18.557011
946		18.090168
947		17.156481
948		17.740036
949		18.440300
950		16.222795
951		19.840830
952		16.572927
953		19.257275
954		20.541094
955		20.424383
956		16.106085
957		20.657804
958		50.769180
959		114.376541
960		101.655067
961		39.214813
962		18.090168
963		17.156481
964		18.440300
965		39.798370
966		147.055557
967		236.222580
968		140.636459
969		46.684303
970		25.092813
971		24.159126
972		18.206879
973		16.106085
974		19.957541
975		16.923059
976		16.106085
977		17.389902
978		15.872663
979		18.090168
980		17.389902
981		16.339506
982		15.405820
983		15.989374
984		18.206879
985		16.572927
986		19.140564
987		16.222795
988		18.790432
989		16.222795
990		14.705556
991		18.090168
992		17.623325
993		16.456217
994		15.172399
995		15.055688
996		17.973457
997		17.273191
998		17.506615
999		19.023853
1000		15.755953
1001		19.373985
1002		17.273191
1003		17.973457
1004		19.373985
1005		15.755953
1006		16.572927
1007		17.973457
1008		17.156481
1009		18.090168
1010		15.872663
1011		19.257275
1012		19.023853
1013		17.039770
1014		19.957541
1015		16.689638
1016		15.872663
1017		17.389902
1018		15.172399
1019		17.273191
1020		18.907143
1021		19.490696
1022		18.440300
1023		20.074251
1024		37.114021
1025		48.785095
1026		41.899162
1027		24.742682
1028		22.992020
1029		26.259920
1030		26.376631
1031		22.525177
1032		21.708200
1033		19.607407
1034		19.140564
1035		19.607407
1036		18.090168
1037		18.907143
1038		18.206879
1039		20.774515
1040		18.206879
1041		21.708200
1042		18.790432
1043		17.973457
1044		21.824911
1045		20.307673
1046		15.639241
1047		21.358068
1048		20.074251
1049		19.840830
1050		20.190962
1051		19.140564
1052		21.358068
1053		22.992020
1054		19.957541
1055		19.724117
1056		19.023853
1057		19.140564
1058		16.339506
1059		22.992020
1060		20.774515
1061		19.724117
1062		17.973457
1063		19.257275
1064		18.323589
1065		19.840830
1066		17.740036
1067		22.291756
1068		17.973457
1069		19.140564
1070		18.557011
1071		18.790432
1072		19.607407
1073		17.623325
1074		17.973457
1075		20.541094
1076		18.206879
1077		18.557011
1078		17.740036
1079		19.607407
1080		19.140564
1081		18.557011
1082		19.373985
1083		16.923059
1084		17.156481
1085		16.456217
1086		15.989374
1087		19.257275
1088		16.689638
1089		17.740036
1090		16.222795
1091		17.156481
1092		18.440300
1093		19.140564
1094		17.740036
1095		17.039770
1096		20.307673
1097		19.607407
1098		18.440300
1099		16.689638
1100		17.389902
1101		17.623325
1102		16.572927
1103		17.389902
1104		17.039770
1105		18.907143
1106		16.456217
1107		14.938977
1108		18.090168
1109		15.989374
1110		19.140564
1111		16.339506
1112		17.506615
1113		16.806349
1114		18.206879
1115		19.840830
1116		17.973457
1117		17.623325
1118		17.389902
1119		18.557011
1120		16.689638
1121		16.923059
1122		18.440300
1123		18.090168
1124		18.206879
1125		17.740036
1126		17.273191
1127		17.623325
1128		46.567593
1129		106.907051
1130		146.005157
1131		72.827515
1132		32.095459
1133		18.323589
1134		16.222795
1135		17.856747
1136		17.973457
1137		18.323589
1138		18.790432
1139		16.456217
1140		20.074251
1141		30.461508
1142		59.172356
1143		65.591446
1144		40.265213
1145		21.241358
1146		19.840830
1147		19.257275
1148		18.557011
1149		17.156481
1150		18.790432
1151		18.440300
1152		18.907143
1153		18.440300
1154		17.273191
1155		19.257275
1156		15.755953
1157		19.840830
1158		19.140564
1159		19.840830
1160		19.957541
1161		19.490696
1162		18.673721
1163		19.490696
1164		15.989374
1165		19.607407
1166		16.806349
1167		19.373985
1168		17.039770
1169		16.689638
1170		17.973457
1171		19.957541
1172		18.323589
1173		23.692284
1174		25.909788
1175		22.175045
1176		19.257275
1177		20.190962
1178		22.291756
1179		19.257275
1180		17.740036
1181		16.923059
1182		19.023853
1183		19.257275
1184		18.206879
1185		28.127293
1186		20.074251
1187		19.607407
1188		17.740036
1189		17.740036
1190		18.206879
1191		21.124647
1192		21.591490
1193		16.572927
1194		20.190962
1195		18.557011
1196		19.373985
1197		19.957541
1198		20.657804
1199		18.557011
1200		24.275837
1201		24.509260
1202		19.490696
1203		16.806349
1204		19.490696
1205		18.206879
1206		17.856747
1207		18.440300
1208		16.923059
1209		19.957541
1210		16.106085
1211		18.206879
1212		14.705556
1213		14.122002
1214		19.023853
1215		19.724117
1216		18.206879
1217		19.023853
1218		17.623325
1219		17.740036
1220		16.456217
1221		18.673721
1222		16.456217
1223		19.140564
1224		18.323589
1225		17.039770
1226		17.623325
1227		19.607407
1228		18.323589
1229		20.307673
1230		51.936287
1231		121.962746
1232		139.352646
1233		87.299644
1234		33.379276
1235		24.159126
1236		25.209524
1237		22.525177
1238		19.373985
1239		25.326235
1240		20.891226
1241		21.708200
1242		21.474779
1243		21.241358
1244		18.673721
1245		22.175045
1246		25.326235
1247		22.058332
1248		23.108730
1249		21.474779
1250		19.373985
1251		22.291756
1252		20.190962
1253		21.241358
1254		23.458862
1255		24.742682
1256		19.957541
1257		21.241358
1258		20.541094
1259		21.007936
1260		24.976103
1261		21.591490
1262		23.808994
1263		21.124647
1264		21.474779
1265		22.291756
1266		21.708200
1267		22.992020
1268		20.074251
1269		22.758598
1270		24.392548
1271		24.392548
1272		24.275837
1273		20.891226
1274		25.092813
1275		25.209524
1276		22.758598
1277		24.392548
1278		25.676367
1279		23.692284
1280		21.007936
1281		22.758598
1282		23.925705
1283		24.159126
1284		20.657804
1285		27.660450
1286		24.625971
1287		22.175045
1288		24.742682
1289		22.758598
1290		24.742682
1291		25.442945
1292		23.575573
1293		22.408466
1294		25.559656
1295		20.074251
1296		26.726763
1297		24.625971
1298		24.042416
1299		21.591490
1300		25.559656
1301		25.559656
1302		28.244003
1303		29.411112
1304		26.259920
1305		25.326235
1306		23.925705
1307		24.392548
1308		24.625971
1309		23.808994
1310		25.442945
1311		25.793077
1312		25.793077
1313		25.909788
1314		25.559656
1315		27.543739
1316		25.092813
1317		25.092813
1318		25.676367
1319		25.209524
1320		25.209524
1321		26.026499
1322		27.777161
1323		28.477425
1324		26.376631
1325		26.376631
1326		26.843475
1327		29.761244
1328		28.127293
1329		29.644533
1330		27.893871
1331		25.326235
1332		29.060978
1333		29.644533
1334		31.862038
1335		30.228086
1336		28.827557
1337		28.710846
1338		33.962830
1339		29.644533
1340		31.045061
1341		33.612698
1342		29.177691
1343		26.493341
1344		26.026499
1345		26.960186
1346		27.660450
1347		28.244003
1348		24.392548
1349		27.076897
1350		22.058332
1351		25.092813
1352		25.326235
1353		23.808994
1354		24.742682
1355		21.358068
1356		23.342152
1357		23.925705
1358		22.058332
1359		22.875309
1360		22.758598
1361		22.175045
1362		25.909788
1363		21.591490
1364		23.458862
1365		22.408466
1366		22.058332
1367		23.925705
1368		23.342152
1369		19.957541
1370		21.474779
1371		22.525177
1372		20.190962
1373		20.541094
1374		22.291756
1375		20.541094
1376		27.193607
1377		21.941622
1378		22.408466
1379		43.182980
1380		68.392502
1381		68.742638
1382		35.830204
1383		23.808994
1384		19.140564
1385		17.856747
1386		21.358068
1387		18.323589
1388		19.140564
1389		19.023853
1390		18.090168
1391		14.588845
1392		15.522531
1393		17.156481
1394		18.206879
1395		19.724117
1396		21.241358
1397		20.190962
1398		15.055688
1399		15.755953
1400		14.588845
1401		13.888580
1402		20.424383
1403		32.912434
1404		49.952206
1405		37.814285
1406		23.225441
1407		14.588845
1408		15.055688
1409		13.421738
1410		16.456217
1411		14.705556
1412		15.172399
1413		13.305026
1414		15.289109
1415		15.405820
1416		13.888580
1417		15.522531
1418		15.055688
1419		15.405820
1420		13.538448
1421		14.938977
1422		13.771870
1423		12.254630
1424		16.339506
1425		13.421738
1426		13.305026
1427		14.005291
1428		14.355423
1429		13.538448
1430		14.122002
1431		15.289109
1432		15.172399
1433		12.604762
1434		12.604762
1435		20.190962
1436		90.334129
1437		328.657501
1438		631.988770
1439		558.460999
1440		226.885712
1441		52.636551
1442		16.456217
1443		12.954894
1444		13.538448
1445		11.204233
1446		12.254630
1447		13.538448
1448		11.671076
1449		14.122002
1450		13.188315
1451		17.506615
1452		15.172399
1453		13.655159
1454		13.421738
1455		14.238712
1456		13.188315
1457		12.021208
1458		15.522531
1459		14.005291
1460		14.355423
1461		12.604762
1462		12.604762
1463		12.721473
1464		13.188315
1465		12.604762
1466		15.755953
1467		11.087523
1468		14.472134
1469		14.238712
1470		12.838183
1471		13.305026
1472		12.721473
1473		11.554365
1474		16.923059
1475		13.655159
1476		14.705556
1477		13.888580
1478		13.655159
1479		13.305026
1480		14.238712
1481		13.071605
1482		15.289109
1483		11.320944
1484		14.238712
1485		13.421738
1486		14.355423
1487		18.790432
1488		13.888580
1489		14.938977
1490		15.405820
1491		13.188315
1492		13.188315
1493		14.588845
1494		11.320944
1495		14.122002
1496		14.122002
1497		12.371341
1498		14.938977
1499		15.055688
1500		14.122002
1501		13.888580
1502		11.087523
1503		15.522531
1504		13.071605
1505		15.289109
1506		14.355423
1507		15.172399
1508		13.188315
1509		15.289109
1510		15.289109
1511		12.021208
1512		15.055688
1513		15.055688
1514		16.689638
1515		14.705556
1516		13.305026
1517		14.822267
1518		15.405820
1519		14.705556
1520		16.339506
1521		16.689638
1522		17.623325
1523		16.572927
1524		16.106085
1525		13.888580
1526		18.090168
1527		15.522531
1528		13.888580
1529		14.238712
1530		12.021208
1531		14.238712
1532		15.055688
1533		14.472134
1534		15.055688
1535		13.421738
1536		12.838183
1537		16.689638
1538		14.472134
1539		16.806349
1540		13.305026
1541		16.456217
1542		13.888580
1543		13.655159
1544		12.838183
1545		12.021208
1546		14.355423
1547		14.705556
1548		11.204233
1549		13.421738
1550		15.405820
1551		15.989374
1552		17.856747
1553		15.989374
1554		14.005291
1555		10.620679
1556		14.472134
1557		11.787786
1558		11.904497
1559		12.137918
1560		11.320944
1561		11.437654
1562		10.737390
1563		13.655159
1564		11.671076
1565		14.472134
1566		9.453571
1567		11.904497
1568		13.071605
1569		12.488051
1570		13.305026
1571		11.087523
1572		12.721473
1573		10.970811
1574		10.970811
1575		10.620679
1576		12.721473
1577		13.188315
1578		11.320944
1579		12.488051
1580		12.954894
1581		11.320944
1582		11.554365
1583		12.021208
1584		11.554365
1585		11.671076
1586		8.753307
1587		12.137918
1588		11.554365
1589		10.387258
1590		10.620679
1591		10.503968
1592		11.554365
1593		11.087523
1594		12.254630
1595		11.437654
1596		12.838183
1597		10.737390
1598		9.220150
1599		10.387258
1600		9.336861
1601		10.620679
1602		10.270547
1603		9.570282
1604		9.336861
1605		11.204233
1606		12.371341
1607		10.037126
1608		18.557011
1609		48.318253
1610		100.371254
1611		120.445503
1612		70.960144
1613		32.562302
1614		19.490696
1615		15.522531
1616		14.005291
1617		14.238712
1618		12.838183
1619		14.355423
1620		14.938977
1621		19.607407
1622		20.891226
1623		16.106085
1624		13.538448
1625		14.122002
1626		11.671076
1627		13.771870
1628		12.604762
1629		11.787786
1630		13.771870
1631		12.838183
1632		12.838183
1633		11.904497
1634		14.822267
1635		10.854100
1636		12.488051
1637		15.289109
1638		12.721473
1639		11.204233
1640		11.554365
1641		15.055688
1642		13.188315
1643		10.737390
1644		12.254630
1645		11.671076
1646		13.655159
1647		12.838183
1648		12.838183
1649		13.655159
1650		12.137918
1651		11.204233
1652		11.087523
1653		12.604762
1654		15.172399
1655		12.604762
1656		13.771870
1657		12.137918
1658		13.421738
1659		13.305026
1660		11.087523
1661		11.787786
1662		11.554365
1663		13.771870
1664		11.554365
1665		14.355423
1666		13.305026
1667		13.771870
1668		10.854100
1669		12.721473
1670		12.137918
1671		12.838183
1672		11.204233
1673		12.954894
1674		13.421738
1675		12.254630
1676		11.787786
1677		11.204233
1678		12.721473
1679		11.087523
1680		14.588845
1681		14.705556
1682		16.456217
1683		12.254630
1684		12.021208
1685		13.655159
1686		11.904497
1687		14.005291
1688		12.137918
1689		12.604762
1690		10.620679
1691		12.021208
1692		10.503968
1693		12.254630
1694		10.737390
1695		13.071605
1696		11.204233
1697		11.087523
1698		9.570282
1699		11.671076
1700		13.188315
1701		11.437654
1702		12.371341
1703		11.204233
1704		11.904497
1705		12.371341
1706		13.538448
1707		11.904497
1708		14.938977
1709		13.771870
1710		12.488051
1711		12.721473
1712		11.787786
1713		14.005291
1714		12.488051
1715		14.355423
1716		12.488051
1717		12.488051
1718		10.970811
1719		13.538448
1720		14.238712
1721		11.554365
1722		10.854100
1723		10.387258
1724		9.453571
1725		11.087523
1726		10.037126
1727		9.803703
1728		10.737390
1729		9.570282
1730		11.904497
1731		9.686993
1732		9.920415
1733		13.421738
1734		12.371341
1735		10.737390
1736		9.336861
1737		11.320944
1738		8.286464
1739		9.570282
1740		10.037126
1741		10.854100
1742		10.387258
1743		9.570282
1744		8.403174
1745		8.636596
1746		9.570282
1747		8.986729
1748		7.002645
1749		8.636596
1750		6.535802
1751		8.169753
1752		8.753307
1753		8.986729
1754		8.753307
1755		8.053042
1756		7.936332
1757		7.236067
1758		6.769224
1759		7.119356
1760		6.652513
1761		7.236067
1762		7.236067
1763		7.002645
1764		5.485405
1765		6.885935
1766		6.535802
1767		4.551720
1768		5.368695
1769		6.068959
1770		7.119356
1771		5.602117
1772		6.185670
1773		4.901852
1774		5.018563
1775		5.368695
1776		6.185670
1777		3.851455
1778		4.668430
1779		4.318298
1780		5.135273
1781		5.368695
1782		5.835538
1783		7.002645
1784		9.686993
1785		7.586199
1786		6.885935
1787		5.135273
1788		3.384612
1789		4.084877
1790		3.851455
1791		4.318298
1792		5.485405
1793		5.135273
1794		4.084877
1795		4.435009
1796		4.551720
1797		4.084877
1798		3.968166
1799		4.901852
1800		4.668430
1801		3.968166
1802		3.501323
1803		4.084877
1804		4.668430
1805		3.384612
1806		3.851455
1807		3.151191
1808		3.501323
1809		3.851455
1810		5.952249
1811		3.501323
1812		4.201587
1813		4.084877
1814		12.721473
1815		44.466801
1816		137.835403
1817		222.450699
1818		197.591309
1819		99.437569
1820		27.427029
1821		6.068959
1822		3.734744
1823		3.151191
1824		3.267901
1825		3.384612
1826		2.450926
1827		3.501323
1828		3.501323
1829		3.501323
1830		3.267901
1831		2.684347
1832		2.917769
1833		2.801058
1834		2.684347
1835		2.801058
1836		3.034480
1837		3.734744
1838		2.801058
1839		3.618033
1840		2.100794
1841		3.968166
1842		3.384612
1843		2.100794
1844		3.501323
1845		3.034480
1846		3.034480
1847		2.917769
1848		2.217505
1849		3.968166
1850		2.684347
1851		3.618033
1852		3.151191
1853		3.734744
1854		2.684347
1855		2.217505
1856		1.517240
1857		3.267901
1858		2.684347
1859		2.684347
1860		1.984083
1861		3.384612
1862		2.450926
1863		2.801058
1864		1.283818
1865		3.034480
1866		1.750661
1867		3.034480
1868		1.517240
1869		1.984083
1870		3.034480
1871		3.267901
1872		1.984083
1873		2.100794
1874		2.334215
1875		2.917769
1876		2.801058
1877		2.334215
1878		3.034480
1879		1.984083
1880		2.917769
1881		2.801058
1882		2.567637
1883		3.734744
1884		3.851455
1885		6.652513
1886		8.053042
1887		7.119356
1888		6.885935
1889		4.551720
1890		3.034480
1891		3.151191
1892		3.267901
1893		2.917769
1894		2.684347
1895		3.151191
1896		1.984083
1897		3.618033
1898		3.151191
1899		2.450926
1900		2.100794
1901		2.801058
1902		3.501323
1903		3.267901
1904		2.684347
1905		2.100794
1906		2.217505
1907		2.684347
1908		3.267901
1909		3.151191
1910		2.684347
1911		2.217505
1912		1.633951
1913		3.851455
1914		3.267901
1915		1.984083
1916		2.567637
1917		2.684347
1918		2.334215
1919		3.034480
1920		1.984083
1921		2.450926
1922		3.501323
1923		2.684347
1924		2.684347
1925		2.450926
1926		2.217505
1927		2.450926
1928		1.984083
1929		1.984083
1930		2.217505
1931		2.567637
1932		2.801058
1933		2.450926
1934		3.034480
1935		1.750661
1936		2.334215
1937		1.867372
1938		2.917769
1939		2.567637
1940		3.034480
1941		2.334215
1942		3.267901
1943		2.684347
1944		2.100794
1945		1.633951
1946		2.917769
1947		2.334215
1948		1.517240
1949		2.450926
1950		2.567637
1951		2.917769
1952		3.384612
1953		2.334215
1954		2.917769
1955		2.334215
1956		3.034480
1957		2.450926
1958		1.867372
1959		2.217505
1960		1.867372
1961		1.517240
1962		1.867372
1963		1.867372
1964		1.867372
1965		3.501323
1966		1.750661
1967		1.984083
1968		2.100794
1969		3.267901
1970		1.867372
1971		2.334215
1972		2.801058
1973		3.501323
1974		1.750661
1975		2.917769
1976		3.384612
1977		2.334215
1978		2.684347
1979		2.567637
1980		2.450926
1981		1.400529
1982		2.450926
1983		2.217505
1984		2.217505
1985		1.984083
1986		1.984083
1987		1.984083
1988		2.334215
1989		1.517240
1990		2.334215
1991		2.684347
1992		2.450926
1993		2.684347
1994		2.334215
1995		2.334215
1996		1.750661
1997		2.684347
1998		1.984083
1999		2.217505
2000		2.567637
2001		3.151191
2002		2.334215
2003		1.867372
2004		1.984083
2005		2.334215
2006		2.217505
2007		1.400529
2008		1.517240
2009		1.167108
2010		1.984083
2011		1.867372
2012		1.984083
2013		1.867372
2014		1.984083
2015		1.400529
2016		1.633951
2017		1.984083
2018		1.867372
2019		1.167108
2020		2.100794
2021		1.750661
2022		1.400529
2023		1.517240
2024		2.917769
2025		2.100794
2026		1.867372
2027		0.350132
2028		2.100794
2029		1.283818
2030		1.283818
2031		1.633951
2032		2.450926
2033		1.750661
2034		2.100794
2035		3.267901
2036		2.567637
2037		1.633951
2038		1.984083
2039		1.517240
2040		1.867372
2041		0.816975
2042		1.400529
2043		1.867372
2044		1.283818
2045		1.283818
2046		0.933686
2047		0.933686
2048		1.517240
2049		1.400529
2050		1.167108
2051		1.167108
2052		1.517240
2053		0.583554
2054		1.050397
2055		1.867372
2056		1.517240
2057		1.867372
2058		1.517240
2059		2.217505
2060		0.350132
2061		1.750661
2062		1.517240
2063		1.400529
2064		1.400529
2065		0.700265
2066		0.933686
2067		1.400529
2068		1.984083
2069		1.283818
2070		0.933686
2071		1.167108
2072		1.050397
2073		1.283818
2074		1.283818
2075		0.933686
2076		0.700265
2077		1.283818
2078		0.700265
2079		0.700265
2080		1.517240
2081		1.750661
2082		0.933686
2083		1.283818
2084		1.167108
2085		0.466843
2086		1.633951
2087		0.233422
2088		1.750661
2089		1.050397
2090		3.267901
2091		7.236067
2092		11.787786
2093		12.254630
2094		15.055688
2095		9.336861
2096		2.917769
2097		1.517240
2098		0.816975
2099		1.050397
2100		1.283818
2101		1.400529
2102		0.350132
2103		0.700265
2104		0.816975
2105		0.933686
2106		0.933686
2107		1.400529
2108		1.167108
2109		0.816975
2110		1.517240
2111		0.350132
2112		0.933686
2113		0.933686
2114		1.984083
2115		0.816975
2116		1.283818
2117		0.700265
2118		1.400529
2119		0.933686
2120		0.933686
2121		0.700265
2122		0.816975
2123		0.816975
2124		1.400529
2125		1.050397
2126		1.517240
2127		1.167108
2128		0.583554
2129		0.816975
2130		0.933686
2131		0.933686
2132		0.466843
2133		0.816975
2134		1.517240
2135		1.633951
2136		0.583554
2137		1.050397
2138		0.583554
2139		0.583554
2140		1.283818
2141		0.700265
2142		0.816975
2143		1.400529
2144		0.700265
2145		0.933686
2146		0.816975
2147		0.933686
2148		1.050397
2149		1.167108
2150		1.167108
2151		0.700265
2152		1.283818
2153		0.583554
2154		1.050397
2155		1.167108
2156		0.583554
2157		1.050397
2158		0.933686
2159		0.350132
2160		0.816975
2161		1.050397
2162		0.816975
2163		0.466843
2164		0.816975
2165		0.700265
2166		0.816975
2167		1.050397
2168		0.933686
2169		0.466843
2170		0.466843
2171		0.933686
2172		0.583554
2173		1.400529
2174		0.466843
2175		0.816975
2176		0.933686
2177		0.583554
2178		0.933686
2179		0.816975
2180		0.583554
2181		0.583554
2182		0.583554
2183		0.933686
2184		0.933686
2185		0.933686
2186		0.583554
2187		0.583554
2188		0.933686
2189		0.233422
2190		1.400529
2191		1.283818
2192		0.816975
2193		0.466843
2194		1.050397
2195		0.700265
2196		0.583554
2197		0.350132
2198		0.350132
2199		0.466843
2200		0.350132
2201		0.816975
2202		0.583554
2203		1.283818
2204		0.933686
2205		1.167108
2206		0.816975
2207		0.700265
2208		0.816975
2209		0.700265
2210		0.700265
2211		0.466843
2212		0.700265
2213		0.933686
2214		1.050397
2215		0.933686
2216		0.466843
2217		0.583554
2218		1.167108
2219		0.583554
2220		0.700265
2221		0.816975
2222		0.350132
2223		0.700265
2224		0.233422
2225		0.583554
2226		0.583554
2227		0.583554
2228		0.233422
2229		0.583554
2230		0.350132
2231		0.700265
2232		0.816975
2233		0.583554
2234		0.700265
2235		0.700265
2236		0.700265
2237		0.350132
2238		0.933686
2239		0.700265
2240		0.350132
2241		0.350132
2242		0.350132
2243		0.466843
2244		0.700265
2245		1.050397
2246		0.116711
2247		0.000000
2248		0.583554
2249		0.233422
2250		0.350132
2251		0.000000
2252		0.816975
2253		0.816975
2254		0.816975
2255		0.233422
2256		0.350132
2257		0.933686
2258		0.700265
2259		0.350132
2260		0.350132
2261		0.350132
2262		0.350132
2263		1.400529
2264		1.167108
2265		2.217505
2266		2.917769
2267		2.100794
2268		1.167108
2269		0.700265
2270		0.466843
2271		0.350132
2272		0.700265
2273		0.350132
2274		0.233422
2275		0.116711
2276		0.816975
2277		0.350132
2278		0.350132
2279		0.466843
2280		0.466843
2281		0.116711
2282		0.116711
2283		0.350132
2284		0.233422
2285		0.116711
2286		0.816975
2287		0.116711
2288		0.700265
2289		0.350132
2290		1.167108
2291		0.350132
2292		0.350132
2293		0.116711
2294		0.583554
2295		0.700265
2296		0.350132
2297		0.350132
2298		0.116711
2299		0.233422
2300		0.466843
2301		0.233422
2302		0.233422
2303		0.583554
2304		1.050397
2305		0.233422
2306		0.233422
2307		0.466843
2308		0.350132
2309		0.466843
2310		0.583554
2311		0.116711
2312		0.233422
2313		0.816975
2314		0.350132
2315		0.583554
2316		0.700265
2317		0.583554
2318		0.583554
2319		0.700265
2320		0.700265
2321		0.466843
2322		0.116711
2323		0.233422
2324		0.466843
2325		0.350132
2326		0.350132
2327		0.350132
2328		0.350132
2329		0.233422
2330		0.000000
2331		0.116711
2332		0.000000
2333		0.233422
2334		0.116711
2335		0.000000
2336		0.116711
2337		0.116711
2338		0.116711
2339		0.000000
2340		0.000000
2341		0.000000
2342		0.000000
2343		0.116711
2344		0.000000
2345		0.000000
2346		0.000000
2347		0.000000
2348		0.000000
2349		0.000000
2350		0.000000
2351		0.000000
2352		0.000000
2353		0.000000
2354		0.000000
2355		0.000000
2356		0.000000
2357		0.000000
2358		0.000000
2359		0.000000
2360		0.000000
2361		0.000000
2362		0.000000
2363		0.000000
2364		0.000000
2365		0.000000
2366		0.000000
2367		0.000000
2368		0.000000
2369		0.000000
2370		0.000000
2371		0.000000
2372		0.000000
2373		0.000000
2374		0.000000
2375		0.000000
2376		0.000000
2377		0.000000
2378		0.000000
2379		0.000000
2380		0.000000
2381		0.000000
2382		0.000000
2383		0.000000
2384		0.000000
2385		0.000000
2386		0.000000
2387		0.000000
2388		0.000000
2389		0.000000
2390		0.000000
2391		0.000000
2392		0.000000
2393		0.000000
2394		0.000000
2395		0.000000
2396		0.000000
2397		0.000000
2398		0.000000
2399		0.000000
2400		0.000000
2401		0.000000
2402		0.000000
2403		0.000000
2404		0.000000
2405		0.000000
2406		0.000000
2407		0.000000
2408		0.000000
2409		0.000000
2410		0.000000
2411		0.000000
2412		0.000000
2413		0.000000
2414		0.000000
2415		0.000000
2416		0.000000
2417		0.000000
2418		0.000000
2419		0.000000
2420		0.000000
2421		0.000000
2422		0.000000
2423		0.000000
2424		0.000000
2425		0.000000
2426		0.000000
2427		0.000000
2428		0.000000
2429		0.000000
2430		0.000000
2431		0.000000
2432		0.000000
2433		0.000000
2434		0.000000
2435		0.000000
2436		0.000000
2437		0.000000
2438		0.000000
2439		0.000000
2440		0.000000
2441		0.000000
2442		0.000000
2443		0.000000
2444		0.000000
2445		0.000000
2446		0.000000
2447		0.000000
2448		0.000000
2449		0.000000
2450		0.000000
2451		0.000000
2452		0.000000
2453		0.000000
2454		0.000000
2455		0.000000
2456		0.000000
2457		0.000000
2458		0.000000
2459		0.000000
2460		0.000000
2461		0.000000
2462		0.000000
2463		0.000000
2464		0.000000
2465		0.000000
2466		0.000000
2467		0.000000
2468		0.000000
2469		0.000000
2470		0.000000
2471		0.000000
2472		0.000000
2473		0.000000
2474		0.000000
2475		0.000000
2476		0.000000
2477		0.000000
2478		0.000000
2479		0.000000
2480		0.000000
2481		0.000000
2482		0.000000
2483		0.000000
2484		0.000000
2485		0.000000
2486		0.000000
2487		0.000000
2488		0.000000
2489		0.000000
2490		0.000000
2491		0.000000
2492		0.000000
2493		0.000000
2494		0.000000
2495		0.000000
2496		0.000000
2497		0.000000
2498		0.000000
2499		0.000000
2500		0.000000
2501		0.000000
2502		0.000000
2503		0.000000
2504		0.000000
2505		0.000000
2506		0.000000
2507		0.000000
2508		0.000000
2509		0.000000
2510		0.000000
2511		0.000000
2512		0.000000
2513		0.000000
2514		0.000000
2515		0.000000
2516		0.000000
2517		0.000000
2518		0.000000
2519		0.000000
2520		0.000000
2521		0.000000
2522		0.000000
2523		0.000000
2524		0.000000
2525		0.000000
2526		0.000000
2527		0.000000
2528		0.000000
2529		0.000000
2530		0.000000
2531		0.000000
2532		0.000000
2533		0.000000
2534		0.000000
2535		0.000000
2536		0.000000
2537		0.000000
2538		0.000000
2539		0.000000
2540		0.000000
2541		0.000000
2542		0.000000
2543		0.000000
2544		0.000000
2545		0.000000
2546		0.000000
2547		0.000000
2548		0.000000
2549		0.000000
2550		0.000000
2551		0.000000
2552		0.000000
2553		0.000000
2554		0.000000
2555		0.000000
2556		0.000000
2557		0.000000
2558		0.000000
2559		0.000000
2560		0.000000
2561		0.000000
2562		0.000000
2563		0.000000
2564		0.000000
2565		0.000000
2566		0.000000
2567		0.000000
2568		0.000000
2569		0.000000
2570		0.000000
2571		0.000000
2572		0.000000
2573		0.000000
2574		0.000000
2575		0.000000
2576		0.000000
2577		0.000000
2578		0.000000
2579		0.000000
2580		0.000000
2581		0.000000
2582		0.000000
2583		0.000000
2584		0.000000
2585		0.000000
2586		0.000000
2587		0.000000
2588		0.000000
2589		0.000000
2590		0.000000
2591		0.000000
2592		0.000000
2593		0.000000
2594		0.000000
2595		0.000000
2596		0.000000
2597		0.000000
2598		0.000000
2599		0.000000
2600		0.000000
2601		0.000000
2602		0.000000
2603		0.000000
2604		0.000000
2605		0.000000
2606		0.000000
2607		0.000000
2608		0.000000
2609		0.000000
2610		0.000000
2611		0.000000
2612		0.000000
2613		0.000000
2614		0.000000
2615		0.000000
2616		0.000000
2617		0.000000
2618		0.000000
2619		0.000000
2620		0.000000
2621		0.000000
2622		0.000000
2623		0.000000
2624		0.000000
2625		0.000000
2626		0.000000
2627		0.000000
2628		0.000000
2629		0.000000
2630		0.000000
2631		0.000000
2632		0.000000
2633		0.000000
2634		0.000000
2635		0.000000
2636		0.000000
2637		0.000000
2638		0.000000
2639		0.000000
2640		0.000000
2641		0.000000
2642		0.000000
2643		0.000000
2644		0.000000
2645		0.000000
2646		0.000000
2647		0.000000
2648		0.000000
2649		0.000000
2650		0.000000
2651		0.000000
2652		0.000000
2653		0.000000
2654		0.000000
2655		0.000000
2656		0.000000
2657		0.000000
2658		0.000000
2659		0.000000
2660		0.000000
2661		0.000000
2662		0.000000
2663		0.000000
2664		0.000000
2665		0.000000
2666		0.000000
2667		0.000000
2668		0.000000
2669		0.000000
2670		0.000000
2671		0.000000
2672		0.000000
2673		0.000000
2674		0.000000
2675		0.000000
2676		0.000000
2677		0.000000
2678		0.000000
2679		0.000000
2680		0.000000
2681		0.000000
2682		0.000000
2683		0.000000
2684		0.000000
2685		0.000000
2686		0.000000
2687		0.000000
2688		0.000000
2689		0.000000
2690		0.000000
2691		0.000000
2692		0.000000
2693		0.000000
2694		0.000000
2695		0.000000
2696		0.000000
2697		0.000000
2698		0.000000
2699		0.000000
2700		0.000000
2701		0.000000
2702		0.000000
2703		0.000000
2704		0.000000
2705		0.000000
2706		0.000000
2707		0.000000
2708		0.000000
2709		0.000000
2710		0.000000
2711		0.000000
2712		0.000000
2713		0.000000
2714		0.000000
2715		0.000000
2716		0.000000
2717		0.000000
2718		0.000000
2719		0.000000
2720		0.000000
2721		0.000000
2722		0.000000
2723		0.000000
2724		0.000000
2725		0.000000
2726		0.000000
2727		0.000000
2728		0.000000
2729		0.000000
2730		0.000000
2731		0.000000
2732		0.000000
2733		0.000000
2734		0.000000
2735		0.000000
2736		0.000000
2737		0.000000
2738		0.000000
2739		0.000000
2740		0.000000
2741		0.000000
2742		0.000000
2743		0.000000
2744		0.000000
2745		0.000000
2746		0.000000
2747		0.000000
2748		0.000000
2749		0.000000
2750		0.000000
2751		0.000000
2752		0.000000
2753		0.000000
2754		0.000000
2755		0.000000
2756		0.000000
2757		0.000000
2758		0.000000
2759		0.000000
2760		0.000000
2761		0.000000
2762		0.000000
2763		0.000000
2764		0.000000
2765		0.000000
2766		0.000000
2767		0.000000
2768		0.000000
2769		0.000000
2770		0.000000
2771		0.000000
2772		0.000000
2773		0.000000
2774		0.000000
2775		0.000000
2776		0.000000
2777		0.000000
2778		0.000000
2779		0.000000
2780		0.000000
2781		0.000000
2782		0.000000
2783		0.000000
2784		0.000000
2785		0.000000
2786		0.000000
2787		0.000000
2788		0.000000
2789		0.000000
2790		0.000000
2791		0.000000
2792		0.000000
2793		0.000000
2794		0.000000
2795		0.000000
2796		0.000000
2797		0.000000
2798		0.000000
2799		0.000000
2800		0.000000
2801		0.000000
2802		0.000000
2803		0.000000
2804		0.000000
2805		0.000000
2806		0.000000
2807		0.000000
2808		0.000000
2809		0.000000
2810		0.000000
2811		0.000000
2812		0.000000
2813		0.000000
2814		0.000000
2815		0.000000
2816		0.000000
2817		0.000000
2818		0.000000
2819		0.000000
2820		0.000000
2821		0.000000
2822		0.000000
2823		0.000000
2824		0.000000
2825		0.000000
2826		0.000000
2827		0.000000
2828		0.000000
2829		0.000000
2830		0.000000
2831		0.000000
2832		0.000000
2833		0.000000
2834		0.000000
2835		0.000000
2836		0.000000
2837		0.000000
2838		0.000000
2839		0.000000
2840		0.000000
2841		0.000000
2842		0.000000
2843		0.000000
2844		0.000000
2845		0.000000
2846		0.000000
2847		0.000000
2848		0.000000
2849		0.000000
2850		0.000000
2851		0.000000
2852		0.000000
2853		0.000000
2854		0.000000
2855		0.000000
2856		0.000000
2857		0.000000
2858		0.000000
2859		0.000000
2860		0.000000
2861		0.000000
2862		0.000000
2863		0.000000
2864		0.000000
2865		0.000000
2866		0.000000
2867		0.000000
2868		0.000000
2869		0.000000
2870		0.000000
2871		0.000000
2872		0.000000
2873		0.000000
2874		0.000000
2875		0.000000
2876		0.000000
2877		0.000000
2878		0.000000
2879		0.000000
2880		0.000000
2881		0.000000
2882		0.000000
2883		0.000000
2884		0.000000
2885		0.000000
2886		0.000000
2887		0.000000
2888		0.000000
2889		0.000000
2890		0.000000
2891		0.000000
2892		0.000000
2893		0.000000
2894		0.000000
2895		0.000000
2896		0.000000
2897		0.000000
2898		0.000000
2899		0.000000
2900		0.000000
2901		0.000000
2902		0.000000
2903		0.000000
2904		0.000000
2905		0.000000
2906		0.000000
2907		0.000000
2908		0.000000
2909		0.000000
2910		0.000000
2911		0.000000
2912		0.000000
2913		0.000000
2914		0.000000
2915		0.000000
2916		0.000000
2917		0.000000
2918		0.000000
2919		0.000000
2920		0.000000
2921		0.000000
2922		0.000000
2923		0.000000
2924		0.000000
2925		0.000000
2926		0.000000
2927		0.000000
2928		0.000000
2929		0.000000
2930		0.000000
2931		0.000000
2932		0.000000
2933		0.000000
2934		0.000000
2935		0.000000
2936		0.000000
2937		0.000000
2938		0.000000
2939		0.000000
2940		0.000000
2941		0.000000
2942		0.000000
2943		0.000000
2944		0.000000
2945		0.000000
2946		0.000000
2947		0.000000
2948		0.000000
2949		0.000000
2950		0.000000
2951		0.000000
2952		0.000000
2953		0.000000
2954		0.000000
2955		0.000000
2956		0.000000
2957		0.000000
2958		0.000000
2959		0.000000
2960		0.000000
2961		0.000000
2962		0.000000
2963		0.000000
2964		0.000000
2965		0.000000
2966		0.000000
2967		0.000000
2968		0.000000
2969		0.000000
2970		0.000000
2971		0.000000
2972		0.000000
2973		0.000000
2974		0.000000
2975		0.000000
2976		0.000000
2977		0.000000
2978		0.000000
2979		0.000000
2980		0.000000
2981		0.000000
2982		0.000000
2983		0.000000
2984		0.000000
2985		0.000000
2986		0.000000
2987		0.000000
2988		0.000000
2989		0.000000
2990		0.000000
2991		0.000000
2992		0.000000
2993		0.000000
2994		0.000000
2995		0.000000
2996		0.000000
2997		0.000000
2998		0.000000
2999		0.000000
3000		0.000000
3001		0.000000
3002		0.000000
3003		0.000000
3004		0.000000
3005		0.000000
3006		0.000000
3007		0.000000
3008		0.000000
3009		0.000000
3010		0.000000
3011		0.000000
3012		0.000000
3013		0.000000
3014		0.000000
3015		0.000000
3016		0.000000
3017		0.000000
3018		0.000000
3019		0.000000
3020		0.000000
3021		0.000000
3022		0.000000
3023		0.000000
3024		0.000000
3025		0.000000
3026		0.000000
3027		0.000000
3028		0.000000
3029		0.000000
3030		0.000000
3031		0.000000
3032		0.000000
3033		0.000000
3034		0.000000
3035		0.000000
3036		0.000000
3037		0.000000
3038		0.000000
3039		0.000000
3040		0.000000
3041		0.000000
3042		0.000000
3043		0.000000
3044		0.000000
3045		0.000000
3046		0.000000
3047		0.000000
3048		0.000000
3049		0.000000
3050		0.000000
3051		0.000000
3052		0.000000
3053		0.000000
3054		0.000000
3055		0.000000
3056		0.000000
3057		0.000000
3058		0.000000
3059		0.000000
3060		0.000000
3061		0.000000
3062		0.000000
3063		0.000000
3064		0.000000
3065		0.000000
3066		0.000000
3067		0.000000
3068		0.000000
3069		0.000000
3070		0.000000
3071		0.000000
3072		0.000000
3073		0.000000
3074		0.000000
3075		0.000000
3076		0.000000
3077		0.000000
3078		0.000000
3079		0.000000
3080		0.000000
3081		0.000000
3082		0.000000
3083		0.000000
3084		0.000000
3085		0.000000
3086		0.000000
3087		0.000000
3088		0.000000
3089		0.000000
3090		0.000000
3091		0.000000
3092		0.000000
3093		0.000000
3094		0.000000
3095		0.000000
3096		0.000000
3097		0.000000
3098		0.000000
3099		0.000000
3100		0.000000
3101		0.000000
3102		0.000000
3103		0.000000
3104		0.000000
3105		0.000000
3106		0.000000
3107		0.000000
3108		0.000000
3109		0.000000
3110		0.000000
3111		0.000000
3112		0.000000
3113		0.000000
3114		0.000000
3115		0.000000
3116		0.000000
3117		0.000000
3118		0.000000
3119		0.000000
3120		0.000000
3121		0.000000
3122		0.000000
3123		0.000000
3124		0.000000
3125		0.000000
3126		0.000000
3127		0.000000
3128		0.000000
3129		0.000000
3130		0.000000
3131		0.000000
3132		0.000000
3133		0.000000
3134		0.000000
3135		0.000000
3136		0.000000
3137		0.000000
3138		0.000000
3139		0.000000
3140		0.000000
3141		0.000000
3142		0.000000
3143		0.000000
3144		0.000000
3145		0.000000
3146		0.000000
3147		0.000000
3148		0.000000
3149		0.000000
3150		0.000000
3151		0.000000
3152		0.000000
3153		0.000000
3154		0.000000
3155		0.000000
3156		0.000000
3157		0.000000
3158		0.000000
3159		0.000000
3160		0.000000
3161		0.000000
3162		0.000000
3163		0.000000
3164		0.000000
3165		0.000000
3166		0.000000
3167		0.000000
3168		0.000000
3169		0.000000
3170		0.000000
3171		0.000000
3172		0.000000
3173		0.000000
3174		0.000000
3175		0.000000
3176		0.000000
3177		0.000000
3178		0.000000
3179		0.000000
3180		0.000000
3181		0.000000
3182		0.000000
3183		0.000000
3184		0.000000
3185		0.000000
3186		0.000000
3187		0.000000
3188		0.000000
3189		0.000000
3190		0.000000
3191		0.000000
3192		0.000000
3193		0.000000
3194		0.000000
3195		0.000000
3196		0.000000
3197		0.000000
3198		0.000000
3199		0.000000
3200		0.000000
3201		0.000000
3202		0.000000
3203		0.000000
3204		0.000000
3205		0.000000
3206		0.000000
3207		0.000000
3208		0.000000
3209		0.000000
3210		0.000000
3211		0.000000
3212		0.000000
3213		0.000000
3214		0.000000
3215		0.000000
3216		0.000000
3217		0.000000
3218		0.000000
3219		0.000000
3220		0.000000
3221		0.000000
3222		0.000000
3223		0.000000
3224		0.000000
3225		0.000000
3226		0.000000
3227		0.000000
3228		0.000000
3229		0.000000
3230		0.000000
3231		0.000000
3232		0.000000
3233		0.000000
3234		0.000000
3235		0.000000
3236		0.000000
3237		0.000000
3238		0.000000
3239		0.000000
3240		0.000000
3241		0.000000
3242		0.000000
3243		0.000000
3244		0.000000
3245		0.000000
3246		0.000000
3247		0.000000
3248		0.000000
3249		0.000000
3250		0.000000
3251		0.000000
3252		0.000000
3253		0.000000
3254		0.000000
3255		0.000000
3256		0.000000
3257		0.000000
3258		0.000000
3259		0.000000
3260		0.000000
3261		0.000000
3262		0.000000
3263		0.000000
3264		0.000000
3265		0.000000
3266		0.000000
3267		0.000000
3268		0.000000
3269		0.000000
3270		0.000000
3271		0.000000
3272		0.000000
3273		0.000000
3274		0.000000
3275		0.000000
3276		0.000000
3277		0.000000
3278		0.000000
3279		0.000000
3280		0.000000
3281		0.000000
3282		0.000000
3283		0.000000
3284		0.000000
3285		0.000000
3286		0.000000
3287		0.000000
3288		0.000000
3289		0.000000
3290		0.000000
3291		0.000000
3292		0.000000
3293		0.000000
3294		0.000000
3295		0.000000
3296		0.000000
3297		0.000000
3298		0.000000
3299		0.000000
3300		0.000000
3301		0.000000
3302		0.000000
3303		0.000000
3304		0.000000
3305		0.000000
3306		0.000000
3307		0.000000
3308		0.000000
3309		0.000000
3310		0.000000
3311		0.000000
3312		0.000000
3313		0.000000
3314		0.000000
3315		0.000000
3316		0.000000
3317		0.000000
3318		0.000000
3319		0.000000
3320		0.000000
3321		0.000000
3322		0.000000
3323		0.000000
3324		0.000000
3325		0.000000
3326		0.000000
3327		0.000000
3328		0.000000
3329		0.000000
3330		0.000000
3331		0.000000
3332		0.000000
3333		0.000000
3334		0.000000
3335		0.000000
3336		0.000000
3337		0.000000
3338		0.000000
3339		0.000000
3340		0.000000
3341		0.000000
3342		0.000000
3343		0.000000
3344		0.000000
3345		0.000000
3346		0.000000
3347		0.000000
3348		0.000000
3349		0.000000
3350		0.000000
3351		0.000000
3352		0.000000
3353		0.000000
3354		0.000000
3355		0.000000
3356		0.000000
3357		0.000000
3358		0.000000
3359		0.000000
3360		0.000000
3361		0.000000
3362		0.000000
3363		0.000000
3364		0.000000
3365		0.000000
3366		0.000000
3367		0.000000
3368		0.000000
3369		0.000000
3370		0.000000
3371		0.000000
3372		0.000000
3373		0.000000
3374		0.000000
3375		0.000000
3376		0.000000
3377		0.000000
3378		0.000000
3379		0.000000
3380		0.000000
3381		0.000000
3382		0.000000
3383		0.000000
3384		0.000000
3385		0.000000
3386		0.000000
3387		0.000000
3388		0.000000
3389		0.000000
3390		0.000000
3391		0.000000
3392		0.000000
3393		0.000000
3394		0.000000
3395		0.000000
3396		0.000000
3397		0.000000
3398		0.000000
3399		0.000000
3400		0.000000
3401		0.000000
3402		0.000000
3403		0.000000
3404		0.000000
3405		0.000000
3406		0.000000
3407		0.000000
3408		0.000000
3409		0.000000
3410		0.000000
3411		0.000000
3412		0.000000
3413		0.000000
3414		0.000000
3415		0.000000
3416		0.000000
3417		0.000000
3418		0.000000
3419		0.000000
3420		0.000000
3421		0.000000
3422		0.000000
3423		0.000000
3424		0.000000
3425		0.000000
3426		0.000000
3427		0.000000
3428		0.000000
3429		0.000000
3430		0.000000
3431		0.000000
3432		0.000000
3433		0.000000
3434		0.000000
3435		0.000000
3436		0.000000
3437		0.000000
3438		0.000000
3439		0.000000
3440		0.000000
3441		0.000000
3442		0.000000
3443		0.000000
3444		0.000000
3445		0.000000
3446		0.000000
3447		0.000000
3448		0.000000
3449		0.000000
3450		0.000000
3451		0.000000
3452		0.000000
3453		0.000000
3454		0.000000
3455		0.000000
3456		0.000000
3457		0.000000
3458		0.000000
3459		0.000000
3460		0.000000
3461		0.000000
3462		0.000000
3463		0.000000
3464		0.000000
3465		0.000000
3466		0.000000
3467		0.000000
3468		0.000000
3469		0.000000
3470		0.000000
3471		0.000000
3472		0.000000
3473		0.000000
3474		0.000000
3475		0.000000
3476		0.000000
3477		0.000000
3478		0.000000
3479		0.000000
3480		0.000000
3481		0.000000
3482		0.000000
3483		0.000000
3484		0.000000
3485		0.000000
3486		0.000000
3487		0.000000
3488		0.000000
3489		0.000000
3490		0.000000
3491		0.000000
3492		0.000000
3493		0.000000
3494		0.000000
3495		0.000000
3496		0.000000
3497		0.000000
3498		0.000000
3499		0.000000
3500		0.000000
3501		0.000000
3502		0.000000
3503		0.000000
3504		0.000000
3505		0.000000
3506		0.000000
3507		0.000000
3508		0.000000
3509		0.000000
3510		0.000000
3511		0.000000
3512		0.000000
3513		0.000000
3514		0.000000
3515		0.000000
3516		0.000000
3517		0.000000
3518		0.000000
3519		0.000000
3520		0.000000
3521		0.000000
3522		0.000000
3523		0.000000
3524		0.000000
3525		0.000000
3526		0.000000
3527		0.000000
3528		0.000000
3529		0.000000
3530		0.000000
3531		0.000000
3532		0.000000
3533		0.000000
3534		0.000000
3535		0.000000
3536		0.000000
3537		0.000000
3538		0.000000
3539		0.000000
3540		0.000000
3541		0.000000
3542		0.000000
3543		0.000000
3544		0.000000
3545		0.000000
3546		0.000000
3547		0.000000
3548		0.000000
3549		0.000000
3550		0.000000
3551		0.000000
3552		0.000000
3553		0.000000
3554		0.000000
3555		0.000000
3556		0.000000
3557		0.000000
3558		0.000000
3559		0.000000
3560		0.000000
3561		0.000000
3562		0.000000
3563		0.000000
3564		0.000000
3565		0.000000
3566		0.000000
3567		0.000000
3568		0.000000
3569		0.000000
3570		0.000000
3571		0.000000
3572		0.000000
3573		0.000000
3574		0.000000
3575		0.000000
3576		0.000000
3577		0.000000
3578		0.000000
3579		0.000000
3580		0.000000
3581		0.000000
3582		0.000000
3583		0.000000
3584		0.000000
3585		0.000000
3586		0.000000
3587		0.000000
3588		0.000000
3589		0.000000
3590		0.000000
3591		0.000000
3592		0.000000
3593		0.000000
3594		0.000000
3595		0.000000
3596		0.000000
3597		0.000000
3598		0.000000
3599		0.000000
3600		0.000000
3601		0.000000
3602		0.000000
3603		0.000000
3604		0.000000
3605		0.000000
3606		0.000000
3607		0.000000
3608		0.000000
3609		0.000000
3610		0.000000
3611		0.000000
3612		0.000000
3613		0.000000
3614		0.000000
3615		0.000000
3616		0.000000
3617		0.000000
3618		0.000000
3619		0.000000
3620		0.000000
3621		0.000000
3622		0.000000
3623		0.000000
3624		0.000000
3625		0.000000
3626		0.000000
3627		0.000000
3628		0.000000
3629		0.000000
3630		0.000000
3631		0.000000
3632		0.000000
3633		0.000000
3634		0.000000
3635		0.000000
3636		0.000000
3637		0.000000
3638		0.000000
3639		0.000000
3640		0.000000
3641		0.000000
3642		0.000000
3643		0.000000
3644		0.000000
3645		0.000000
3646		0.000000
3647		0.000000
3648		0.000000
3649		0.000000
3650		0.000000
3651		0.000000
3652		0.000000
3653		0.000000
3654		0.000000
3655		0.000000
3656		0.000000
3657		0.000000
3658		0.000000
3659		0.000000
3660		0.000000
3661		0.000000
3662		0.000000
3663		0.000000
3664		0.000000
3665		0.000000
3666		0.000000
3667		0.000000
3668		0.000000
3669		0.000000
3670		0.000000
3671		0.000000
3672		0.000000
3673		0.000000
3674		0.000000
3675		0.000000
3676		0.000000
3677		0.000000
3678		0.000000
3679		0.000000
3680		0.000000
3681		0.000000
3682		0.000000
3683		0.000000
3684		0.000000
3685		0.000000
3686		0.000000
3687		0.000000
3688		0.000000
3689		0.000000
3690		0.000000
3691		0.000000
3692		0.000000
3693		0.000000
3694		0.000000
3695		0.000000
3696		0.000000
3697		0.000000
3698		0.000000
3699		0.000000
3700		0.000000
3701		0.000000
3702		0.000000
3703		0.000000
3704		0.000000
3705		0.000000
3706		0.000000
3707		0.000000
3708		0.000000
3709		0.000000
3710		0.000000
3711		0.000000
3712		0.000000
3713		0.000000
3714		0.000000
3715		0.000000
3716		0.000000
3717		0.000000
3718		0.000000
3719		0.000000
3720		0.000000
3721		0.000000
3722		0.000000
3723		0.000000
3724		0.000000
3725		0.000000
3726		0.000000
3727		0.000000
3728		0.000000
3729		0.000000
3730		0.000000
3731		0.000000
3732		0.000000
3733		0.000000
3734		0.000000
3735		0.000000
3736		0.000000
3737		0.000000
3738		0.000000
3739		0.000000
3740		0.000000
3741		0.000000
3742		0.000000
3743		0.000000
3744		0.000000
3745		0.000000
3746		0.000000
3747		0.000000
3748		0.000000
3749		0.000000
3750		0.000000
3751		0.000000
3752		0.000000
3753		0.000000
3754		0.000000
3755		0.000000
3756		0.000000
3757		0.000000
3758		0.000000
3759		0.000000
3760		0.000000
3761		0.000000
3762		0.000000
3763		0.000000
3764		0.000000
3765		0.000000
3766		0.000000
3767		0.000000
3768		0.000000
3769		0.000000
3770		0.000000
3771		0.000000
3772		0.000000
3773		0.000000
3774		0.000000
3775		0.000000
3776		0.000000
3777		0.000000
3778		0.000000
3779		0.000000
3780		0.000000
3781		0.000000
3782		0.000000
3783		0.000000
3784		0.000000
3785		0.000000
3786		0.000000
3787		0.000000
3788		0.000000
3789		0.000000
3790		0.000000
3791		0.000000
3792		0.000000
3793		0.000000
3794		0.000000
3795		0.000000
3796		0.000000
3797		0.000000
3798		0.000000
3799		0.000000
3800		0.000000
3801		0.000000
3802		0.000000
3803		0.000000
3804		0.000000
3805		0.000000
3806		0.000000
3807		0.000000
3808		0.000000
3809		0.000000
3810		0.000000
3811		0.000000
3812		0.000000
3813		0.000000
3814		0.000000
3815		0.000000
3816		0.000000
3817		0.000000
3818		0.000000
3819		0.000000
3820		0.000000
3821		0.000000
3822		0.000000
3823		0.000000
3824		0.000000
3825		0.000000
3826		0.000000
3827		0.000000
3828		0.000000
3829		0.000000
3830		0.000000
3831		0.000000
3832		0.000000
3833		0.000000
3834		0.000000
3835		0.000000
3836		0.000000
3837		0.000000
3838		0.000000
3839		0.000000
3840		0.000000
3841		0.000000
3842		0.000000
3843		0.000000
3844		0.000000
3845		0.000000
3846		0.000000
3847		0.000000
3848		0.000000
3849		0.000000
3850		0.000000
3851		0.000000
3852		0.000000
3853		0.000000
3854		0.000000
3855		0.000000
3856		0.000000
3857		0.000000
3858		0.000000
3859		0.000000
3860		0.000000
3861		0.000000
3862		0.000000
3863		0.000000
3864		0.000000
3865		0.000000
3866		0.000000
3867		0.000000
3868		0.000000
3869		0.000000
3870		0.000000
3871		0.000000
3872		0.000000
3873		0.000000
3874		0.000000
3875		0.000000
3876		0.000000
3877		0.000000
3878		0.000000
3879		0.000000
3880		0.000000
3881		0.000000
3882		0.000000
3883		0.000000
3884		0.000000
3885		0.000000
3886		0.000000
3887		0.000000
3888		0.000000
3889		0.000000
3890		0.000000
3891		0.000000
3892		0.000000
3893		0.000000
3894		0.000000
3895		0.000000
3896		0.000000
3897		0.000000
3898		0.000000
3899		0.000000
3900		0.000000
3901		0.000000
3902		0.000000
3903		0.000000
3904		0.000000
3905		0.000000
3906		0.000000
3907		0.000000
3908		0.000000
3909		0.000000
3910		0.000000
3911		0.000000
3912		0.000000
3913		0.000000
3914		0.000000
3915		0.000000
3916		0.000000
3917		0.000000
3918		0.000000
3919		0.000000
3920		0.000000
3921		0.000000
3922		0.000000
3923		0.000000
3924		0.000000
3925		0.000000
3926		0.000000
3927		0.000000
3928		0.000000
3929		0.000000
3930		0.000000
3931		0.000000
3932		0.000000
3933		0.000000
3934		0.000000
3935		0.000000
3936		0.000000
3937		0.000000
3938		0.000000
3939		0.000000
3940		0.000000
3941		0.000000
3942		0.000000
3943		0.000000
3944		0.000000
3945		0.000000
3946		0.000000
3947		0.000000
3948		0.000000
3949		0.000000
3950		0.000000
3951		0.000000
3952		0.000000
3953		0.000000
3954		0.000000
3955		0.000000
3956		0.000000
3957		0.000000
3958		0.000000
3959		0.000000
3960		0.000000
3961		0.000000
3962		0.000000
3963		0.000000
3964		0.000000
3965		0.000000
3966		0.000000
3967		0.000000
3968		0.000000
3969		0.000000
3970		0.000000
3971		0.000000
3972		0.000000
3973		0.000000
3974		0.000000
3975		0.000000
3976		0.000000
3977		0.000000
3978		0.000000
3979		0.000000
3980		0.000000
3981		0.000000
3982		0.000000
3983		0.000000
3984		0.000000
3985		0.000000
3986		0.000000
3987		0.000000
3988		0.000000
3989		0.000000
3990		0.000000
3991		0.000000
3992		0.000000
3993		0.000000
3994		0.000000
3995		0.000000
3996		0.000000
3997		0.000000
3998		0.000000
3999		0.000000
4000		0.000000
4001		0.000000
4002		0.000000
4003		0.000000
4004		0.000000
4005		0.000000
4006		0.000000
4007		0.000000
4008		0.000000
4009		0.000000
4010		0.000000
4011		0.000000
4012		0.000000
4013		0.000000
4014		0.000000
4015		0.000000
4016		0.000000
4017		0.000000
4018		0.000000
4019		0.000000
4020		0.000000
4021		0.000000
4022		0.000000
4023		0.000000
4024		0.000000
4025		0.000000
4026		0.000000
4027		0.000000
4028		0.000000
4029		0.000000
4030		0.000000
4031		0.000000
4032		0.000000
4033		0.000000
4034		0.000000
4035		0.000000
4036		0.000000
4037		0.000000
4038		0.000000
4039		0.000000
4040		0.000000
4041		0.000000
4042		0.000000
4043		0.000000
4044		0.000000
4045		0.000000
4046		0.000000
4047		0.000000
4048		0.000000
4049		0.000000
4050		0.000000
4051		0.000000
4052		0.000000
4053		0.000000
4054		0.000000
4055		0.000000
4056		0.000000
4057		0.000000
4058		0.000000
4059		0.000000
4060		0.000000
4061		0.000000
4062		0.000000
4063		0.000000
4064		0.000000
4065		0.000000
4066		0.000000
4067		0.000000
4068		0.000000
4069		0.000000
4070		0.000000
4071		0.000000
4072		0.000000
4073		0.000000
4074		0.000000
4075		0.000000
4076		0.000000
4077		0.000000
4078		0.000000
4079		0.000000
4080		0.000000
4081		0.000000
4082		0.000000
4083		0.000000
4084		0.000000
4085		0.000000
4086		0.000000
4087		0.000000
4088		0.000000
4089		0.000000
4090		0.000000
4091		0.000000
4092		0.000000
4093		0.000000
4094		0.000000
4095		0.000000
