0		0.000000
1		0.000000
2		0.000000
3		0.000000
4		0.000000
5		0.000000
6		0.000000
7		0.000000
8		0.000000
9		0.000000
10		0.000000
11		0.000000
12		0.000000
13		0.000000
14		0.000000
15		0.000000
16		0.000000
17		0.000000
18		0.000000
19		0.000000
20		0.000000
21		0.000000
22		0.000000
23		0.000000
24		0.000000
25		0.000000
26		0.000000
27		0.000000
28		0.000000
29		0.000000
30		0.000000
31		0.000000
32		0.000000
33		0.000000
34		0.000000
35		0.000000
36		0.000000
37		0.000000
38		0.000000
39		0.000000
40		0.000000
41		0.000000
42		0.000000
43		0.000000
44		0.000000
45		0.000000
46		0.000000
47		0.000000
48		0.000000
49		0.000000
50		0.000000
51		0.000000
52		0.000000
53		0.000000
54		0.000000
55		0.000000
56		0.000000
57		0.000000
58		0.000000
59		0.000000
60		0.000000
61		0.000000
62		0.000000
63		0.000000
64		0.000000
65		0.000000
66		0.000000
67		0.000000
68		0.000000
69		0.000000
70		0.000000
71		0.000000
72		0.000000
73		0.000000
74		0.000000
75		0.000000
76		0.000000
77		0.000000
78		0.000000
79		0.000000
80		0.000000
81		0.000000
82		0.000000
83		0.000000
84		0.000000
85		0.000000
86		0.000000
87		0.000000
88		0.000000
89		0.000000
90		0.000000
91		0.000000
92		0.000000
93		0.000000
94		0.000000
95		0.000000
96		0.000000
97		0.000000
98		0.000000
99		0.000000
100		0.000000
101		0.000000
102		0.000000
103		0.000000
104		0.000000
105		0.000000
106		0.000000
107		0.000000
108		0.000000
109		15436.275391
110		9434.420898
111		276.417175
112		44.854267
113		50.820103
114		49.825798
115		46.290485
116		47.284794
117		51.151539
118		52.035366
119		44.301872
120		48.500057
121		54.465893
122		51.041061
123		47.616226
124		52.587761
125		49.936275
126		49.494362
127		50.930584
128		55.460201
129		51.593452
130		51.372498
131		51.924889
132		55.460201
133		51.482975
134		55.791637
135		54.576374
136		57.338333
137		56.454506
138		57.780247
139		61.205082
140		55.791637
141		53.692543
142		50.157234
143		57.448814
144		51.151539
145		57.448814
146		54.465893
147		52.698238
148		56.564983
149		57.448814
150		58.664078
151		58.774555
152		66.397568
153		60.542210
154		63.414650
155		65.955658
156		69.380493
157		66.729004
158		67.060440
159		67.060440
160		75.346329
161		78.992119
162		74.131065
163		72.805321
164		74.352020
165		78.439728
166		82.416954
167		79.986427
168		84.737000
169		88.714226
170		86.836090
171		90.150444
172		91.918098
173		89.377098
174		93.906715
175		100.756378
176		98.436333
177		98.104897
178		94.680061
179		106.611740
180		111.472794
181		112.798538
182		335.523163
183		913.325623
184		398.495911
185		81.643600
186		71.369102
187		74.462502
188		77.334938
189		75.898720
190		77.997810
191		89.045662
192		86.283699
193		89.156136
194		89.156136
195		87.719917
196		87.830399
197		87.830399
198		89.045662
199		93.243843
200		94.127670
201		89.819008
202		93.796234
203		90.039963
204		89.819008
205		95.563889
206		89.377098
207		88.714226
208		92.801926
209		87.278008
210		84.405563
211		86.946571
212		85.841782
213		83.963654
214		83.963654
215		86.615135
216		75.788239
217		79.654991
218		81.201691
219		75.235847
220		79.323555
221		76.672073
222		78.992119
223		74.020584
224		71.258621
225		74.241547
226		67.502357
227		75.125374
228		77.003502
229		72.584366
230		69.932884
231		70.816711
232		66.618530
233		68.717621
234		70.595757
235		66.397568
236		66.287094
237		70.264320
238		70.816711
239		68.054749
240		67.060440
241		67.060440
242		63.414650
243		62.972736
244		67.060440
245		64.850868
246		64.188004
247		64.850868
248		60.321255
249		60.652691
250		61.205082
251		65.182304
252		64.519440
253		58.885033
254		64.850868
255		62.309868
256		65.734703
257		61.536518
258		63.967045
259		58.885033
260		59.437428
261		63.083218
262		60.763168
263		56.123070
264		57.006901
265		53.582066
266		63.525131
267		58.443119
268		55.791637
269		59.879341
270		59.326946
271		56.123070
272		56.785942
273		61.646996
274		60.431732
275		62.751781
276		58.664078
277		57.669769
278		57.006901
279		59.768860
280		57.559292
281		58.443119
282		55.681156
283		57.227856
284		58.664078
285		61.646996
286		53.250629
287		58.332642
288		57.780247
289		51.593452
290		57.117378
291		58.774555
292		57.890728
293		54.465893
294		55.902115
295		55.349720
296		53.140152
297		55.239243
298		56.344028
299		53.803024
300		56.896420
301		55.239243
302		56.123070
303		53.361111
304		54.907806
305		56.344028
306		49.715321
307		54.355415
308		52.808716
309		52.587761
310		59.326946
311		54.686852
312		54.023979
313		52.145847
314		64.519440
315		152.902222
316		163.176727
317		70.153839
318		53.029675
319		53.582066
320		54.023979
321		53.361111
322		50.820103
323		52.035366
324		55.570679
325		53.471588
326		53.913502
327		49.936275
328		51.041061
329		57.559292
330		45.848572
331		52.145847
332		49.936275
333		50.267712
334		53.250629
335		58.332642
336		54.244938
337		51.372498
338		50.267712
339		56.454506
340		55.349720
341		50.488667
342		55.570679
343		57.338333
344		56.454506
345		54.023979
346		55.239243
347		55.460201
348		49.494362
349		52.477280
350		50.930584
351		53.913502
352		58.111683
353		55.902115
354		52.587761
355		54.355415
356		55.239243
357		56.675465
358		47.947662
359		54.244938
360		51.482975
361		55.239243
362		58.664078
363		53.029675
364		54.907806
365		57.559292
366		53.913502
367		57.338333
368		50.267712
369		52.477280
370		55.349720
371		57.780247
372		57.338333
373		57.006901
374		54.686852
375		56.123070
376		55.349720
377		52.035366
378		59.105991
379		58.001205
380		56.896420
381		53.692543
382		61.094604
383		61.315559
384		61.315559
385		60.984123
386		60.984123
387		60.763168
388		59.326946
389		58.111683
390		63.525131
391		62.530823
392		62.862259
393		62.199387
394		67.060440
395		61.646996
396		70.595757
397		67.391876
398		64.629913
399		67.060440
400		69.159531
401		67.612831
402		68.938576
403		70.595757
404		69.049057
405		73.247238
406		74.352020
407		63.193695
408		59.326946
409		58.885033
410		55.902115
411		51.482975
412		56.454506
413		57.559292
414		53.803024
415		53.913502
416		52.477280
417		52.256325
418		49.494362
419		50.709625
420		53.361111
421		51.814411
422		50.267712
423		49.715321
424		51.151539
425		53.582066
426		50.820103
427		51.924889
428		49.052448
429		49.052448
430		50.709625
431		51.482975
432		45.406658
433		44.080917
434		45.627613
435		47.947662
436		42.755173
437		43.418045
438		43.528522
439		45.517136
440		47.174313
441		40.877041
442		44.854267
443		42.313259
444		44.412350
445		43.970436
446		44.191395
447		43.528522
448		44.522831
449		47.284794
450		40.656082
451		46.621922
452		45.406658
453		41.650391
454		43.749481
455		44.191395
456		42.092304
457		43.307568
458		42.755173
459		39.330341
460		42.202782
461		42.976131
462		42.976131
463		40.435127
464		46.180008
465		42.644695
466		42.202782
467		36.899815
468		37.010292
469		40.656082
470		38.004601
471		39.661777
472		38.777950
473		37.894119
474		40.103691
475		42.976131
476		39.219864
477		41.760868
478		40.545605
479		39.551300
480		38.115078
481		38.225555
482		39.993214
483		34.248329
484		38.446514
485		35.905510
486		98.767769
487		769.040771
488		1666.457520
489		729.378967
490		89.929489
491		37.120773
492		35.021679
493		40.324646
494		38.777950
495		36.678856
496		34.027374
497		33.033066
498		34.137852
499		37.894119
500		38.115078
501		35.132160
502		37.010292
503		34.690247
504		36.678856
505		32.701633
506		34.137852
507		36.126465
508		34.137852
509		38.115078
510		37.783642
511		37.562687
512		34.027374
513		38.115078
514		38.888428
515		35.905510
516		31.817804
517		31.707325
518		36.789337
519		34.579765
520		38.888428
521		59.105991
522		141.964859
523		150.250748
524		61.426037
525		39.219864
526		35.132160
527		33.033066
528		34.690247
529		38.225555
530		33.695938
531		34.690247
532		38.336037
533		35.905510
534		37.783642
535		37.120773
536		37.673164
537		37.562687
538		36.789337
539		40.987518
540		39.219864
541		40.103691
542		39.772255
543		39.882732
544		51.372498
545		112.246140
546		162.734818
547		84.405563
548		40.987518
549		42.202782
550		39.109383
551		38.446514
552		38.004601
553		37.010292
554		34.469288
555		39.330341
556		44.854267
557		43.197090
558		38.004601
559		42.092304
560		40.656082
561		64.740395
562		89.708534
563		70.927185
564		43.307568
565		39.109383
566		38.225555
567		42.644695
568		36.126465
569		40.214169
570		40.214169
571		38.667469
572		39.993214
573		37.231251
574		42.644695
575		40.766563
576		37.894119
577		48.610535
578		44.191395
579		75.898720
580		166.380600
581		140.860077
582		57.780247
583		46.180008
584		42.202782
585		44.633308
586		45.075222
587		44.743786
588		46.290485
589		45.406658
590		48.941971
591		46.621922
592		44.301872
593		46.180008
594		45.848572
595		47.726707
596		44.854267
597		51.262016
598		45.627613
599		52.145847
600		51.262016
601		52.698238
602		56.675465
603		51.703930
604		56.123070
605		53.803024
606		51.262016
607		43.307568
608		41.981827
609		40.656082
610		38.998905
611		36.899815
612		38.225555
613		39.882732
614		40.656082
615		37.783642
616		37.673164
617		40.324646
618		38.667469
619		34.579765
620		36.789337
621		40.103691
622		43.197090
623		43.528522
624		40.656082
625		36.347424
626		36.568378
627		36.568378
628		35.574074
629		31.154934
630		32.480675
631		31.375891
632		31.817804
633		31.596848
634		31.375891
635		34.911201
636		31.375891
637		28.503450
638		29.276798
639		28.061535
640		29.829191
641		28.834885
642		29.718714
643		25.520531
644		25.410051
645		26.404358
646		27.840578
647		26.183401
648		27.067228
649		26.183401
650		26.625315
651		24.857660
652		27.509144
653		25.962444
654		25.741488
655		22.979525
656		20.990913
657		24.194788
658		23.642397
659		23.863354
660		23.973831
661		24.084311
662		21.764261
663		23.973831
664		20.990913
665		24.084311
666		22.427134
667		22.316654
668		20.769955
669		23.752874
670		21.764261
671		22.758568
672		22.095697
673		20.548998
674		21.322348
675		24.305267
676		25.299574
677		24.084311
678		21.985218
679		21.985218
680		21.764261
681		23.752874
682		23.090004
683		21.985218
684		21.874741
685		21.322348
686		19.665171
687		21.211870
688		22.427134
689		21.101391
690		18.007994
691		22.206175
692		96.337242
693		733.245728
694		1608.124878
695		929.455505
696		144.947769
697		22.427134
698		19.554691
699		22.427134
700		22.979525
701		19.002300
702		18.781343
703		18.670864
704		23.863354
705		18.560387
706		18.560387
707		19.665171
708		19.223257
709		16.461294
710		19.444214
711		18.449907
712		19.554691
713		21.432827
714		21.101391
715		21.874741
716		18.449907
717		19.444214
718		21.211870
719		22.648090
720		19.554691
721		16.019381
722		22.206175
723		22.869047
724		18.891821
725		22.869047
726		18.339428
727		19.333735
728		21.653784
729		20.217564
730		17.676558
731		22.648090
732		19.886127
733		20.990913
734		20.548998
735		21.764261
736		23.752874
737		20.217564
738		22.095697
739		19.996607
740		19.554691
741		17.455601
742		21.101391
743		21.432827
744		19.002300
745		21.101391
746		20.880434
747		21.874741
748		21.101391
749		22.979525
750		22.206175
751		20.880434
752		27.177708
753		30.271105
754		21.322348
755		21.653784
756		23.863354
757		21.764261
758		22.979525
759		22.648090
760		23.421438
761		21.764261
762		22.206175
763		18.891821
764		24.084311
765		26.735794
766		22.095697
767		37.120773
768		59.768860
769		45.406658
770		28.392971
771		20.880434
772		21.653784
773		22.537611
774		18.670864
775		21.543304
776		19.333735
777		20.328041
778		20.769955
779		19.002300
780		19.554691
781		22.427134
782		19.996607
783		18.891821
784		22.206175
785		20.217564
786		17.676558
787		21.653784
788		22.316654
789		19.886127
790		22.758568
791		21.211870
792		22.537611
793		18.781343
794		21.322348
795		20.217564
796		22.648090
797		20.217564
798		20.659477
799		19.333735
800		22.206175
801		17.787037
802		21.101391
803		23.973831
804		20.769955
805		20.107084
806		22.095697
807		19.444214
808		20.659477
809		20.769955
810		20.548998
811		20.107084
812		20.217564
813		19.996607
814		21.432827
815		21.985218
816		19.223257
817		18.339428
818		20.548998
819		21.764261
820		22.316654
821		22.758568
822		19.996607
823		18.339428
824		20.880434
825		20.438520
826		22.427134
827		18.228951
828		22.758568
829		31.928282
830		41.871346
831		34.690247
832		25.189095
833		18.891821
834		20.990913
835		19.665171
836		21.322348
837		22.427134
838		24.194788
839		19.996607
840		20.217564
841		20.107084
842		22.979525
843		21.432827
844		23.752874
845		23.200481
846		19.665171
847		21.211870
848		18.781343
849		19.333735
850		23.200481
851		19.996607
852		18.560387
853		23.421438
854		21.322348
855		23.090004
856		23.421438
857		23.531918
858		24.194788
859		21.985218
860		23.752874
861		22.427134
862		22.979525
863		19.996607
864		22.427134
865		22.316654
866		23.531918
867		22.095697
868		21.432827
869		20.880434
870		23.973831
871		25.962444
872		24.084311
873		21.874741
874		20.880434
875		21.543304
876		22.316654
877		22.427134
878		22.095697
879		17.455601
880		20.217564
881		20.880434
882		22.095697
883		21.101391
884		23.310961
885		20.217564
886		19.444214
887		19.333735
888		23.200481
889		20.328041
890		19.112778
891		20.659477
892		21.322348
893		20.880434
894		20.990913
895		19.996607
896		19.886127
897		19.775650
898		21.432827
899		18.560387
900		25.078617
901		24.305267
902		24.857660
903		19.554691
904		20.659477
905		21.653784
906		20.328041
907		22.206175
908		19.665171
909		22.095697
910		19.665171
911		23.531918
912		21.101391
913		21.764261
914		19.775650
915		21.985218
916		22.095697
917		21.764261
918		22.979525
919		19.665171
920		22.206175
921		20.990913
922		20.880434
923		20.990913
924		22.758568
925		22.869047
926		20.769955
927		25.631008
928		21.985218
929		20.990913
930		24.305267
931		22.095697
932		22.869047
933		21.874741
934		26.625315
935		22.206175
936		21.211870
937		23.863354
938		24.084311
939		24.415745
940		24.526224
941		23.642397
942		24.415745
943		23.531918
944		22.206175
945		19.223257
946		19.996607
947		24.747181
948		23.310961
949		18.670864
950		19.775650
951		21.764261
952		18.891821
953		19.444214
954		20.438520
955		21.874741
956		19.333735
957		30.713018
958		94.901016
959		188.144867
960		168.921600
961		62.199387
962		24.636702
963		18.891821
964		21.432827
965		20.328041
966		23.531918
967		18.339428
968		20.990913
969		19.665171
970		21.874741
971		17.897514
972		19.444214
973		20.438520
974		22.537611
975		17.897514
976		19.112778
977		21.101391
978		23.863354
979		19.333735
980		16.792730
981		23.310961
982		18.781343
983		15.356509
984		21.101391
985		19.886127
986		18.781343
987		20.328041
988		19.333735
989		16.792730
990		17.676558
991		21.653784
992		16.350817
993		16.903208
994		16.129860
995		17.345123
996		21.322348
997		19.444214
998		16.461294
999		16.903208
1000		16.129860
1001		14.251725
1002		13.478375
1003		17.676558
1004		14.804117
1005		15.908902
1006		15.798424
1007		14.030767
1008		14.251725
1009		15.687945
1010		16.792730
1011		12.042155
1012		14.804117
1013		15.356509
1014		16.350817
1015		16.792730
1016		15.356509
1017		23.863354
1018		44.191395
1019		49.494362
1020		31.375891
1021		17.676558
1022		18.891821
1023		17.897514
1024		17.234644
1025		17.455601
1026		18.228951
1027		14.362204
1028		16.792730
1029		18.007994
1030		16.350817
1031		15.577467
1032		13.920289
1033		17.345123
1034		26.072924
1035		96.337242
1036		310.996948
1037		355.851196
1038		155.001312
1039		36.899815
1040		15.687945
1041		18.118471
1042		18.118471
1043		15.135552
1044		14.141246
1045		14.141246
1046		15.356509
1047		16.019381
1048		16.461294
1049		17.124165
1050		16.019381
1051		19.333735
1052		15.687945
1053		15.466989
1054		15.246031
1055		16.240337
1056		15.577467
1057		16.240337
1058		15.798424
1059		13.809811
1060		15.246031
1061		15.246031
1062		15.246031
1063		14.804117
1064		15.577467
1065		15.577467
1066		17.013687
1067		16.792730
1068		14.693639
1069		16.350817
1070		16.792730
1071		28.172014
1072		56.454506
1073		87.830399
1074		60.763168
1075		26.625315
1076		14.362204
1077		15.466989
1078		18.007994
1079		15.687945
1080		17.124165
1081		15.135552
1082		15.687945
1083		16.019381
1084		18.339428
1085		15.246031
1086		15.356509
1087		17.455601
1088		17.787037
1089		18.560387
1090		17.234644
1091		19.333735
1092		18.449907
1093		20.659477
1094		23.090004
1095		26.514837
1096		24.747181
1097		19.223257
1098		18.118471
1099		20.438520
1100		16.240337
1101		17.345123
1102		16.461294
1103		18.670864
1104		17.897514
1105		17.345123
1106		20.328041
1107		24.194788
1108		22.427134
1109		18.560387
1110		19.665171
1111		18.670864
1112		19.444214
1113		18.228951
1114		16.903208
1115		19.223257
1116		18.560387
1117		17.897514
1118		20.769955
1119		17.676558
1120		20.880434
1121		16.461294
1122		16.240337
1123		16.903208
1124		18.891821
1125		17.566080
1126		19.665171
1127		16.129860
1128		17.234644
1129		21.101391
1130		24.857660
1131		24.415745
1132		24.636702
1133		17.566080
1134		19.333735
1135		19.775650
1136		19.996607
1137		19.554691
1138		19.223257
1139		21.764261
1140		18.339428
1141		20.659477
1142		21.432827
1143		19.886127
1144		19.333735
1145		20.769955
1146		17.234644
1147		23.421438
1148		19.665171
1149		20.328041
1150		21.653784
1151		19.775650
1152		19.886127
1153		18.670864
1154		18.891821
1155		21.874741
1156		20.769955
1157		19.333735
1158		21.432827
1159		19.333735
1160		19.112778
1161		20.880434
1162		17.566080
1163		22.537611
1164		23.642397
1165		22.869047
1166		29.608234
1167		22.869047
1168		21.985218
1169		19.444214
1170		18.560387
1171		18.118471
1172		17.013687
1173		20.438520
1174		19.444214
1175		20.217564
1176		16.461294
1177		19.554691
1178		20.438520
1179		19.333735
1180		20.217564
1181		19.333735
1182		17.566080
1183		18.339428
1184		18.228951
1185		19.333735
1186		19.886127
1187		17.234644
1188		19.002300
1189		20.438520
1190		18.339428
1191		18.007994
1192		19.886127
1193		18.670864
1194		17.676558
1195		17.345123
1196		18.560387
1197		20.659477
1198		21.432827
1199		19.444214
1200		20.880434
1201		17.566080
1202		19.223257
1203		21.211870
1204		21.211870
1205		20.328041
1206		21.653784
1207		20.990913
1208		20.769955
1209		20.880434
1210		21.211870
1211		21.653784
1212		17.234644
1213		20.548998
1214		20.217564
1215		20.880434
1216		20.107084
1217		20.659477
1218		18.560387
1219		20.217564
1220		23.531918
1221		22.869047
1222		21.432827
1223		31.928282
1224		86.946571
1225		155.443237
1226		130.806534
1227		64.850868
1228		27.067228
1229		23.531918
1230		26.846272
1231		23.421438
1232		25.189095
1233		19.775650
1234		23.863354
1235		23.973831
1236		23.310961
1237		23.531918
1238		25.851965
1239		24.415745
1240		21.432827
1241		20.769955
1242		21.985218
1243		23.310961
1244		23.421438
1245		23.531918
1246		24.305267
1247		21.543304
1248		23.310961
1249		21.764261
1250		25.520531
1251		23.863354
1252		24.084311
1253		23.531918
1254		20.438520
1255		20.990913
1256		21.985218
1257		23.310961
1258		21.543304
1259		26.072924
1260		24.968138
1261		25.851965
1262		21.764261
1263		20.769955
1264		27.840578
1265		24.526224
1266		22.206175
1267		26.183401
1268		24.747181
1269		25.410051
1270		27.509144
1271		24.305267
1272		25.299574
1273		25.299574
1274		24.194788
1275		26.514837
1276		24.194788
1277		26.625315
1278		27.288187
1279		25.631008
1280		25.631008
1281		22.095697
1282		23.531918
1283		24.084311
1284		26.404358
1285		22.979525
1286		25.631008
1287		26.072924
1288		26.293880
1289		27.730101
1290		24.194788
1291		28.392971
1292		26.183401
1293		28.724407
1294		29.055841
1295		32.149239
1296		29.718714
1297		25.078617
1298		29.608234
1299		37.562687
1300		45.738094
1301		62.751781
1302		56.233551
1303		37.673164
1304		29.497755
1305		27.730101
1306		31.707325
1307		27.730101
1308		28.613928
1309		30.823498
1310		28.613928
1311		31.486368
1312		28.834885
1313		27.067228
1314		27.619621
1315		28.392971
1316		28.282492
1317		31.817804
1318		30.050148
1319		30.933977
1320		34.248329
1321		30.823498
1322		34.469288
1323		34.137852
1324		27.730101
1325		33.474983
1326		32.480675
1327		31.486368
1328		33.695938
1329		35.795029
1330		34.690247
1331		31.154934
1332		33.916897
1333		34.579765
1334		34.579765
1335		33.474983
1336		30.492062
1337		29.829191
1338		27.177708
1339		27.951057
1340		30.933977
1341		32.038761
1342		26.072924
1343		25.631008
1344		24.526224
1345		23.973831
1346		30.381584
1347		27.730101
1348		27.951057
1349		24.968138
1350		27.067228
1351		26.735794
1352		27.840578
1353		24.305267
1354		27.951057
1355		28.172014
1356		29.387278
1357		27.398664
1358		24.636702
1359		26.404358
1360		26.956751
1361		25.851965
1362		25.410051
1363		24.636702
1364		29.055841
1365		28.282492
1366		23.642397
1367		25.520531
1368		24.857660
1369		25.741488
1370		23.973831
1371		25.189095
1372		23.642397
1373		26.956751
1374		23.531918
1375		23.642397
1376		20.659477
1377		23.310961
1378		20.217564
1379		23.531918
1380		23.973831
1381		20.328041
1382		20.769955
1383		21.653784
1384		20.990913
1385		19.996607
1386		20.880434
1387		21.985218
1388		18.449907
1389		18.781343
1390		17.345123
1391		18.228951
1392		19.554691
1393		15.908902
1394		20.328041
1395		20.217564
1396		20.880434
1397		19.665171
1398		19.665171
1399		19.996607
1400		17.234644
1401		17.013687
1402		17.013687
1403		19.223257
1404		15.577467
1405		21.543304
1406		20.107084
1407		17.787037
1408		16.461294
1409		17.787037
1410		19.775650
1411		17.013687
1412		14.914596
1413		17.234644
1414		19.665171
1415		22.758568
1416		24.084311
1417		19.665171
1418		17.234644
1419		15.908902
1420		15.687945
1421		11.268806
1422		15.466989
1423		14.141246
1424		14.693639
1425		14.362204
1426		14.251725
1427		14.141246
1428		15.356509
1429		42.976131
1430		182.510452
1431		516.597412
1432		706.841370
1433		433.186157
1434		131.911316
1435		26.625315
1436		14.914596
1437		15.577467
1438		14.914596
1439		13.367897
1440		14.914596
1441		15.246031
1442		11.158327
1443		15.246031
1444		12.152634
1445		15.798424
1446		14.141246
1447		15.798424
1448		13.478375
1449		14.472682
1450		19.775650
1451		19.444214
1452		14.804117
1453		13.036462
1454		11.158327
1455		13.146940
1456		14.141246
1457		10.605935
1458		12.152634
1459		13.146940
1460		13.809811
1461		12.594547
1462		14.693639
1463		11.158327
1464		11.821198
1465		12.705026
1466		9.169714
1467		11.379284
1468		11.047849
1469		9.059236
1470		11.821198
1471		12.705026
1472		16.129860
1473		17.234644
1474		18.228951
1475		11.931677
1476		11.821198
1477		12.042155
1478		12.042155
1479		12.705026
1480		11.268806
1481		12.484069
1482		12.152634
1483		10.495457
1484		12.594547
1485		8.838279
1486		10.495457
1487		10.495457
1488		12.705026
1489		12.594547
1490		12.042155
1491		10.495457
1492		10.274499
1493		9.943064
1494		12.152634
1495		12.925982
1496		9.501150
1497		11.931677
1498		10.605935
1499		12.152634
1500		12.705026
1501		13.478375
1502		12.373590
1503		14.141246
1504		19.775650
1505		38.446514
1506		78.550201
1507		140.086716
1508		182.731415
1509		107.495567
1510		43.639004
1511		15.246031
1512		11.268806
1513		10.605935
1514		11.268806
1515		10.495457
1516		10.716413
1517		10.384977
1518		11.931677
1519		11.158327
1520		8.838279
1521		10.164021
1522		10.937370
1523		9.169714
1524		10.384977
1525		9.501150
1526		11.379284
1527		12.484069
1528		8.285887
1529		10.384977
1530		8.617322
1531		9.280193
1532		8.175408
1533		10.605935
1534		8.617322
1535		9.832585
1536		7.402059
1537		8.838279
1538		11.821198
1539		7.733494
1540		10.716413
1541		10.164021
1542		10.605935
1543		11.821198
1544		14.583160
1545		13.809811
1546		11.600241
1547		10.495457
1548		7.512537
1549		11.047849
1550		9.390672
1551		8.617322
1552		10.384977
1553		7.402059
1554		8.396365
1555		8.285887
1556		7.623015
1557		8.727800
1558		8.948757
1559		9.722107
1560		8.285887
1561		8.506844
1562		9.611629
1563		7.954451
1564		9.059236
1565		7.954451
1566		9.501150
1567		6.960145
1568		8.617322
1569		8.396365
1570		9.059236
1571		8.838279
1572		6.739188
1573		8.617322
1574		7.181102
1575		7.291580
1576		8.727800
1577		6.297274
1578		8.396365
1579		8.285887
1580		8.285887
1581		8.396365
1582		8.506844
1583		7.291580
1584		7.843973
1585		8.617322
1586		6.518231
1587		7.402059
1588		7.733494
1589		6.739188
1590		6.407752
1591		9.059236
1592		9.501150
1593		8.396365
1594		7.181102
1595		7.512537
1596		6.518231
1597		8.175408
1598		8.838279
1599		8.838279
1600		7.181102
1601		7.733494
1602		10.937370
1603		12.042155
1604		17.013687
1605		13.588854
1606		13.036462
1607		7.291580
1608		8.285887
1609		8.506844
1610		8.727800
1611		7.291580
1612		7.512537
1613		8.064930
1614		6.849666
1615		7.070623
1616		6.076317
1617		6.297274
1618		7.843973
1619		8.064930
1620		14.693639
1621		23.310961
1622		23.973831
1623		18.118471
1624		9.722107
1625		9.280193
1626		5.965838
1627		6.739188
1628		6.849666
1629		6.849666
1630		6.849666
1631		7.291580
1632		7.733494
1633		7.291580
1634		8.617322
1635		6.407752
1636		6.407752
1637		5.413446
1638		7.512537
1639		6.628709
1640		6.407752
1641		8.064930
1642		6.739188
1643		6.186795
1644		6.849666
1645		4.971532
1646		6.739188
1647		6.628709
1648		5.744881
1649		6.297274
1650		7.291580
1651		6.297274
1652		6.518231
1653		5.744881
1654		6.186795
1655		5.413446
1656		6.186795
1657		7.070623
1658		6.186795
1659		7.070623
1660		6.739188
1661		6.297274
1662		5.855360
1663		7.181102
1664		4.971532
1665		6.186795
1666		6.739188
1667		6.518231
1668		6.407752
1669		6.518231
1670		6.186795
1671		7.070623
1672		7.181102
1673		5.744881
1674		6.076317
1675		5.523924
1676		4.971532
1677		5.855360
1678		6.849666
1679		7.733494
1680		8.617322
1681		7.733494
1682		7.070623
1683		6.628709
1684		5.523924
1685		6.739188
1686		5.634403
1687		5.855360
1688		6.186795
1689		5.855360
1690		6.407752
1691		7.512537
1692		4.529618
1693		5.744881
1694		4.529618
1695		7.070623
1696		5.523924
1697		5.855360
1698		6.407752
1699		6.739188
1700		8.175408
1701		7.291580
1702		4.750575
1703		6.739188
1704		5.965838
1705		4.971532
1706		7.512537
1707		6.076317
1708		5.523924
1709		7.070623
1710		5.855360
1711		5.413446
1712		6.407752
1713		5.523924
1714		5.744881
1715		7.512537
1716		6.076317
1717		6.628709
1718		7.733494
1719		5.082010
1720		6.297274
1721		5.744881
1722		7.733494
1723		7.291580
1724		6.849666
1725		5.744881
1726		5.302968
1727		5.192489
1728		7.181102
1729		4.640097
1730		5.744881
1731		5.634403
1732		6.186795
1733		6.628709
1734		5.192489
1735		6.628709
1736		5.744881
1737		5.082010
1738		5.302968
1739		5.413446
1740		4.861053
1741		6.297274
1742		5.855360
1743		4.750575
1744		4.419139
1745		4.198183
1746		4.529618
1747		5.523924
1748		4.861053
1749		4.861053
1750		4.750575
1751		5.413446
1752		3.535311
1753		4.308661
1754		8.175408
1755		4.971532
1756		4.640097
1757		5.855360
1758		4.529618
1759		3.535311
1760		4.087704
1761		6.076317
1762		4.308661
1763		4.419139
1764		4.087704
1765		4.198183
1766		3.645790
1767		3.756269
1768		5.965838
1769		3.977226
1770		3.866747
1771		4.198183
1772		4.861053
1773		3.756269
1774		3.645790
1775		4.198183
1776		5.082010
1777		3.977226
1778		4.971532
1779		3.535311
1780		4.087704
1781		4.640097
1782		4.308661
1783		5.082010
1784		3.314355
1785		4.529618
1786		4.750575
1787		3.866747
1788		4.971532
1789		3.977226
1790		4.198183
1791		3.866747
1792		3.756269
1793		3.424833
1794		3.203876
1795		3.203876
1796		3.203876
1797		3.535311
1798		3.093398
1799		2.430527
1800		4.419139
1801		4.308661
1802		4.529618
1803		3.645790
1804		3.645790
1805		3.314355
1806		3.093398
1807		3.645790
1808		6.849666
1809		16.350817
1810		33.033066
1811		40.214169
1812		26.072924
1813		10.716413
1814		5.082010
1815		4.419139
1816		4.419139
1817		3.535311
1818		3.093398
1819		3.093398
1820		2.982919
1821		4.087704
1822		3.093398
1823		3.645790
1824		3.424833
1825		2.320048
1826		3.424833
1827		2.209570
1828		3.756269
1829		3.314355
1830		3.977226
1831		3.314355
1832		3.645790
1833		3.645790
1834		3.203876
1835		2.320048
1836		2.651484
1837		3.424833
1838		3.203876
1839		3.535311
1840		2.651484
1841		2.651484
1842		2.872441
1843		2.651484
1844		4.640097
1845		3.093398
1846		3.866747
1847		3.203876
1848		2.099091
1849		2.761962
1850		3.093398
1851		1.988613
1852		2.651484
1853		2.541005
1854		3.866747
1855		2.430527
1856		2.541005
1857		3.535311
1858		2.541005
1859		2.430527
1860		2.872441
1861		2.430527
1862		2.872441
1863		2.430527
1864		1.546699
1865		2.651484
1866		3.093398
1867		3.866747
1868		2.982919
1869		2.872441
1870		3.645790
1871		1.988613
1872		1.988613
1873		1.878134
1874		2.761962
1875		2.761962
1876		3.093398
1877		2.209570
1878		2.209570
1879		2.651484
1880		2.541005
1881		1.988613
1882		3.645790
1883		3.535311
1884		3.756269
1885		7.070623
1886		15.687945
1887		14.141246
1888		13.257419
1889		4.861053
1890		2.761962
1891		1.657177
1892		2.320048
1893		1.546699
1894		2.541005
1895		2.320048
1896		1.767656
1897		1.767656
1898		1.767656
1899		1.657177
1900		1.878134
1901		2.541005
1902		1.988613
1903		1.878134
1904		2.872441
1905		1.988613
1906		2.872441
1907		2.541005
1908		1.767656
1909		3.093398
1910		2.872441
1911		2.761962
1912		1.878134
1913		1.988613
1914		2.982919
1915		2.872441
1916		1.767656
1917		2.541005
1918		1.657177
1919		1.436220
1920		3.093398
1921		2.761962
1922		1.988613
1923		3.424833
1924		2.099091
1925		2.541005
1926		2.320048
1927		2.320048
1928		2.761962
1929		1.657177
1930		1.657177
1931		2.320048
1932		3.093398
1933		1.657177
1934		2.099091
1935		1.988613
1936		1.546699
1937		1.104785
1938		2.320048
1939		1.546699
1940		0.994306
1941		1.104785
1942		1.657177
1943		2.099091
1944		1.546699
1945		1.878134
1946		1.325742
1947		1.657177
1948		1.767656
1949		1.657177
1950		0.773349
1951		1.215263
1952		1.215263
1953		1.325742
1954		1.546699
1955		1.104785
1956		2.099091
1957		2.099091
1958		1.104785
1959		1.657177
1960		1.988613
1961		2.541005
1962		2.430527
1963		1.878134
1964		1.436220
1965		1.546699
1966		1.104785
1967		0.773349
1968		1.215263
1969		1.436220
1970		0.773349
1971		0.883828
1972		1.325742
1973		1.436220
1974		1.215263
1975		0.994306
1976		1.657177
1977		1.436220
1978		1.215263
1979		1.657177
1980		1.546699
1981		0.883828
1982		1.104785
1983		1.215263
1984		0.883828
1985		1.878134
1986		1.104785
1987		2.209570
1988		0.883828
1989		0.552392
1990		1.104785
1991		1.546699
1992		0.552392
1993		0.662871
1994		1.878134
1995		0.883828
1996		0.883828
1997		0.773349
1998		0.552392
1999		0.662871
2000		0.883828
2001		0.883828
2002		0.662871
2003		0.331435
2004		0.552392
2005		1.215263
2006		0.662871
2007		0.883828
2008		0.883828
2009		0.994306
2010		0.773349
2011		0.441914
2012		0.883828
2013		1.657177
2014		2.320048
2015		9.169714
2016		16.019381
2017		21.101391
2018		15.356509
2019		6.407752
2020		2.651484
2021		0.994306
2022		0.773349
2023		0.883828
2024		0.662871
2025		0.662871
2026		0.552392
2027		0.331435
2028		0.883828
2029		0.994306
2030		0.773349
2031		0.220957
2032		0.331435
2033		0.773349
2034		0.552392
2035		0.441914
2036		0.662871
2037		0.883828
2038		0.441914
2039		0.331435
2040		0.220957
2041		0.441914
2042		0.552392
2043		0.662871
2044		0.552392
2045		0.000000
2046		0.883828
2047		0.441914
2048		0.773349
2049		0.441914
2050		0.110478
2051		0.773349
2052		0.441914
2053		0.331435
2054		0.773349
2055		0.331435
2056		0.552392
2057		0.441914
2058		0.552392
2059		0.662871
2060		0.883828
2061		0.441914
2062		0.441914
2063		0.220957
2064		0.441914
2065		0.331435
2066		0.662871
2067		0.220957
2068		0.331435
2069		0.773349
2070		0.552392
2071		0.331435
2072		0.441914
2073		0.552392
2074		0.220957
2075		0.331435
2076		0.331435
2077		0.331435
2078		0.552392
2079		0.110478
2080		0.441914
2081		0.773349
2082		0.441914
2083		0.331435
2084		0.220957
2085		0.883828
2086		0.331435
2087		0.331435
2088		0.441914
2089		0.883828
2090		1.325742
2091		2.099091
2092		3.866747
2093		4.640097
2094		3.535311
2095		1.546699
2096		0.441914
2097		0.110478
2098		0.110478
2099		0.662871
2100		0.441914
2101		0.331435
2102		0.441914
2103		0.000000
2104		0.441914
2105		0.331435
2106		0.110478
2107		0.552392
2108		0.110478
2109		0.331435
2110		0.331435
2111		0.220957
2112		0.441914
2113		0.331435
2114		0.000000
2115		0.220957
2116		0.552392
2117		0.441914
2118		0.773349
2119		0.220957
2120		0.441914
2121		0.110478
2122		0.441914
2123		0.331435
2124		0.552392
2125		0.331435
2126		0.220957
2127		0.110478
2128		0.220957
2129		0.110478
2130		0.220957
2131		0.441914
2132		0.441914
2133		0.220957
2134		0.552392
2135		0.220957
2136		0.773349
2137		0.331435
2138		0.220957
2139		0.000000
2140		0.110478
2141		0.441914
2142		0.110478
2143		0.552392
2144		0.552392
2145		0.331435
2146		0.220957
2147		0.110478
2148		0.000000
2149		0.220957
2150		0.220957
2151		0.110478
2152		0.220957
2153		0.000000
2154		0.110478
2155		0.110478
2156		0.220957
2157		0.331435
2158		0.220957
2159		0.331435
2160		0.110478
2161		0.331435
2162		0.110478
2163		0.220957
2164		0.110478
2165		0.000000
2166		0.441914
2167		0.110478
2168		0.220957
2169		0.110478
2170		0.110478
2171		0.110478
2172		0.441914
2173		0.110478
2174		0.220957
2175		0.331435
2176		0.220957
2177		0.110478
2178		0.331435
2179		0.220957
2180		0.220957
2181		0.331435
2182		0.000000
2183		0.110478
2184		0.110478
2185		0.331435
2186		0.110478
2187		0.331435
2188		0.331435
2189		0.773349
2190		0.441914
2191		0.441914
2192		0.220957
2193		0.220957
2194		0.331435
2195		0.110478
2196		0.110478
2197		0.220957
2198		0.000000
2199		0.110478
2200		0.220957
2201		0.110478
2202		0.110478
2203		0.000000
2204		0.331435
2205		0.441914
2206		0.331435
2207		0.110478
2208		0.220957
2209		0.000000
2210		0.441914
2211		0.110478
2212		0.220957
2213		0.220957
2214		0.000000
2215		0.110478
2216		0.220957
2217		0.110478
2218		0.000000
2219		0.110478
2220		0.000000
2221		0.220957
2222		0.220957
2223		0.110478
2224		0.110478
2225		0.441914
2226		0.220957
2227		0.000000
2228		0.000000
2229		0.220957
2230		0.000000
2231		0.220957
2232		0.110478
2233		0.000000
2234		0.000000
2235		0.000000
2236		0.110478
2237		0.000000
2238		0.000000
2239		0.110478
2240		0.220957
2241		0.220957
2242		0.110478
2243		0.110478
2244		0.000000
2245		0.110478
2246		0.110478
2247		0.000000
2248		0.110478
2249		0.110478
2250		0.110478
2251		0.220957
2252		0.000000
2253		0.000000
2254		0.000000
2255		0.000000
2256		0.220957
2257		0.110478
2258		0.000000
2259		0.110478
2260		0.110478
2261		0.110478
2262		0.110478
2263		0.000000
2264		0.220957
2265		0.110478
2266		0.000000
2267		0.220957
2268		0.000000
2269		0.000000
2270		0.000000
2271		0.110478
2272		0.000000
2273		0.000000
2274		0.000000
2275		0.000000
2276		0.110478
2277		0.110478
2278		0.000000
2279		0.220957
2280		0.110478
2281		0.000000
2282		0.000000
2283		0.220957
2284		0.000000
2285		0.110478
2286		0.110478
2287		0.000000
2288		0.000000
2289		0.110478
2290		0.110478
2291		0.000000
2292		0.000000
2293		0.000000
2294		0.110478
2295		0.000000
2296		0.110478
2297		0.000000
2298		0.110478
2299		0.000000
2300		0.000000
2301		0.000000
2302		0.110478
2303		0.000000
2304		0.000000
2305		0.000000
2306		0.000000
2307		0.110478
2308		0.110478
2309		0.220957
2310		0.000000
2311		0.000000
2312		0.000000
2313		0.000000
2314		0.000000
2315		0.110478
2316		0.000000
2317		0.000000
2318		0.000000
2319		0.000000
2320		0.000000
2321		0.110478
2322		0.000000
2323		0.000000
2324		0.000000
2325		0.000000
2326		0.000000
2327		0.000000
2328		0.000000
2329		0.000000
2330		0.110478
2331		0.110478
2332		0.110478
2333		0.000000
2334		0.000000
2335		0.110478
2336		0.110478
2337		0.000000
2338		0.000000
2339		0.000000
2340		0.000000
2341		0.000000
2342		0.000000
2343		0.000000
2344		0.000000
2345		0.000000
2346		0.000000
2347		0.000000
2348		0.000000
2349		0.000000
2350		0.000000
2351		0.000000
2352		0.000000
2353		0.000000
2354		0.000000
2355		0.000000
2356		0.000000
2357		0.000000
2358		0.000000
2359		0.000000
2360		0.000000
2361		0.000000
2362		0.000000
2363		0.000000
2364		0.000000
2365		0.000000
2366		0.000000
2367		0.000000
2368		0.000000
2369		0.000000
2370		0.000000
2371		0.000000
2372		0.000000
2373		0.000000
2374		0.000000
2375		0.000000
2376		0.000000
2377		0.000000
2378		0.000000
2379		0.000000
2380		0.000000
2381		0.000000
2382		0.000000
2383		0.000000
2384		0.000000
2385		0.000000
2386		0.000000
2387		0.000000
2388		0.000000
2389		0.000000
2390		0.000000
2391		0.000000
2392		0.000000
2393		0.000000
2394		0.000000
2395		0.000000
2396		0.000000
2397		0.000000
2398		0.000000
2399		0.000000
2400		0.000000
2401		0.000000
2402		0.000000
2403		0.000000
2404		0.000000
2405		0.000000
2406		0.000000
2407		0.000000
2408		0.000000
2409		0.000000
2410		0.000000
2411		0.000000
2412		0.000000
2413		0.000000
2414		0.000000
2415		0.000000
2416		0.000000
2417		0.000000
2418		0.000000
2419		0.000000
2420		0.000000
2421		0.000000
2422		0.000000
2423		0.000000
2424		0.000000
2425		0.000000
2426		0.000000
2427		0.000000
2428		0.000000
2429		0.000000
2430		0.000000
2431		0.000000
2432		0.000000
2433		0.000000
2434		0.000000
2435		0.000000
2436		0.000000
2437		0.000000
2438		0.000000
2439		0.000000
2440		0.000000
2441		0.000000
2442		0.000000
2443		0.000000
2444		0.000000
2445		0.000000
2446		0.000000
2447		0.000000
2448		0.000000
2449		0.000000
2450		0.000000
2451		0.000000
2452		0.000000
2453		0.000000
2454		0.000000
2455		0.000000
2456		0.000000
2457		0.000000
2458		0.000000
2459		0.000000
2460		0.000000
2461		0.000000
2462		0.000000
2463		0.000000
2464		0.000000
2465		0.000000
2466		0.000000
2467		0.000000
2468		0.000000
2469		0.000000
2470		0.000000
2471		0.000000
2472		0.000000
2473		0.000000
2474		0.000000
2475		0.000000
2476		0.000000
2477		0.000000
2478		0.000000
2479		0.000000
2480		0.000000
2481		0.000000
2482		0.000000
2483		0.000000
2484		0.000000
2485		0.000000
2486		0.000000
2487		0.000000
2488		0.000000
2489		0.000000
2490		0.000000
2491		0.000000
2492		0.000000
2493		0.000000
2494		0.000000
2495		0.000000
2496		0.000000
2497		0.000000
2498		0.000000
2499		0.000000
2500		0.000000
2501		0.000000
2502		0.000000
2503		0.000000
2504		0.000000
2505		0.000000
2506		0.000000
2507		0.000000
2508		0.000000
2509		0.000000
2510		0.000000
2511		0.000000
2512		0.000000
2513		0.000000
2514		0.000000
2515		0.000000
2516		0.000000
2517		0.000000
2518		0.000000
2519		0.000000
2520		0.000000
2521		0.000000
2522		0.000000
2523		0.000000
2524		0.000000
2525		0.000000
2526		0.000000
2527		0.000000
2528		0.000000
2529		0.000000
2530		0.000000
2531		0.000000
2532		0.000000
2533		0.000000
2534		0.000000
2535		0.000000
2536		0.000000
2537		0.000000
2538		0.000000
2539		0.000000
2540		0.000000
2541		0.000000
2542		0.000000
2543		0.000000
2544		0.000000
2545		0.000000
2546		0.000000
2547		0.000000
2548		0.000000
2549		0.000000
2550		0.000000
2551		0.000000
2552		0.000000
2553		0.000000
2554		0.000000
2555		0.000000
2556		0.000000
2557		0.000000
2558		0.000000
2559		0.000000
2560		0.000000
2561		0.000000
2562		0.000000
2563		0.000000
2564		0.000000
2565		0.000000
2566		0.000000
2567		0.000000
2568		0.000000
2569		0.000000
2570		0.000000
2571		0.000000
2572		0.000000
2573		0.000000
2574		0.000000
2575		0.000000
2576		0.000000
2577		0.000000
2578		0.000000
2579		0.000000
2580		0.000000
2581		0.000000
2582		0.000000
2583		0.000000
2584		0.000000
2585		0.000000
2586		0.000000
2587		0.000000
2588		0.000000
2589		0.000000
2590		0.000000
2591		0.000000
2592		0.000000
2593		0.000000
2594		0.000000
2595		0.000000
2596		0.000000
2597		0.000000
2598		0.000000
2599		0.000000
2600		0.000000
2601		0.000000
2602		0.000000
2603		0.000000
2604		0.000000
2605		0.000000
2606		0.000000
2607		0.000000
2608		0.000000
2609		0.000000
2610		0.000000
2611		0.000000
2612		0.000000
2613		0.000000
2614		0.000000
2615		0.000000
2616		0.000000
2617		0.000000
2618		0.000000
2619		0.000000
2620		0.000000
2621		0.000000
2622		0.000000
2623		0.000000
2624		0.000000
2625		0.000000
2626		0.000000
2627		0.000000
2628		0.000000
2629		0.000000
2630		0.000000
2631		0.000000
2632		0.000000
2633		0.000000
2634		0.000000
2635		0.000000
2636		0.000000
2637		0.000000
2638		0.000000
2639		0.000000
2640		0.000000
2641		0.000000
2642		0.000000
2643		0.000000
2644		0.000000
2645		0.000000
2646		0.000000
2647		0.000000
2648		0.000000
2649		0.000000
2650		0.000000
2651		0.000000
2652		0.000000
2653		0.000000
2654		0.000000
2655		0.000000
2656		0.000000
2657		0.000000
2658		0.000000
2659		0.000000
2660		0.000000
2661		0.000000
2662		0.000000
2663		0.000000
2664		0.000000
2665		0.000000
2666		0.000000
2667		0.000000
2668		0.000000
2669		0.000000
2670		0.000000
2671		0.000000
2672		0.000000
2673		0.000000
2674		0.000000
2675		0.000000
2676		0.000000
2677		0.000000
2678		0.000000
2679		0.000000
2680		0.000000
2681		0.000000
2682		0.000000
2683		0.000000
2684		0.000000
2685		0.000000
2686		0.000000
2687		0.000000
2688		0.000000
2689		0.000000
2690		0.000000
2691		0.000000
2692		0.000000
2693		0.000000
2694		0.000000
2695		0.000000
2696		0.000000
2697		0.000000
2698		0.000000
2699		0.000000
2700		0.000000
2701		0.000000
2702		0.000000
2703		0.000000
2704		0.000000
2705		0.000000
2706		0.000000
2707		0.000000
2708		0.000000
2709		0.000000
2710		0.000000
2711		0.000000
2712		0.000000
2713		0.000000
2714		0.000000
2715		0.000000
2716		0.000000
2717		0.000000
2718		0.000000
2719		0.000000
2720		0.000000
2721		0.000000
2722		0.000000
2723		0.000000
2724		0.000000
2725		0.000000
2726		0.000000
2727		0.000000
2728		0.000000
2729		0.000000
2730		0.000000
2731		0.000000
2732		0.000000
2733		0.000000
2734		0.000000
2735		0.000000
2736		0.000000
2737		0.000000
2738		0.000000
2739		0.000000
2740		0.000000
2741		0.000000
2742		0.000000
2743		0.000000
2744		0.000000
2745		0.000000
2746		0.000000
2747		0.000000
2748		0.000000
2749		0.000000
2750		0.000000
2751		0.000000
2752		0.000000
2753		0.000000
2754		0.000000
2755		0.000000
2756		0.000000
2757		0.000000
2758		0.000000
2759		0.000000
2760		0.000000
2761		0.000000
2762		0.000000
2763		0.000000
2764		0.000000
2765		0.000000
2766		0.000000
2767		0.000000
2768		0.000000
2769		0.000000
2770		0.000000
2771		0.000000
2772		0.000000
2773		0.000000
2774		0.000000
2775		0.000000
2776		0.000000
2777		0.000000
2778		0.000000
2779		0.000000
2780		0.000000
2781		0.000000
2782		0.000000
2783		0.000000
2784		0.000000
2785		0.000000
2786		0.000000
2787		0.000000
2788		0.000000
2789		0.000000
2790		0.000000
2791		0.000000
2792		0.000000
2793		0.000000
2794		0.000000
2795		0.000000
2796		0.000000
2797		0.000000
2798		0.000000
2799		0.000000
2800		0.000000
2801		0.000000
2802		0.000000
2803		0.000000
2804		0.000000
2805		0.000000
2806		0.000000
2807		0.000000
2808		0.000000
2809		0.000000
2810		0.000000
2811		0.000000
2812		0.000000
2813		0.000000
2814		0.000000
2815		0.000000
2816		0.000000
2817		0.000000
2818		0.000000
2819		0.000000
2820		0.000000
2821		0.000000
2822		0.000000
2823		0.000000
2824		0.000000
2825		0.000000
2826		0.000000
2827		0.000000
2828		0.000000
2829		0.000000
2830		0.000000
2831		0.000000
2832		0.000000
2833		0.000000
2834		0.000000
2835		0.000000
2836		0.000000
2837		0.000000
2838		0.000000
2839		0.000000
2840		0.000000
2841		0.000000
2842		0.000000
2843		0.000000
2844		0.000000
2845		0.000000
2846		0.000000
2847		0.000000
2848		0.000000
2849		0.000000
2850		0.000000
2851		0.000000
2852		0.000000
2853		0.000000
2854		0.000000
2855		0.000000
2856		0.000000
2857		0.000000
2858		0.000000
2859		0.000000
2860		0.000000
2861		0.000000
2862		0.000000
2863		0.000000
2864		0.000000
2865		0.000000
2866		0.000000
2867		0.000000
2868		0.000000
2869		0.000000
2870		0.000000
2871		0.000000
2872		0.000000
2873		0.000000
2874		0.000000
2875		0.000000
2876		0.000000
2877		0.000000
2878		0.000000
2879		0.000000
2880		0.000000
2881		0.000000
2882		0.000000
2883		0.000000
2884		0.000000
2885		0.000000
2886		0.000000
2887		0.000000
2888		0.000000
2889		0.000000
2890		0.000000
2891		0.000000
2892		0.000000
2893		0.000000
2894		0.000000
2895		0.000000
2896		0.000000
2897		0.000000
2898		0.000000
2899		0.000000
2900		0.000000
2901		0.000000
2902		0.000000
2903		0.000000
2904		0.000000
2905		0.000000
2906		0.000000
2907		0.000000
2908		0.000000
2909		0.000000
2910		0.000000
2911		0.000000
2912		0.000000
2913		0.000000
2914		0.000000
2915		0.000000
2916		0.000000
2917		0.000000
2918		0.000000
2919		0.000000
2920		0.000000
2921		0.000000
2922		0.000000
2923		0.000000
2924		0.000000
2925		0.000000
2926		0.000000
2927		0.000000
2928		0.000000
2929		0.000000
2930		0.000000
2931		0.000000
2932		0.000000
2933		0.000000
2934		0.000000
2935		0.000000
2936		0.000000
2937		0.000000
2938		0.000000
2939		0.000000
2940		0.000000
2941		0.000000
2942		0.000000
2943		0.000000
2944		0.000000
2945		0.000000
2946		0.000000
2947		0.000000
2948		0.000000
2949		0.000000
2950		0.000000
2951		0.000000
2952		0.000000
2953		0.000000
2954		0.000000
2955		0.000000
2956		0.000000
2957		0.000000
2958		0.000000
2959		0.000000
2960		0.000000
2961		0.000000
2962		0.000000
2963		0.000000
2964		0.000000
2965		0.000000
2966		0.000000
2967		0.000000
2968		0.000000
2969		0.000000
2970		0.000000
2971		0.000000
2972		0.000000
2973		0.000000
2974		0.000000
2975		0.000000
2976		0.000000
2977		0.000000
2978		0.000000
2979		0.000000
2980		0.000000
2981		0.000000
2982		0.000000
2983		0.000000
2984		0.000000
2985		0.000000
2986		0.000000
2987		0.000000
2988		0.000000
2989		0.000000
2990		0.000000
2991		0.000000
2992		0.000000
2993		0.000000
2994		0.000000
2995		0.000000
2996		0.000000
2997		0.000000
2998		0.000000
2999		0.000000
3000		0.000000
3001		0.000000
3002		0.000000
3003		0.000000
3004		0.000000
3005		0.000000
3006		0.000000
3007		0.000000
3008		0.000000
3009		0.000000
3010		0.000000
3011		0.000000
3012		0.000000
3013		0.000000
3014		0.000000
3015		0.000000
3016		0.000000
3017		0.000000
3018		0.000000
3019		0.000000
3020		0.000000
3021		0.000000
3022		0.000000
3023		0.000000
3024		0.000000
3025		0.000000
3026		0.000000
3027		0.000000
3028		0.000000
3029		0.000000
3030		0.000000
3031		0.000000
3032		0.000000
3033		0.000000
3034		0.000000
3035		0.000000
3036		0.000000
3037		0.000000
3038		0.000000
3039		0.000000
3040		0.000000
3041		0.000000
3042		0.000000
3043		0.000000
3044		0.000000
3045		0.000000
3046		0.000000
3047		0.000000
3048		0.000000
3049		0.000000
3050		0.000000
3051		0.000000
3052		0.000000
3053		0.000000
3054		0.000000
3055		0.000000
3056		0.000000
3057		0.000000
3058		0.000000
3059		0.000000
3060		0.000000
3061		0.000000
3062		0.000000
3063		0.000000
3064		0.000000
3065		0.000000
3066		0.000000
3067		0.000000
3068		0.000000
3069		0.000000
3070		0.000000
3071		0.000000
3072		0.000000
3073		0.000000
3074		0.000000
3075		0.000000
3076		0.000000
3077		0.000000
3078		0.000000
3079		0.000000
3080		0.000000
3081		0.000000
3082		0.000000
3083		0.000000
3084		0.000000
3085		0.000000
3086		0.000000
3087		0.000000
3088		0.000000
3089		0.000000
3090		0.000000
3091		0.000000
3092		0.000000
3093		0.000000
3094		0.000000
3095		0.000000
3096		0.000000
3097		0.000000
3098		0.000000
3099		0.000000
3100		0.000000
3101		0.000000
3102		0.000000
3103		0.000000
3104		0.000000
3105		0.000000
3106		0.000000
3107		0.000000
3108		0.000000
3109		0.000000
3110		0.000000
3111		0.000000
3112		0.000000
3113		0.000000
3114		0.000000
3115		0.000000
3116		0.000000
3117		0.000000
3118		0.000000
3119		0.000000
3120		0.000000
3121		0.000000
3122		0.000000
3123		0.000000
3124		0.000000
3125		0.000000
3126		0.000000
3127		0.000000
3128		0.000000
3129		0.000000
3130		0.000000
3131		0.000000
3132		0.000000
3133		0.000000
3134		0.000000
3135		0.000000
3136		0.000000
3137		0.000000
3138		0.000000
3139		0.000000
3140		0.000000
3141		0.000000
3142		0.000000
3143		0.000000
3144		0.000000
3145		0.000000
3146		0.000000
3147		0.000000
3148		0.000000
3149		0.000000
3150		0.000000
3151		0.000000
3152		0.000000
3153		0.000000
3154		0.000000
3155		0.000000
3156		0.000000
3157		0.000000
3158		0.000000
3159		0.000000
3160		0.000000
3161		0.000000
3162		0.000000
3163		0.000000
3164		0.000000
3165		0.000000
3166		0.000000
3167		0.000000
3168		0.000000
3169		0.000000
3170		0.000000
3171		0.000000
3172		0.000000
3173		0.000000
3174		0.000000
3175		0.000000
3176		0.000000
3177		0.000000
3178		0.000000
3179		0.000000
3180		0.000000
3181		0.000000
3182		0.000000
3183		0.000000
3184		0.000000
3185		0.000000
3186		0.000000
3187		0.000000
3188		0.000000
3189		0.000000
3190		0.000000
3191		0.000000
3192		0.000000
3193		0.000000
3194		0.000000
3195		0.000000
3196		0.000000
3197		0.000000
3198		0.000000
3199		0.000000
3200		0.000000
3201		0.000000
3202		0.000000
3203		0.000000
3204		0.000000
3205		0.000000
3206		0.000000
3207		0.000000
3208		0.000000
3209		0.000000
3210		0.000000
3211		0.000000
3212		0.000000
3213		0.000000
3214		0.000000
3215		0.000000
3216		0.000000
3217		0.000000
3218		0.000000
3219		0.000000
3220		0.000000
3221		0.000000
3222		0.000000
3223		0.000000
3224		0.000000
3225		0.000000
3226		0.000000
3227		0.000000
3228		0.000000
3229		0.000000
3230		0.000000
3231		0.000000
3232		0.000000
3233		0.000000
3234		0.000000
3235		0.000000
3236		0.000000
3237		0.000000
3238		0.000000
3239		0.000000
3240		0.000000
3241		0.000000
3242		0.000000
3243		0.000000
3244		0.000000
3245		0.000000
3246		0.000000
3247		0.000000
3248		0.000000
3249		0.000000
3250		0.000000
3251		0.000000
3252		0.000000
3253		0.000000
3254		0.000000
3255		0.000000
3256		0.000000
3257		0.000000
3258		0.000000
3259		0.000000
3260		0.000000
3261		0.000000
3262		0.000000
3263		0.000000
3264		0.000000
3265		0.000000
3266		0.000000
3267		0.000000
3268		0.000000
3269		0.000000
3270		0.000000
3271		0.000000
3272		0.000000
3273		0.000000
3274		0.000000
3275		0.000000
3276		0.000000
3277		0.000000
3278		0.000000
3279		0.000000
3280		0.000000
3281		0.000000
3282		0.000000
3283		0.000000
3284		0.000000
3285		0.000000
3286		0.000000
3287		0.000000
3288		0.000000
3289		0.000000
3290		0.000000
3291		0.000000
3292		0.000000
3293		0.000000
3294		0.000000
3295		0.000000
3296		0.000000
3297		0.000000
3298		0.000000
3299		0.000000
3300		0.000000
3301		0.000000
3302		0.000000
3303		0.000000
3304		0.000000
3305		0.000000
3306		0.000000
3307		0.000000
3308		0.000000
3309		0.000000
3310		0.000000
3311		0.000000
3312		0.000000
3313		0.000000
3314		0.000000
3315		0.000000
3316		0.000000
3317		0.000000
3318		0.000000
3319		0.000000
3320		0.000000
3321		0.000000
3322		0.000000
3323		0.000000
3324		0.000000
3325		0.000000
3326		0.000000
3327		0.000000
3328		0.000000
3329		0.000000
3330		0.000000
3331		0.000000
3332		0.000000
3333		0.000000
3334		0.000000
3335		0.000000
3336		0.000000
3337		0.000000
3338		0.000000
3339		0.000000
3340		0.000000
3341		0.000000
3342		0.000000
3343		0.000000
3344		0.000000
3345		0.000000
3346		0.000000
3347		0.000000
3348		0.000000
3349		0.000000
3350		0.000000
3351		0.000000
3352		0.000000
3353		0.000000
3354		0.000000
3355		0.000000
3356		0.000000
3357		0.000000
3358		0.000000
3359		0.000000
3360		0.000000
3361		0.000000
3362		0.000000
3363		0.000000
3364		0.000000
3365		0.000000
3366		0.000000
3367		0.000000
3368		0.000000
3369		0.000000
3370		0.000000
3371		0.000000
3372		0.000000
3373		0.000000
3374		0.000000
3375		0.000000
3376		0.000000
3377		0.000000
3378		0.000000
3379		0.000000
3380		0.000000
3381		0.000000
3382		0.000000
3383		0.000000
3384		0.000000
3385		0.000000
3386		0.000000
3387		0.000000
3388		0.000000
3389		0.000000
3390		0.000000
3391		0.000000
3392		0.000000
3393		0.000000
3394		0.000000
3395		0.000000
3396		0.000000
3397		0.000000
3398		0.000000
3399		0.000000
3400		0.000000
3401		0.000000
3402		0.000000
3403		0.000000
3404		0.000000
3405		0.000000
3406		0.000000
3407		0.000000
3408		0.000000
3409		0.000000
3410		0.000000
3411		0.000000
3412		0.000000
3413		0.000000
3414		0.000000
3415		0.000000
3416		0.000000
3417		0.000000
3418		0.000000
3419		0.000000
3420		0.000000
3421		0.000000
3422		0.000000
3423		0.000000
3424		0.000000
3425		0.000000
3426		0.000000
3427		0.000000
3428		0.000000
3429		0.000000
3430		0.000000
3431		0.000000
3432		0.000000
3433		0.000000
3434		0.000000
3435		0.000000
3436		0.000000
3437		0.000000
3438		0.000000
3439		0.000000
3440		0.000000
3441		0.000000
3442		0.000000
3443		0.000000
3444		0.000000
3445		0.000000
3446		0.000000
3447		0.000000
3448		0.000000
3449		0.000000
3450		0.000000
3451		0.000000
3452		0.000000
3453		0.000000
3454		0.000000
3455		0.000000
3456		0.000000
3457		0.000000
3458		0.000000
3459		0.000000
3460		0.000000
3461		0.000000
3462		0.000000
3463		0.000000
3464		0.000000
3465		0.000000
3466		0.000000
3467		0.000000
3468		0.000000
3469		0.000000
3470		0.000000
3471		0.000000
3472		0.000000
3473		0.000000
3474		0.000000
3475		0.000000
3476		0.000000
3477		0.000000
3478		0.000000
3479		0.000000
3480		0.000000
3481		0.000000
3482		0.000000
3483		0.000000
3484		0.000000
3485		0.000000
3486		0.000000
3487		0.000000
3488		0.000000
3489		0.000000
3490		0.000000
3491		0.000000
3492		0.000000
3493		0.000000
3494		0.000000
3495		0.000000
3496		0.000000
3497		0.000000
3498		0.000000
3499		0.000000
3500		0.000000
3501		0.000000
3502		0.000000
3503		0.000000
3504		0.000000
3505		0.000000
3506		0.000000
3507		0.000000
3508		0.000000
3509		0.000000
3510		0.000000
3511		0.000000
3512		0.000000
3513		0.000000
3514		0.000000
3515		0.000000
3516		0.000000
3517		0.000000
3518		0.000000
3519		0.000000
3520		0.000000
3521		0.000000
3522		0.000000
3523		0.000000
3524		0.000000
3525		0.000000
3526		0.000000
3527		0.000000
3528		0.000000
3529		0.000000
3530		0.000000
3531		0.000000
3532		0.000000
3533		0.000000
3534		0.000000
3535		0.000000
3536		0.000000
3537		0.000000
3538		0.000000
3539		0.000000
3540		0.000000
3541		0.000000
3542		0.000000
3543		0.000000
3544		0.000000
3545		0.000000
3546		0.000000
3547		0.000000
3548		0.000000
3549		0.000000
3550		0.000000
3551		0.000000
3552		0.000000
3553		0.000000
3554		0.000000
3555		0.000000
3556		0.000000
3557		0.000000
3558		0.000000
3559		0.000000
3560		0.000000
3561		0.000000
3562		0.000000
3563		0.000000
3564		0.000000
3565		0.000000
3566		0.000000
3567		0.000000
3568		0.000000
3569		0.000000
3570		0.000000
3571		0.000000
3572		0.000000
3573		0.000000
3574		0.000000
3575		0.000000
3576		0.000000
3577		0.000000
3578		0.000000
3579		0.000000
3580		0.000000
3581		0.000000
3582		0.000000
3583		0.000000
3584		0.000000
3585		0.000000
3586		0.000000
3587		0.000000
3588		0.000000
3589		0.000000
3590		0.000000
3591		0.000000
3592		0.000000
3593		0.000000
3594		0.000000
3595		0.000000
3596		0.000000
3597		0.000000
3598		0.000000
3599		0.000000
3600		0.000000
3601		0.000000
3602		0.000000
3603		0.000000
3604		0.000000
3605		0.000000
3606		0.000000
3607		0.000000
3608		0.000000
3609		0.000000
3610		0.000000
3611		0.000000
3612		0.000000
3613		0.000000
3614		0.000000
3615		0.000000
3616		0.000000
3617		0.000000
3618		0.000000
3619		0.000000
3620		0.000000
3621		0.000000
3622		0.000000
3623		0.000000
3624		0.000000
3625		0.000000
3626		0.000000
3627		0.000000
3628		0.000000
3629		0.000000
3630		0.000000
3631		0.000000
3632		0.000000
3633		0.000000
3634		0.000000
3635		0.000000
3636		0.000000
3637		0.000000
3638		0.000000
3639		0.000000
3640		0.000000
3641		0.000000
3642		0.000000
3643		0.000000
3644		0.000000
3645		0.000000
3646		0.000000
3647		0.000000
3648		0.000000
3649		0.000000
3650		0.000000
3651		0.000000
3652		0.000000
3653		0.000000
3654		0.000000
3655		0.000000
3656		0.000000
3657		0.000000
3658		0.000000
3659		0.000000
3660		0.000000
3661		0.000000
3662		0.000000
3663		0.000000
3664		0.000000
3665		0.000000
3666		0.000000
3667		0.000000
3668		0.000000
3669		0.000000
3670		0.000000
3671		0.000000
3672		0.000000
3673		0.000000
3674		0.000000
3675		0.000000
3676		0.000000
3677		0.000000
3678		0.000000
3679		0.000000
3680		0.000000
3681		0.000000
3682		0.000000
3683		0.000000
3684		0.000000
3685		0.000000
3686		0.000000
3687		0.000000
3688		0.000000
3689		0.000000
3690		0.000000
3691		0.000000
3692		0.000000
3693		0.000000
3694		0.000000
3695		0.000000
3696		0.000000
3697		0.000000
3698		0.000000
3699		0.000000
3700		0.000000
3701		0.000000
3702		0.000000
3703		0.000000
3704		0.000000
3705		0.000000
3706		0.000000
3707		0.000000
3708		0.000000
3709		0.000000
3710		0.000000
3711		0.000000
3712		0.000000
3713		0.000000
3714		0.000000
3715		0.000000
3716		0.000000
3717		0.000000
3718		0.000000
3719		0.000000
3720		0.000000
3721		0.000000
3722		0.000000
3723		0.000000
3724		0.000000
3725		0.000000
3726		0.000000
3727		0.000000
3728		0.000000
3729		0.000000
3730		0.000000
3731		0.000000
3732		0.000000
3733		0.000000
3734		0.000000
3735		0.000000
3736		0.000000
3737		0.000000
3738		0.000000
3739		0.000000
3740		0.000000
3741		0.000000
3742		0.000000
3743		0.000000
3744		0.000000
3745		0.000000
3746		0.000000
3747		0.000000
3748		0.000000
3749		0.000000
3750		0.000000
3751		0.000000
3752		0.000000
3753		0.000000
3754		0.000000
3755		0.000000
3756		0.000000
3757		0.000000
3758		0.000000
3759		0.000000
3760		0.000000
3761		0.000000
3762		0.000000
3763		0.000000
3764		0.000000
3765		0.000000
3766		0.000000
3767		0.000000
3768		0.000000
3769		0.000000
3770		0.000000
3771		0.000000
3772		0.000000
3773		0.000000
3774		0.000000
3775		0.000000
3776		0.000000
3777		0.000000
3778		0.000000
3779		0.000000
3780		0.000000
3781		0.000000
3782		0.000000
3783		0.000000
3784		0.000000
3785		0.000000
3786		0.000000
3787		0.000000
3788		0.000000
3789		0.000000
3790		0.000000
3791		0.000000
3792		0.000000
3793		0.000000
3794		0.000000
3795		0.000000
3796		0.000000
3797		0.000000
3798		0.000000
3799		0.000000
3800		0.000000
3801		0.000000
3802		0.000000
3803		0.000000
3804		0.000000
3805		0.000000
3806		0.000000
3807		0.000000
3808		0.000000
3809		0.000000
3810		0.000000
3811		0.000000
3812		0.000000
3813		0.000000
3814		0.000000
3815		0.000000
3816		0.000000
3817		0.000000
3818		0.000000
3819		0.000000
3820		0.000000
3821		0.000000
3822		0.000000
3823		0.000000
3824		0.000000
3825		0.000000
3826		0.000000
3827		0.000000
3828		0.000000
3829		0.000000
3830		0.000000
3831		0.000000
3832		0.000000
3833		0.000000
3834		0.000000
3835		0.000000
3836		0.000000
3837		0.000000
3838		0.000000
3839		0.000000
3840		0.000000
3841		0.000000
3842		0.000000
3843		0.000000
3844		0.000000
3845		0.000000
3846		0.000000
3847		0.000000
3848		0.000000
3849		0.000000
3850		0.000000
3851		0.000000
3852		0.000000
3853		0.000000
3854		0.000000
3855		0.000000
3856		0.000000
3857		0.000000
3858		0.000000
3859		0.000000
3860		0.000000
3861		0.000000
3862		0.000000
3863		0.000000
3864		0.000000
3865		0.000000
3866		0.000000
3867		0.000000
3868		0.000000
3869		0.000000
3870		0.000000
3871		0.000000
3872		0.000000
3873		0.000000
3874		0.000000
3875		0.000000
3876		0.000000
3877		0.000000
3878		0.000000
3879		0.000000
3880		0.000000
3881		0.000000
3882		0.000000
3883		0.000000
3884		0.000000
3885		0.000000
3886		0.000000
3887		0.000000
3888		0.000000
3889		0.000000
3890		0.000000
3891		0.000000
3892		0.000000
3893		0.000000
3894		0.000000
3895		0.000000
3896		0.000000
3897		0.000000
3898		0.000000
3899		0.000000
3900		0.000000
3901		0.000000
3902		0.000000
3903		0.000000
3904		0.000000
3905		0.000000
3906		0.000000
3907		0.000000
3908		0.000000
3909		0.000000
3910		0.000000
3911		0.000000
3912		0.000000
3913		0.000000
3914		0.000000
3915		0.000000
3916		0.000000
3917		0.000000
3918		0.000000
3919		0.000000
3920		0.000000
3921		0.000000
3922		0.000000
3923		0.000000
3924		0.000000
3925		0.000000
3926		0.000000
3927		0.000000
3928		0.000000
3929		0.000000
3930		0.000000
3931		0.000000
3932		0.000000
3933		0.000000
3934		0.000000
3935		0.000000
3936		0.000000
3937		0.000000
3938		0.000000
3939		0.000000
3940		0.000000
3941		0.000000
3942		0.000000
3943		0.000000
3944		0.000000
3945		0.000000
3946		0.000000
3947		0.000000
3948		0.000000
3949		0.000000
3950		0.000000
3951		0.000000
3952		0.000000
3953		0.000000
3954		0.000000
3955		0.000000
3956		0.000000
3957		0.000000
3958		0.000000
3959		0.000000
3960		0.000000
3961		0.000000
3962		0.000000
3963		0.000000
3964		0.000000
3965		0.000000
3966		0.000000
3967		0.000000
3968		0.000000
3969		0.000000
3970		0.000000
3971		0.000000
3972		0.000000
3973		0.000000
3974		0.000000
3975		0.000000
3976		0.000000
3977		0.000000
3978		0.000000
3979		0.000000
3980		0.000000
3981		0.000000
3982		0.000000
3983		0.000000
3984		0.000000
3985		0.000000
3986		0.000000
3987		0.000000
3988		0.000000
3989		0.000000
3990		0.000000
3991		0.000000
3992		0.000000
3993		0.000000
3994		0.000000
3995		0.000000
3996		0.000000
3997		0.000000
3998		0.000000
3999		0.000000
4000		0.000000
4001		0.000000
4002		0.000000
4003		0.000000
4004		0.000000
4005		0.000000
4006		0.000000
4007		0.000000
4008		0.000000
4009		0.000000
4010		0.000000
4011		0.000000
4012		0.000000
4013		0.000000
4014		0.000000
4015		0.000000
4016		0.000000
4017		0.000000
4018		0.000000
4019		0.000000
4020		0.000000
4021		0.000000
4022		0.000000
4023		0.000000
4024		0.000000
4025		0.000000
4026		0.000000
4027		0.000000
4028		0.000000
4029		0.000000
4030		0.000000
4031		0.000000
4032		0.000000
4033		0.000000
4034		0.000000
4035		0.000000
4036		0.000000
4037		0.000000
4038		0.000000
4039		0.000000
4040		0.000000
4041		0.000000
4042		0.000000
4043		0.000000
4044		0.000000
4045		0.000000
4046		0.000000
4047		0.000000
4048		0.000000
4049		0.000000
4050		0.000000
4051		0.000000
4052		0.000000
4053		0.000000
4054		0.000000
4055		0.000000
4056		0.000000
4057		0.000000
4058		0.000000
4059		0.000000
4060		0.000000
4061		0.000000
4062		0.000000
4063		0.000000
4064		0.000000
4065		0.000000
4066		0.000000
4067		0.000000
4068		0.000000
4069		0.000000
4070		0.000000
4071		0.000000
4072		0.000000
4073		0.000000
4074		0.000000
4075		0.000000
4076		0.000000
4077		0.000000
4078		0.000000
4079		0.000000
4080		0.000000
4081		0.000000
4082		0.000000
4083		0.000000
4084		0.000000
4085		0.000000
4086		0.000000
4087		0.000000
4088		0.000000
4089		0.000000
4090		0.000000
4091		0.000000
4092		0.000000
4093		0.000000
4094		0.000000
4095		0.000000
