0		0.000000
1		0.000000
2		0.000000
3		0.000000
4		0.000000
5		0.000000
6		0.000000
7		0.000000
8		0.000000
9		0.000000
10		0.000000
11		0.000000
12		0.000000
13		0.000000
14		0.000000
15		0.000000
16		0.000000
17		0.000000
18		0.000000
19		0.000000
20		0.000000
21		0.000000
22		0.000000
23		0.000000
24		0.000000
25		0.000000
26		0.000000
27		0.000000
28		0.000000
29		0.000000
30		0.000000
31		0.000000
32		0.000000
33		0.000000
34		0.000000
35		0.000000
36		0.000000
37		0.000000
38		0.000000
39		0.000000
40		0.000000
41		0.000000
42		0.000000
43		0.000000
44		0.000000
45		0.000000
46		0.000000
47		0.000000
48		0.000000
49		0.000000
50		0.000000
51		0.000000
52		0.000000
53		0.000000
54		0.000000
55		0.000000
56		0.000000
57		0.000000
58		0.000000
59		0.000000
60		0.000000
61		0.000000
62		0.000000
63		0.000000
64		0.000000
65		0.000000
66		0.000000
67		0.000000
68		0.000000
69		0.000000
70		0.000000
71		0.000000
72		0.000000
73		0.000000
74		0.000000
75		0.000000
76		0.000000
77		0.000000
78		0.000000
79		0.000000
80		0.000000
81		0.000000
82		0.000000
83		0.000000
84		0.000000
85		0.000000
86		0.000000
87		0.000000
88		0.000000
89		0.000000
90		0.000000
91		0.000000
92		0.000000
93		0.000000
94		0.000000
95		0.000000
96		0.000000
97		0.000000
98		0.000000
99		0.000000
100		0.000000
101		0.000000
102		0.000000
103		0.000000
104		0.000000
105		0.000000
106		0.000000
107		0.000000
108		0.000000
109		42954.464844
110		26112.843750
111		666.874084
112		64.665520
113		66.757133
114		62.922516
115		72.857651
116		68.325836
117		66.931435
118		67.628632
119		67.802933
120		64.839821
121		74.949257
122		74.774956
123		70.940346
124		74.426353
125		72.857651
126		70.766045
127		77.389465
128		74.077759
129		68.500137
130		74.252060
131		73.903458
132		69.197342
133		75.123558
134		72.683350
135		73.206253
136		68.325836
137		72.509048
138		71.637550
139		75.472160
140		73.031952
141		75.472160
142		78.435272
143		77.040863
144		78.609573
145		82.618484
146		87.673203
147		76.343666
148		89.067604
149		90.984917
150		84.187187
151		83.838593
152		87.498901
153		96.736832
154		93.599426
155		91.507812
156		94.819527
157		94.819527
158		99.525642
159		106.671967
160		102.314453
161		96.562531
162		108.414970
163		103.883156
164		111.203781
165		112.598190
166		109.983681
167		110.157982
168		105.103264
169		115.561302
170		108.937874
171		117.130005
172		114.341194
173		117.652908
174		114.166893
175		112.772491
176		104.231758
177		115.038399
178		112.423889
179		125.670731
180		121.661819
181		123.230522
182		111.552383
183		120.441719
184		110.680885
185		126.019333
186		129.679642
187		124.102028
188		130.028244
189		132.468460
190		144.146591
191		155.127533
192		154.778931
193		150.944321
194		149.375610
195		148.504120
196		149.201309
197		148.852707
198		147.981216
199		151.292923
200		136.128769
201		145.541000
202		136.303070
203		136.825974
204		132.991364
205		134.211456
206		122.010422
207		136.128769
208		131.771255
209		137.697479
210		134.037155
211		136.128769
212		138.394684
213		129.156738
214		127.413742
215		130.551147
216		134.211456
217		130.551147
218		130.725449
219		129.679642
220		126.542236
221		124.450630
222		116.607101
223		126.716537
224		115.387001
225		111.203781
226		117.827209
227		116.084198
228		100.745750
229		113.992592
230		106.671967
231		104.406059
232		106.149063
233		105.800468
234		111.378082
235		108.414970
236		105.103264
237		99.351341
238		105.277565
239		99.699944
240		98.479843
241		97.434036
242		101.617249
243		100.222847
244		92.902222
245		98.654137
246		91.333511
247		89.939110
248		94.645226
249		87.673203
250		88.719009
251		83.315689
252		87.498901
253		93.773720
254		92.205017
255		75.995064
256		57.693501
257		79.132469
258		93.599426
259		81.572678
260		79.829674
261		80.701180
262		74.949257
263		82.444183
264		77.389465
265		77.389465
266		79.655373
267		70.766045
268		80.875481
269		69.720238
270		77.040863
271		69.720238
272		70.417442
273		70.243141
274		65.885628
275		67.977234
276		67.454330
277		68.151535
278		68.500137
279		68.151535
280		73.206253
281		62.573917
282		65.362724
283		68.848740
284		66.059929
285		74.252060
286		62.922516
287		60.830910
288		61.702412
289		65.537025
290		68.500137
291		63.271118
292		68.151535
293		69.197342
294		70.243141
295		67.628632
296		65.362724
297		65.362724
298		63.968319
299		61.876713
300		66.059929
301		63.271118
302		64.665520
303		67.454330
304		66.931435
305		65.362724
306		64.839821
307		68.151535
308		62.748215
309		61.005211
310		60.656609
311		63.794022
312		63.445419
313		62.922516
314		109.460777
315		431.393982
316		466.951324
317		120.616013
318		60.830910
319		61.353813
320		57.519199
321		56.996296
322		55.776192
323		61.528111
324		61.179512
325		55.601891
326		59.436504
327		56.299095
328		56.473396
329		53.684586
330		60.656609
331		52.638783
332		61.876713
333		51.244377
334		54.904690
335		58.739304
336		52.290180
337		51.767277
338		55.950493
339		54.730389
340		58.390701
341		62.051014
342		52.813084
343		58.565002
344		61.353813
345		60.482307
346		51.244377
347		60.308006
348		59.087902
349		58.913605
350		61.353813
351		57.344898
352		57.344898
353		59.087902
354		53.858887
355		58.739304
356		63.271118
357		60.482307
358		62.225315
359		55.950493
360		62.225315
361		63.096817
362		65.885628
363		60.133709
364		66.234230
365		60.656609
366		66.408531
367		65.014122
368		63.271118
369		62.399616
370		71.811852
371		65.537025
372		71.463249
373		69.197342
374		74.426353
375		75.995064
376		74.252060
377		81.921280
378		75.646461
379		78.958176
380		88.719009
381		84.187187
382		83.489990
383		56.473396
384		49.152771
385		47.409763
386		49.152771
387		51.592979
388		48.106964
389		48.804169
390		41.483543
391		45.492458
392		43.400848
393		44.795254
394		38.520432
395		43.749451
396		42.006443
397		42.703648
398		38.346130
399		35.905926
400		37.823231
401		38.346130
402		36.080223
403		38.171833
404		38.171833
405		34.511520
406		33.291416
407		33.640015
408		29.456802
409		32.071312
410		29.108200
411		31.025507
412		30.502605
413		27.713795
414		25.622189
415		25.622189
416		27.365194
417		23.530581
418		28.759600
419		24.576385
420		23.704882
421		23.530581
422		24.402084
423		23.530581
424		20.916073
425		24.227783
426		20.916073
427		19.521667
428		20.567471
429		20.044569
430		21.438974
431		20.393169
432		22.484777
433		20.916073
434		17.952963
435		16.907158
436		16.558558
437		20.916073
438		18.824465
439		18.998766
440		18.998766
441		15.164152
442		16.035656
443		17.604361
444		17.952963
445		16.384256
446		17.081459
447		14.118349
448		16.209955
449		13.421146
450		14.815551
451		17.255760
452		15.512753
453		16.384256
454		16.384256
455		12.898245
456		17.255760
457		22.833378
458		55.776192
459		160.007950
460		406.643311
461		743.392090
462		994.210632
463		972.771667
464		706.440308
465		367.077057
466		136.477371
467		40.612041
468		13.421146
469		6.274822
470		6.623423
471		6.100521
472		6.100521
473		5.054718
474		7.494926
475		6.797723
476		4.008914
477		6.100521
478		5.751920
479		6.623423
480		6.972024
481		4.706116
482		6.797723
483		5.054718
484		5.577619
485		4.357515
486		5.054718
487		6.623423
488		6.972024
489		5.751920
490		6.449122
491		5.577619
492		5.751920
493		4.880417
494		6.972024
495		5.751920
496		6.797723
497		5.926220
498		4.706116
499		4.531816
500		8.192128
501		6.274822
502		6.274822
503		5.577619
504		5.926220
505		5.054718
506		9.237932
507		6.449122
508		4.706116
509		6.274822
510		5.403318
511		6.274822
512		6.449122
513		7.146325
514		6.449122
515		5.751920
516		5.054718
517		6.274822
518		6.449122
519		6.274822
520		4.531816
521		7.320625
522		5.403318
523		6.972024
524		5.926220
525		5.751920
526		5.926220
527		5.751920
528		5.926220
529		5.926220
530		7.146325
531		8.192128
532		7.146325
533		4.706116
534		5.577619
535		4.357515
536		6.274822
537		5.054718
538		4.357515
539		6.623423
540		6.274822
541		5.403318
542		6.274822
543		5.926220
544		6.274822
545		6.274822
546		5.054718
547		7.146325
548		4.880417
549		6.449122
550		6.274822
551		5.926220
552		4.706116
553		6.274822
554		6.449122
555		5.577619
556		5.229018
557		5.577619
558		7.320625
559		6.274822
560		6.274822
561		6.623423
562		7.320625
563		6.797723
564		6.449122
565		6.274822
566		6.274822
567		8.192128
568		6.274822
569		6.100521
570		6.972024
571		6.449122
572		5.577619
573		4.183215
574		5.229018
575		5.403318
576		5.751920
577		4.531816
578		4.706116
579		4.880417
580		6.449122
581		4.531816
582		5.229018
583		4.880417
584		6.274822
585		6.449122
586		5.751920
587		5.751920
588		5.403318
589		6.449122
590		6.449122
591		6.100521
592		5.926220
593		4.880417
594		5.403318
595		6.797723
596		6.100521
597		5.577619
598		5.926220
599		5.577619
600		4.531816
601		6.274822
602		5.751920
603		5.229018
604		5.403318
605		5.403318
606		2.788810
607		5.751920
608		4.706116
609		3.834613
610		4.357515
611		3.834613
612		5.054718
613		6.100521
614		5.054718
615		5.926220
616		4.357515
617		4.357515
618		4.706116
619		4.183215
620		6.100521
621		5.229018
622		6.100521
623		5.229018
624		5.926220
625		3.137411
626		4.008914
627		5.403318
628		4.880417
629		6.274822
630		3.660313
631		4.706116
632		4.008914
633		4.531816
634		4.357515
635		4.706116
636		5.054718
637		5.577619
638		3.137411
639		5.577619
640		5.229018
641		5.054718
642		4.706116
643		4.357515
644		7.843527
645		4.531816
646		4.183215
647		2.614509
648		3.660313
649		4.531816
650		5.577619
651		5.403318
652		4.183215
653		4.706116
654		3.834613
655		4.531816
656		4.531816
657		5.926220
658		5.229018
659		5.403318
660		4.008914
661		4.183215
662		5.403318
663		5.577619
664		4.531816
665		5.229018
666		3.834613
667		5.751920
668		11.678141
669		20.044569
670		10.458036
671		5.054718
672		3.660313
673		7.146325
674		5.403318
675		4.880417
676		3.660313
677		6.100521
678		4.357515
679		2.091607
680		3.660313
681		4.008914
682		4.183215
683		4.357515
684		4.357515
685		6.100521
686		4.706116
687		2.963110
688		3.137411
689		2.788810
690		4.357515
691		5.577619
692		5.926220
693		5.229018
694		5.229018
695		2.788810
696		5.403318
697		5.751920
698		5.577619
699		6.100521
700		4.183215
701		4.531816
702		4.531816
703		3.311711
704		4.706116
705		5.926220
706		6.100521
707		4.706116
708		4.183215
709		6.449122
710		2.963110
711		5.229018
712		4.531816
713		4.008914
714		4.357515
715		4.531816
716		4.008914
717		5.054718
718		5.229018
719		2.091607
720		4.183215
721		4.531816
722		4.357515
723		4.183215
724		4.008914
725		3.660313
726		4.706116
727		5.229018
728		4.706116
729		4.357515
730		4.357515
731		6.623423
732		4.008914
733		5.054718
734		4.183215
735		4.008914
736		4.183215
737		4.357515
738		2.788810
739		3.660313
740		3.311711
741		4.357515
742		4.008914
743		4.008914
744		3.834613
745		4.880417
746		5.229018
747		4.706116
748		4.183215
749		5.229018
750		4.531816
751		5.054718
752		4.008914
753		4.183215
754		5.229018
755		5.054718
756		5.054718
757		5.926220
758		4.706116
759		4.531816
760		5.229018
761		4.706116
762		3.660313
763		5.054718
764		5.403318
765		4.183215
766		3.137411
767		4.531816
768		3.834613
769		4.531816
770		4.183215
771		4.357515
772		5.926220
773		5.229018
774		2.963110
775		5.054718
776		4.357515
777		3.834613
778		4.008914
779		3.311711
780		4.008914
781		4.183215
782		5.229018
783		3.311711
784		3.834613
785		4.531816
786		3.660313
787		3.137411
788		4.880417
789		3.834613
790		5.229018
791		4.183215
792		4.008914
793		4.008914
794		5.577619
795		4.008914
796		5.054718
797		5.229018
798		4.706116
799		3.486012
800		5.229018
801		4.706116
802		4.357515
803		4.008914
804		5.229018
805		4.531816
806		5.229018
807		4.706116
808		4.008914
809		5.926220
810		6.100521
811		5.054718
812		5.054718
813		4.008914
814		5.403318
815		5.577619
816		5.577619
817		4.183215
818		4.357515
819		3.486012
820		4.008914
821		5.054718
822		5.054718
823		3.660313
824		5.751920
825		5.054718
826		4.706116
827		3.660313
828		5.229018
829		4.183215
830		4.357515
831		6.274822
832		3.137411
833		6.623423
834		5.577619
835		5.577619
836		6.449122
837		5.751920
838		4.531816
839		3.834613
840		4.706116
841		4.706116
842		6.449122
843		6.623423
844		5.751920
845		4.706116
846		3.660313
847		3.486012
848		5.054718
849		4.008914
850		4.880417
851		3.834613
852		5.751920
853		5.054718
854		4.706116
855		3.486012
856		5.926220
857		4.183215
858		5.054718
859		4.531816
860		4.531816
861		4.880417
862		5.577619
863		3.311711
864		5.054718
865		3.486012
866		5.054718
867		5.751920
868		5.403318
869		4.706116
870		5.926220
871		5.926220
872		3.834613
873		5.403318
874		5.751920
875		5.054718
876		5.577619
877		4.706116
878		5.577619
879		5.577619
880		5.054718
881		4.706116
882		3.486012
883		4.706116
884		4.880417
885		5.403318
886		3.834613
887		5.229018
888		4.008914
889		3.137411
890		4.880417
891		3.486012
892		3.486012
893		4.531816
894		5.229018
895		5.926220
896		4.531816
897		6.623423
898		5.229018
899		3.311711
900		3.486012
901		4.531816
902		4.531816
903		4.008914
904		4.008914
905		4.880417
906		5.926220
907		6.100521
908		6.100521
909		4.880417
910		4.706116
911		5.403318
912		6.274822
913		4.880417
914		6.100521
915		4.357515
916		5.403318
917		4.706116
918		4.357515
919		4.008914
920		3.834613
921		4.706116
922		5.577619
923		4.531816
924		5.054718
925		5.751920
926		5.054718
927		5.751920
928		4.880417
929		5.229018
930		5.577619
931		5.577619
932		6.972024
933		5.229018
934		5.751920
935		5.403318
936		5.751920
937		6.449122
938		6.449122
939		4.706116
940		6.449122
941		5.229018
942		5.229018
943		8.889331
944		4.706116
945		4.706116
946		4.706116
947		5.577619
948		6.797723
949		3.834613
950		4.706116
951		5.577619
952		4.706116
953		5.751920
954		5.054718
955		4.880417
956		5.751920
957		4.880417
958		4.008914
959		4.008914
960		6.449122
961		4.008914
962		5.577619
963		4.880417
964		5.229018
965		6.797723
966		3.486012
967		4.880417
968		5.229018
969		6.972024
970		5.751920
971		4.706116
972		5.229018
973		6.274822
974		4.531816
975		6.274822
976		5.577619
977		6.100521
978		6.100521
979		5.926220
980		4.706116
981		4.706116
982		6.100521
983		7.494926
984		5.229018
985		6.274822
986		5.229018
987		3.137411
988		5.751920
989		6.100521
990		5.054718
991		4.706116
992		6.274822
993		6.274822
994		4.880417
995		7.843527
996		8.366429
997		5.577619
998		6.274822
999		7.669227
1000		8.715030
1001		6.274822
1002		4.706116
1003		5.926220
1004		5.926220
1005		5.229018
1006		5.926220
1007		4.531816
1008		6.449122
1009		6.797723
1010		5.229018
1011		6.972024
1012		5.229018
1013		6.449122
1014		5.403318
1015		6.274822
1016		5.403318
1017		4.880417
1018		7.669227
1019		6.972024
1020		6.274822
1021		5.229018
1022		5.403318
1023		6.623423
1024		6.449122
1025		6.100521
1026		4.880417
1027		7.146325
1028		7.494926
1029		7.669227
1030		5.054718
1031		5.751920
1032		5.403318
1033		6.449122
1034		5.403318
1035		7.320625
1036		5.751920
1037		6.797723
1038		6.972024
1039		5.926220
1040		5.926220
1041		5.577619
1042		6.797723
1043		4.357515
1044		4.357515
1045		5.751920
1046		6.100521
1047		8.366429
1048		5.577619
1049		8.366429
1050		6.797723
1051		5.229018
1052		5.577619
1053		5.751920
1054		6.623423
1055		5.577619
1056		6.972024
1057		7.320625
1058		6.274822
1059		5.577619
1060		6.449122
1061		8.192128
1062		6.797723
1063		4.357515
1064		6.623423
1065		6.449122
1066		4.706116
1067		6.623423
1068		6.274822
1069		6.797723
1070		6.623423
1071		6.623423
1072		5.926220
1073		4.183215
1074		7.320625
1075		5.751920
1076		5.577619
1077		7.843527
1078		6.274822
1079		6.100521
1080		6.623423
1081		5.926220
1082		5.926220
1083		5.577619
1084		5.229018
1085		6.274822
1086		6.100521
1087		6.449122
1088		4.357515
1089		6.100521
1090		6.449122
1091		5.577619
1092		7.843527
1093		6.449122
1094		7.494926
1095		7.843527
1096		8.715030
1097		6.274822
1098		6.274822
1099		6.623423
1100		7.320625
1101		4.706116
1102		5.577619
1103		8.017828
1104		6.972024
1105		5.054718
1106		7.669227
1107		4.880417
1108		7.320625
1109		6.797723
1110		6.972024
1111		5.751920
1112		7.320625
1113		5.229018
1114		7.494926
1115		7.669227
1116		6.797723
1117		6.623423
1118		6.623423
1119		6.274822
1120		6.972024
1121		7.146325
1122		7.669227
1123		7.843527
1124		5.577619
1125		7.320625
1126		9.063631
1127		8.017828
1128		5.751920
1129		8.366429
1130		7.320625
1131		7.146325
1132		6.972024
1133		6.972024
1134		7.320625
1135		9.063631
1136		6.449122
1137		7.494926
1138		5.751920
1139		6.972024
1140		8.017828
1141		7.146325
1142		6.449122
1143		8.366429
1144		8.366429
1145		9.412232
1146		8.192128
1147		9.935134
1148		8.192128
1149		6.623423
1150		8.192128
1151		6.100521
1152		7.494926
1153		6.449122
1154		6.449122
1155		8.192128
1156		7.494926
1157		6.797723
1158		6.972024
1159		8.540730
1160		8.017828
1161		7.669227
1162		8.889331
1163		5.577619
1164		9.063631
1165		6.972024
1166		9.760834
1167		8.366429
1168		5.926220
1169		9.237932
1170		8.366429
1171		7.843527
1172		7.146325
1173		8.889331
1174		10.632337
1175		8.889331
1176		9.063631
1177		9.935134
1178		9.935134
1179		9.063631
1180		9.586533
1181		8.715030
1182		7.669227
1183		6.972024
1184		9.063631
1185		7.320625
1186		7.669227
1187		10.632337
1188		12.375342
1189		9.063631
1190		10.109435
1191		9.586533
1192		9.935134
1193		7.843527
1194		9.237932
1195		9.586533
1196		8.715030
1197		8.715030
1198		8.017828
1199		9.237932
1200		8.017828
1201		9.935134
1202		9.063631
1203		12.201042
1204		7.494926
1205		8.540730
1206		8.715030
1207		10.632337
1208		9.063631
1209		12.026741
1210		8.017828
1211		9.935134
1212		9.063631
1213		8.889331
1214		9.412232
1215		10.109435
1216		9.935134
1217		9.412232
1218		9.237932
1219		9.935134
1220		9.412232
1221		11.329539
1222		10.283735
1223		9.935134
1224		10.980938
1225		8.889331
1226		12.898245
1227		8.889331
1228		11.155238
1229		9.063631
1230		8.192128
1231		9.063631
1232		11.503839
1233		12.549644
1234		7.843527
1235		9.412232
1236		9.237932
1237		10.109435
1238		9.760834
1239		12.723944
1240		9.586533
1241		6.274822
1242		9.586533
1243		10.109435
1244		9.935134
1245		12.723944
1246		7.494926
1247		11.155238
1248		9.063631
1249		9.586533
1250		8.366429
1251		8.366429
1252		9.760834
1253		10.806637
1254		11.852441
1255		9.760834
1256		10.806637
1257		12.723944
1258		10.806637
1259		11.329539
1260		10.283735
1261		10.458036
1262		8.715030
1263		10.283735
1264		12.723944
1265		8.017828
1266		10.109435
1267		11.678141
1268		10.980938
1269		12.375342
1270		10.283735
1271		11.329539
1272		12.375342
1273		8.192128
1274		11.503839
1275		10.980938
1276		11.155238
1277		12.549644
1278		9.586533
1279		9.586533
1280		10.806637
1281		10.806637
1282		12.375342
1283		8.889331
1284		9.760834
1285		9.935134
1286		11.852441
1287		10.980938
1288		10.632337
1289		10.109435
1290		11.852441
1291		9.586533
1292		9.935134
1293		10.980938
1294		10.632337
1295		12.723944
1296		11.678141
1297		11.852441
1298		10.980938
1299		11.503839
1300		9.586533
1301		14.118349
1302		9.760834
1303		7.320625
1304		12.375342
1305		11.155238
1306		12.898245
1307		11.503839
1308		13.769748
1309		9.935134
1310		12.026741
1311		9.237932
1312		8.540730
1313		11.852441
1314		12.723944
1315		11.678141
1316		11.503839
1317		12.026741
1318		12.026741
1319		12.026741
1320		12.375342
1321		10.109435
1322		12.549644
1323		10.283735
1324		12.201042
1325		10.109435
1326		13.595447
1327		11.329539
1328		9.586533
1329		13.246845
1330		11.678141
1331		10.980938
1332		12.026741
1333		10.458036
1334		10.980938
1335		12.549644
1336		13.595447
1337		11.503839
1338		12.026741
1339		12.201042
1340		12.375342
1341		12.723944
1342		11.852441
1343		12.549644
1344		11.329539
1345		14.118349
1346		13.944048
1347		11.852441
1348		13.769748
1349		13.944048
1350		13.944048
1351		12.201042
1352		12.723944
1353		13.246845
1354		14.118349
1355		15.338453
1356		15.861355
1357		10.283735
1358		15.164152
1359		13.769748
1360		10.283735
1361		11.503839
1362		12.723944
1363		11.503839
1364		15.338453
1365		12.723944
1366		16.209955
1367		11.678141
1368		13.769748
1369		12.375342
1370		15.164152
1371		14.466949
1372		14.989852
1373		13.072545
1374		11.852441
1375		12.723944
1376		13.246845
1377		12.026741
1378		16.558558
1379		14.118349
1380		13.769748
1381		15.687054
1382		14.292649
1383		14.292649
1384		12.201042
1385		12.549644
1386		11.678141
1387		11.503839
1388		12.201042
1389		12.723944
1390		14.989852
1391		10.980938
1392		11.678141
1393		12.723944
1394		14.641251
1395		14.989852
1396		10.980938
1397		12.898245
1398		13.421146
1399		12.723944
1400		13.072545
1401		14.815551
1402		14.292649
1403		13.769748
1404		16.558558
1405		14.292649
1406		13.072545
1407		13.072545
1408		11.678141
1409		14.292649
1410		13.944048
1411		13.421146
1412		13.944048
1413		13.421146
1414		11.852441
1415		12.549644
1416		14.815551
1417		13.072545
1418		14.815551
1419		12.898245
1420		11.852441
1421		14.466949
1422		14.815551
1423		11.852441
1424		16.732859
1425		17.255760
1426		12.375342
1427		16.558558
1428		11.329539
1429		16.209955
1430		13.769748
1431		14.815551
1432		12.201042
1433		14.118349
1434		14.815551
1435		14.641251
1436		14.292649
1437		12.026741
1438		13.769748
1439		13.421146
1440		14.118349
1441		16.384256
1442		15.512753
1443		17.081459
1444		17.255760
1445		14.641251
1446		17.255760
1447		12.723944
1448		16.384256
1449		12.375342
1450		14.292649
1451		13.944048
1452		15.861355
1453		13.072545
1454		16.384256
1455		14.466949
1456		15.164152
1457		16.384256
1458		13.246845
1459		15.338453
1460		13.944048
1461		16.035656
1462		15.861355
1463		15.164152
1464		16.732859
1465		12.723944
1466		13.769748
1467		14.466949
1468		13.421146
1469		14.118349
1470		13.246845
1471		13.769748
1472		14.118349
1473		9.760834
1474		15.861355
1475		13.421146
1476		16.907158
1477		14.989852
1478		13.246845
1479		16.209955
1480		16.035656
1481		17.081459
1482		16.209955
1483		14.466949
1484		15.338453
1485		13.072545
1486		16.209955
1487		17.430059
1488		14.641251
1489		13.246845
1490		12.723944
1491		13.421146
1492		17.778662
1493		12.549644
1494		14.292649
1495		14.118349
1496		14.292649
1497		15.164152
1498		15.164152
1499		14.641251
1500		17.255760
1501		17.952963
1502		18.998766
1503		14.292649
1504		14.815551
1505		15.164152
1506		14.989852
1507		14.989852
1508		13.072545
1509		17.081459
1510		16.907158
1511		15.338453
1512		16.558558
1513		14.641251
1514		18.127262
1515		15.512753
1516		13.072545
1517		16.035656
1518		15.861355
1519		14.641251
1520		14.466949
1521		18.301563
1522		15.687054
1523		19.173065
1524		13.421146
1525		17.255760
1526		16.209955
1527		16.384256
1528		15.861355
1529		16.558558
1530		16.209955
1531		14.466949
1532		15.338453
1533		17.081459
1534		14.118349
1535		18.650164
1536		14.466949
1537		15.164152
1538		14.466949
1539		17.255760
1540		15.164152
1541		14.466949
1542		16.732859
1543		15.512753
1544		19.347366
1545		16.907158
1546		17.778662
1547		14.989852
1548		16.907158
1549		15.512753
1550		17.430059
1551		16.732859
1552		18.301563
1553		16.035656
1554		17.255760
1555		17.430059
1556		17.430059
1557		14.118349
1558		16.732859
1559		14.292649
1560		18.475864
1561		16.384256
1562		18.650164
1563		16.035656
1564		16.907158
1565		17.430059
1566		16.209955
1567		16.732859
1568		16.209955
1569		17.778662
1570		15.861355
1571		18.475864
1572		15.861355
1573		16.732859
1574		17.081459
1575		17.604361
1576		16.907158
1577		14.641251
1578		16.384256
1579		12.898245
1580		15.338453
1581		16.035656
1582		17.952963
1583		16.907158
1584		16.907158
1585		17.081459
1586		16.732859
1587		19.173065
1588		20.044569
1589		15.687054
1590		19.870268
1591		16.558558
1592		18.301563
1593		17.081459
1594		17.430059
1595		16.558558
1596		15.512753
1597		18.475864
1598		20.044569
1599		18.301563
1600		19.521667
1601		18.650164
1602		15.861355
1603		18.650164
1604		18.301563
1605		17.081459
1606		21.613274
1607		16.732859
1608		16.907158
1609		16.384256
1610		16.558558
1611		17.778662
1612		19.521667
1613		17.430059
1614		19.870268
1615		19.347366
1616		18.475864
1617		19.347366
1618		14.815551
1619		18.824465
1620		18.475864
1621		17.778662
1622		18.301563
1623		17.778662
1624		20.218870
1625		19.521667
1626		19.695969
1627		18.824465
1628		17.952963
1629		19.347366
1630		18.301563
1631		18.301563
1632		19.173065
1633		17.778662
1634		19.695969
1635		20.044569
1636		21.264673
1637		22.136177
1638		20.393169
1639		18.824465
1640		21.438974
1641		20.044569
1642		21.264673
1643		21.264673
1644		19.521667
1645		22.136177
1646		20.218870
1647		16.732859
1648		20.044569
1649		20.567471
1650		18.127262
1651		20.567471
1652		17.778662
1653		17.255760
1654		19.347366
1655		25.622189
1656		21.613274
1657		18.998766
1658		21.090372
1659		20.393169
1660		21.264673
1661		18.475864
1662		19.870268
1663		21.961876
1664		19.173065
1665		21.264673
1666		19.521667
1667		19.347366
1668		17.952963
1669		16.732859
1670		18.998766
1671		22.310476
1672		22.310476
1673		21.613274
1674		21.264673
1675		21.090372
1676		18.998766
1677		23.356281
1678		19.695969
1679		18.475864
1680		18.650164
1681		21.090372
1682		20.567471
1683		21.438974
1684		18.824465
1685		22.310476
1686		26.319391
1687		18.301563
1688		19.521667
1689		21.438974
1690		21.090372
1691		21.961876
1692		20.218870
1693		21.961876
1694		21.961876
1695		17.430059
1696		22.484777
1697		21.090372
1698		20.218870
1699		21.613274
1700		20.044569
1701		20.916073
1702		27.539495
1703		45.841057
1704		113.469688
1705		201.142899
1706		205.674713
1707		124.276329
1708		61.005211
1709		37.823231
1710		35.557323
1711		26.842293
1712		31.374107
1713		27.713795
1714		32.768513
1715		36.080223
1716		28.585299
1717		32.245613
1718		31.722710
1719		33.814316
1720		35.383022
1721		33.117115
1722		32.245613
1723		29.456802
1724		37.648930
1725		32.245613
1726		35.208721
1727		29.631102
1728		29.456802
1729		32.768513
1730		35.034420
1731		35.208721
1732		32.768513
1733		35.383022
1734		36.428825
1735		37.474628
1736		35.731625
1737		33.814316
1738		33.117115
1739		33.814316
1740		36.603127
1741		34.162918
1742		33.465717
1743		35.731625
1744		33.814316
1745		36.951729
1746		34.685822
1747		34.685822
1748		38.346130
1749		34.162918
1750		33.988617
1751		36.254524
1752		37.648930
1753		33.814316
1754		32.419910
1755		35.383022
1756		35.034420
1757		36.777428
1758		34.337219
1759		39.566235
1760		36.428825
1761		40.263439
1762		37.648930
1763		36.951729
1764		34.685822
1765		36.080223
1766		36.777428
1767		39.043335
1768		41.483543
1769		35.905926
1770		33.291416
1771		35.557323
1772		41.483543
1773		36.951729
1774		37.474628
1775		42.877949
1776		40.960640
1777		38.171833
1778		38.694733
1779		40.089138
1780		40.089138
1781		39.043335
1782		44.969555
1783		42.529346
1784		42.006443
1785		41.134941
1786		40.263439
1787		41.657845
1788		37.997532
1789		42.006443
1790		37.300327
1791		42.529346
1792		40.786339
1793		39.391937
1794		41.483543
1795		40.960640
1796		43.400848
1797		42.355045
1798		39.217636
1799		39.217636
1800		40.437740
1801		40.263439
1802		40.437740
1803		41.483543
1804		40.089138
1805		44.969555
1806		44.446651
1807		40.612041
1808		40.263439
1809		44.446651
1810		41.483543
1811		42.529346
1812		40.437740
1813		41.134941
1814		41.832146
1815		46.538261
1816		41.134941
1817		44.272354
1818		39.914837
1819		44.098053
1820		41.657845
1821		44.098053
1822		46.538261
1823		48.455566
1824		48.978470
1825		43.400848
1826		47.061161
1827		46.363960
1828		44.795254
1829		49.849972
1830		44.969555
1831		41.309242
1832		47.932667
1833		55.253292
1834		49.327068
1835		47.584064
1836		51.070076
1837		50.547173
1838		52.290180
1839		48.629868
1840		51.767277
1841		47.235462
1842		47.061161
1843		45.492458
1844		44.098053
1845		41.483543
1846		41.483543
1847		41.832146
1848		43.400848
1849		41.309242
1850		40.786339
1851		39.566235
1852		40.437740
1853		39.217636
1854		40.263439
1855		39.391937
1856		40.960640
1857		45.143856
1858		40.089138
1859		39.217636
1860		37.648930
1861		36.603127
1862		32.942814
1863		42.529346
1864		40.089138
1865		39.566235
1866		39.043335
1867		38.346130
1868		37.648930
1869		32.419910
1870		41.657845
1871		35.557323
1872		36.254524
1873		37.474628
1874		34.685822
1875		35.208721
1876		36.777428
1877		35.383022
1878		33.465717
1879		30.851206
1880		37.300327
1881		33.988617
1882		32.419910
1883		36.428825
1884		33.117115
1885		32.594212
1886		30.676907
1887		35.208721
1888		31.722710
1889		32.419910
1890		37.823231
1891		33.640015
1892		33.465717
1893		32.594212
1894		37.474628
1895		35.905926
1896		31.199808
1897		32.942814
1898		30.502605
1899		32.942814
1900		39.391937
1901		33.291416
1902		34.511520
1903		32.768513
1904		31.199808
1905		32.594212
1906		36.777428
1907		32.594212
1908		34.162918
1909		76.169365
1910		222.407562
1911		510.526459
1912		725.961975
1913		576.237793
1914		277.486572
1915		101.965851
1916		55.776192
1917		47.932667
1918		43.400848
1919		51.070076
1920		46.712563
1921		44.446651
1922		45.841057
1923		43.226547
1924		40.612041
1925		50.198574
1926		44.446651
1927		46.189659
1928		48.804169
1929		41.657845
1930		44.446651
1931		43.226547
1932		47.932667
1933		43.400848
1934		47.584064
1935		45.666756
1936		45.143856
1937		48.106964
1938		50.547173
1939		44.446651
1940		46.886860
1941		44.098053
1942		43.749451
1943		46.886860
1944		47.584064
1945		41.483543
1946		46.886860
1947		43.052250
1948		45.143856
1949		48.106964
1950		45.841057
1951		39.566235
1952		46.189659
1953		44.969555
1954		46.886860
1955		45.318157
1956		46.886860
1957		44.620953
1958		42.529346
1959		47.061161
1960		48.978470
1961		44.795254
1962		48.804169
1963		50.024273
1964		43.749451
1965		49.501369
1966		44.098053
1967		51.244377
1968		48.455566
1969		41.483543
1970		47.409763
1971		46.886860
1972		41.483543
1973		41.483543
1974		46.363960
1975		45.492458
1976		47.061161
1977		45.143856
1978		48.281265
1979		44.969555
1980		43.400848
1981		44.969555
1982		43.052250
1983		50.721474
1984		44.446651
1985		44.272354
1986		45.492458
1987		37.126030
1988		36.080223
1989		47.061161
1990		43.575150
1991		48.804169
1992		43.052250
1993		43.923752
1994		41.657845
1995		45.841057
1996		43.749451
1997		39.217636
1998		40.786339
1999		43.226547
2000		41.832146
2001		45.143856
2002		40.089138
2003		49.675671
2004		40.437740
2005		43.400848
2006		46.363960
2007		42.529346
2008		44.446651
2009		42.703648
2010		47.061161
2011		44.795254
2012		44.969555
2013		41.134941
2014		48.804169
2015		45.143856
2016		43.052250
2017		47.932667
2018		50.372875
2019		42.529346
2020		45.492458
2021		38.171833
2022		38.520432
2023		37.648930
2024		36.254524
2025		32.594212
2026		35.731625
2027		34.162918
2028		35.905926
2029		34.860119
2030		37.823231
2031		34.337219
2032		35.208721
2033		36.080223
2034		38.869034
2035		35.731625
2036		35.905926
2037		28.933899
2038		31.199808
2039		31.374107
2040		31.199808
2041		29.631102
2042		32.768513
2043		37.474628
2044		33.988617
2045		31.374107
2046		31.722710
2047		29.979704
2048		30.154003
2049		32.942814
2050		29.979704
2051		27.365194
2052		26.493690
2053		21.613274
2054		25.970789
2055		24.227783
2056		27.016594
2057		25.273586
2058		29.631102
2059		27.888096
2060		26.319391
2061		23.704882
2062		24.053482
2063		19.521667
2064		19.521667
2065		22.310476
2066		21.438974
2067		16.558558
2068		18.650164
2069		16.907158
2070		17.604361
2071		17.604361
2072		17.778662
2073		13.944048
2074		14.118349
2075		14.292649
2076		12.549644
2077		11.329539
2078		12.375342
2079		14.292649
2080		10.806637
2081		11.155238
2082		9.412232
2083		11.329539
2084		9.412232
2085		10.632337
2086		10.632337
2087		8.889331
2088		10.980938
2089		10.980938
2090		8.017828
2091		6.972024
2092		7.669227
2093		9.237932
2094		10.109435
2095		8.715030
2096		9.412232
2097		8.192128
2098		8.540730
2099		8.366429
2100		8.366429
2101		8.889331
2102		9.063631
2103		6.274822
2104		6.449122
2105		6.972024
2106		7.494926
2107		8.540730
2108		5.926220
2109		6.449122
2110		8.366429
2111		5.926220
2112		5.054718
2113		5.751920
2114		11.329539
2115		34.337219
2116		159.659348
2117		509.829254
2118		911.417847
2119		968.414124
2120		649.618347
2121		255.176086
2122		63.271118
2123		12.375342
2124		6.797723
2125		5.926220
2126		6.100521
2127		5.577619
2128		7.146325
2129		3.834613
2130		5.054718
2131		4.357515
2132		4.008914
2133		5.751920
2134		4.531816
2135		5.926220
2136		4.183215
2137		4.706116
2138		4.706116
2139		5.751920
2140		4.531816
2141		6.449122
2142		4.357515
2143		4.531816
2144		4.357515
2145		4.531816
2146		5.926220
2147		1.917307
2148		4.008914
2149		5.926220
2150		6.100521
2151		4.880417
2152		3.486012
2153		4.531816
2154		5.229018
2155		4.183215
2156		3.486012
2157		6.623423
2158		5.403318
2159		2.440208
2160		5.577619
2161		4.706116
2162		5.054718
2163		5.229018
2164		3.486012
2165		3.660313
2166		4.357515
2167		4.706116
2168		4.008914
2169		5.229018
2170		4.357515
2171		6.100521
2172		3.834613
2173		5.054718
2174		3.660313
2175		3.486012
2176		3.834613
2177		5.054718
2178		4.183215
2179		5.403318
2180		4.880417
2181		5.403318
2182		3.486012
2183		5.577619
2184		3.311711
2185		5.054718
2186		3.660313
2187		4.880417
2188		3.311711
2189		3.486012
2190		4.183215
2191		5.054718
2192		4.357515
2193		3.834613
2194		3.486012
2195		2.788810
2196		3.486012
2197		1.743006
2198		4.008914
2199		3.834613
2200		4.183215
2201		3.660313
2202		4.880417
2203		4.357515
2204		3.834613
2205		4.183215
2206		4.357515
2207		3.660313
2208		4.357515
2209		3.660313
2210		4.183215
2211		4.706116
2212		3.486012
2213		4.008914
2214		2.091607
2215		3.486012
2216		3.311711
2217		3.660313
2218		3.486012
2219		2.265908
2220		2.440208
2221		3.311711
2222		2.788810
2223		3.137411
2224		3.311711
2225		2.963110
2226		2.963110
2227		2.614509
2228		2.788810
2229		2.265908
2230		2.265908
2231		2.788810
2232		2.440208
2233		1.220104
2234		2.091607
2235		1.220104
2236		2.265908
2237		2.091607
2238		1.917307
2239		2.091607
2240		1.743006
2241		1.045804
2242		2.265908
2243		2.265908
2244		1.917307
2245		2.440208
2246		2.440208
2247		1.917307
2248		2.614509
2249		2.091607
2250		1.917307
2251		2.091607
2252		1.917307
2253		2.440208
2254		1.917307
2255		1.394405
2256		1.568705
2257		2.788810
2258		1.568705
2259		1.220104
2260		1.568705
2261		2.614509
2262		1.743006
2263		4.880417
2264		8.192128
2265		13.595447
2266		15.861355
2267		10.458036
2268		5.577619
2269		1.917307
2270		2.265908
2271		2.265908
2272		1.743006
2273		0.522902
2274		1.568705
2275		1.743006
2276		1.917307
2277		1.568705
2278		1.220104
2279		1.045804
2280		2.440208
2281		2.091607
2282		1.743006
2283		1.743006
2284		1.743006
2285		2.091607
2286		1.394405
2287		1.394405
2288		1.394405
2289		1.220104
2290		2.091607
2291		1.394405
2292		1.045804
2293		1.568705
2294		1.045804
2295		1.045804
2296		2.091607
2297		1.743006
2298		2.091607
2299		0.697202
2300		1.568705
2301		1.394405
2302		1.394405
2303		1.220104
2304		1.045804
2305		0.871503
2306		1.394405
2307		1.743006
2308		2.091607
2309		1.743006
2310		1.394405
2311		0.871503
2312		1.220104
2313		1.394405
2314		1.917307
2315		1.568705
2316		1.394405
2317		1.045804
2318		1.394405
2319		0.871503
2320		1.743006
2321		1.045804
2322		1.045804
2323		1.045804
2324		0.522902
2325		1.045804
2326		1.220104
2327		0.348601
2328		0.697202
2329		0.522902
2330		0.348601
2331		0.697202
2332		0.348601
2333		0.174301
2334		0.522902
2335		0.348601
2336		0.522902
2337		0.348601
2338		0.522902
2339		0.174301
2340		0.000000
2341		0.174301
2342		0.000000
2343		0.000000
2344		0.000000
2345		0.000000
2346		0.174301
2347		0.000000
2348		0.000000
2349		0.000000
2350		0.000000
2351		0.000000
2352		0.000000
2353		0.000000
2354		0.000000
2355		0.000000
2356		0.000000
2357		0.000000
2358		0.000000
2359		0.000000
2360		0.174301
2361		0.000000
2362		0.000000
2363		0.000000
2364		0.000000
2365		0.000000
2366		0.000000
2367		0.000000
2368		0.174301
2369		0.000000
2370		0.000000
2371		0.000000
2372		0.000000
2373		0.000000
2374		0.000000
2375		0.000000
2376		0.000000
2377		0.000000
2378		0.000000
2379		0.000000
2380		0.000000
2381		0.000000
2382		0.000000
2383		0.000000
2384		0.000000
2385		0.000000
2386		0.000000
2387		0.000000
2388		0.000000
2389		0.000000
2390		0.000000
2391		0.000000
2392		0.000000
2393		0.000000
2394		0.000000
2395		0.000000
2396		0.000000
2397		0.000000
2398		0.000000
2399		0.000000
2400		0.000000
2401		0.000000
2402		0.000000
2403		0.000000
2404		0.000000
2405		0.000000
2406		0.000000
2407		0.000000
2408		0.000000
2409		0.000000
2410		0.000000
2411		0.000000
2412		0.000000
2413		0.000000
2414		0.000000
2415		0.000000
2416		0.000000
2417		0.000000
2418		0.000000
2419		0.000000
2420		0.000000
2421		0.000000
2422		0.000000
2423		0.000000
2424		0.000000
2425		0.000000
2426		0.000000
2427		0.000000
2428		0.000000
2429		0.000000
2430		0.000000
2431		0.000000
2432		0.000000
2433		0.000000
2434		0.000000
2435		0.000000
2436		0.000000
2437		0.000000
2438		0.000000
2439		0.000000
2440		0.000000
2441		0.000000
2442		0.000000
2443		0.000000
2444		0.000000
2445		0.000000
2446		0.000000
2447		0.000000
2448		0.000000
2449		0.000000
2450		0.000000
2451		0.000000
2452		0.000000
2453		0.000000
2454		0.000000
2455		0.000000
2456		0.000000
2457		0.000000
2458		0.000000
2459		0.000000
2460		0.000000
2461		0.000000
2462		0.000000
2463		0.000000
2464		0.000000
2465		0.000000
2466		0.000000
2467		0.000000
2468		0.000000
2469		0.000000
2470		0.000000
2471		0.000000
2472		0.000000
2473		0.000000
2474		0.000000
2475		0.000000
2476		0.000000
2477		0.000000
2478		0.000000
2479		0.000000
2480		0.000000
2481		0.000000
2482		0.000000
2483		0.000000
2484		0.000000
2485		0.000000
2486		0.000000
2487		0.000000
2488		0.000000
2489		0.000000
2490		0.000000
2491		0.000000
2492		0.000000
2493		0.000000
2494		0.000000
2495		0.000000
2496		0.000000
2497		0.000000
2498		0.000000
2499		0.000000
2500		0.000000
2501		0.000000
2502		0.000000
2503		0.000000
2504		0.000000
2505		0.000000
2506		0.000000
2507		0.000000
2508		0.000000
2509		0.000000
2510		0.000000
2511		0.000000
2512		0.000000
2513		0.000000
2514		0.000000
2515		0.000000
2516		0.000000
2517		0.000000
2518		0.000000
2519		0.000000
2520		0.000000
2521		0.000000
2522		0.000000
2523		0.000000
2524		0.000000
2525		0.000000
2526		0.000000
2527		0.000000
2528		0.000000
2529		0.000000
2530		0.000000
2531		0.000000
2532		0.000000
2533		0.000000
2534		0.000000
2535		0.000000
2536		0.000000
2537		0.000000
2538		0.000000
2539		0.000000
2540		0.000000
2541		0.000000
2542		0.000000
2543		0.000000
2544		0.000000
2545		0.000000
2546		0.000000
2547		0.000000
2548		0.000000
2549		0.000000
2550		0.000000
2551		0.000000
2552		0.000000
2553		0.000000
2554		0.000000
2555		0.000000
2556		0.000000
2557		0.000000
2558		0.000000
2559		0.000000
2560		0.000000
2561		0.000000
2562		0.000000
2563		0.000000
2564		0.000000
2565		0.000000
2566		0.000000
2567		0.000000
2568		0.000000
2569		0.000000
2570		0.000000
2571		0.000000
2572		0.000000
2573		0.000000
2574		0.000000
2575		0.000000
2576		0.000000
2577		0.000000
2578		0.000000
2579		0.000000
2580		0.000000
2581		0.000000
2582		0.000000
2583		0.000000
2584		0.000000
2585		0.000000
2586		0.000000
2587		0.000000
2588		0.000000
2589		0.000000
2590		0.000000
2591		0.000000
2592		0.000000
2593		0.000000
2594		0.000000
2595		0.000000
2596		0.000000
2597		0.000000
2598		0.000000
2599		0.000000
2600		0.000000
2601		0.000000
2602		0.000000
2603		0.000000
2604		0.000000
2605		0.000000
2606		0.000000
2607		0.000000
2608		0.000000
2609		0.000000
2610		0.000000
2611		0.000000
2612		0.000000
2613		0.000000
2614		0.000000
2615		0.000000
2616		0.000000
2617		0.000000
2618		0.000000
2619		0.000000
2620		0.000000
2621		0.000000
2622		0.000000
2623		0.000000
2624		0.000000
2625		0.000000
2626		0.000000
2627		0.000000
2628		0.000000
2629		0.000000
2630		0.000000
2631		0.000000
2632		0.000000
2633		0.000000
2634		0.000000
2635		0.000000
2636		0.000000
2637		0.000000
2638		0.000000
2639		0.000000
2640		0.000000
2641		0.000000
2642		0.000000
2643		0.000000
2644		0.000000
2645		0.000000
2646		0.000000
2647		0.000000
2648		0.000000
2649		0.000000
2650		0.000000
2651		0.000000
2652		0.000000
2653		0.000000
2654		0.000000
2655		0.000000
2656		0.000000
2657		0.000000
2658		0.000000
2659		0.000000
2660		0.000000
2661		0.000000
2662		0.000000
2663		0.000000
2664		0.000000
2665		0.000000
2666		0.000000
2667		0.000000
2668		0.000000
2669		0.000000
2670		0.000000
2671		0.000000
2672		0.000000
2673		0.000000
2674		0.000000
2675		0.000000
2676		0.000000
2677		0.000000
2678		0.000000
2679		0.000000
2680		0.000000
2681		0.000000
2682		0.000000
2683		0.000000
2684		0.000000
2685		0.000000
2686		0.000000
2687		0.000000
2688		0.000000
2689		0.000000
2690		0.000000
2691		0.000000
2692		0.000000
2693		0.000000
2694		0.000000
2695		0.000000
2696		0.000000
2697		0.000000
2698		0.000000
2699		0.000000
2700		0.000000
2701		0.000000
2702		0.000000
2703		0.000000
2704		0.000000
2705		0.000000
2706		0.000000
2707		0.000000
2708		0.000000
2709		0.000000
2710		0.000000
2711		0.000000
2712		0.000000
2713		0.000000
2714		0.000000
2715		0.000000
2716		0.000000
2717		0.000000
2718		0.000000
2719		0.000000
2720		0.000000
2721		0.000000
2722		0.000000
2723		0.000000
2724		0.000000
2725		0.000000
2726		0.000000
2727		0.000000
2728		0.000000
2729		0.000000
2730		0.000000
2731		0.000000
2732		0.000000
2733		0.000000
2734		0.000000
2735		0.000000
2736		0.000000
2737		0.000000
2738		0.000000
2739		0.000000
2740		0.000000
2741		0.000000
2742		0.000000
2743		0.000000
2744		0.000000
2745		0.000000
2746		0.000000
2747		0.000000
2748		0.000000
2749		0.000000
2750		0.000000
2751		0.000000
2752		0.000000
2753		0.000000
2754		0.000000
2755		0.000000
2756		0.000000
2757		0.000000
2758		0.000000
2759		0.000000
2760		0.000000
2761		0.000000
2762		0.000000
2763		0.000000
2764		0.000000
2765		0.000000
2766		0.000000
2767		0.000000
2768		0.000000
2769		0.000000
2770		0.000000
2771		0.000000
2772		0.000000
2773		0.000000
2774		0.000000
2775		0.000000
2776		0.000000
2777		0.000000
2778		0.000000
2779		0.000000
2780		0.000000
2781		0.000000
2782		0.000000
2783		0.000000
2784		0.000000
2785		0.000000
2786		0.000000
2787		0.000000
2788		0.000000
2789		0.000000
2790		0.000000
2791		0.000000
2792		0.000000
2793		0.000000
2794		0.000000
2795		0.000000
2796		0.000000
2797		0.000000
2798		0.000000
2799		0.000000
2800		0.000000
2801		0.000000
2802		0.000000
2803		0.000000
2804		0.000000
2805		0.000000
2806		0.000000
2807		0.000000
2808		0.000000
2809		0.000000
2810		0.000000
2811		0.000000
2812		0.000000
2813		0.000000
2814		0.000000
2815		0.000000
2816		0.000000
2817		0.000000
2818		0.000000
2819		0.000000
2820		0.000000
2821		0.000000
2822		0.000000
2823		0.000000
2824		0.000000
2825		0.000000
2826		0.000000
2827		0.000000
2828		0.000000
2829		0.000000
2830		0.000000
2831		0.000000
2832		0.000000
2833		0.000000
2834		0.000000
2835		0.000000
2836		0.000000
2837		0.000000
2838		0.000000
2839		0.000000
2840		0.000000
2841		0.000000
2842		0.000000
2843		0.000000
2844		0.000000
2845		0.000000
2846		0.000000
2847		0.000000
2848		0.000000
2849		0.000000
2850		0.000000
2851		0.000000
2852		0.000000
2853		0.000000
2854		0.000000
2855		0.000000
2856		0.000000
2857		0.000000
2858		0.000000
2859		0.000000
2860		0.000000
2861		0.000000
2862		0.000000
2863		0.000000
2864		0.000000
2865		0.000000
2866		0.000000
2867		0.000000
2868		0.000000
2869		0.000000
2870		0.000000
2871		0.000000
2872		0.000000
2873		0.000000
2874		0.000000
2875		0.000000
2876		0.000000
2877		0.000000
2878		0.000000
2879		0.000000
2880		0.000000
2881		0.000000
2882		0.000000
2883		0.000000
2884		0.000000
2885		0.000000
2886		0.000000
2887		0.000000
2888		0.000000
2889		0.000000
2890		0.000000
2891		0.000000
2892		0.000000
2893		0.000000
2894		0.000000
2895		0.000000
2896		0.000000
2897		0.000000
2898		0.000000
2899		0.000000
2900		0.000000
2901		0.000000
2902		0.000000
2903		0.000000
2904		0.000000
2905		0.000000
2906		0.000000
2907		0.000000
2908		0.000000
2909		0.000000
2910		0.000000
2911		0.000000
2912		0.000000
2913		0.000000
2914		0.000000
2915		0.000000
2916		0.000000
2917		0.000000
2918		0.000000
2919		0.000000
2920		0.000000
2921		0.000000
2922		0.000000
2923		0.000000
2924		0.000000
2925		0.000000
2926		0.000000
2927		0.000000
2928		0.000000
2929		0.000000
2930		0.000000
2931		0.000000
2932		0.000000
2933		0.000000
2934		0.000000
2935		0.000000
2936		0.000000
2937		0.000000
2938		0.000000
2939		0.000000
2940		0.000000
2941		0.000000
2942		0.000000
2943		0.000000
2944		0.000000
2945		0.000000
2946		0.000000
2947		0.000000
2948		0.000000
2949		0.000000
2950		0.000000
2951		0.000000
2952		0.000000
2953		0.000000
2954		0.000000
2955		0.000000
2956		0.000000
2957		0.000000
2958		0.000000
2959		0.000000
2960		0.000000
2961		0.000000
2962		0.000000
2963		0.000000
2964		0.000000
2965		0.000000
2966		0.000000
2967		0.000000
2968		0.000000
2969		0.000000
2970		0.000000
2971		0.000000
2972		0.000000
2973		0.000000
2974		0.000000
2975		0.000000
2976		0.000000
2977		0.000000
2978		0.000000
2979		0.000000
2980		0.000000
2981		0.000000
2982		0.000000
2983		0.000000
2984		0.000000
2985		0.000000
2986		0.000000
2987		0.000000
2988		0.000000
2989		0.000000
2990		0.000000
2991		0.000000
2992		0.000000
2993		0.000000
2994		0.000000
2995		0.000000
2996		0.000000
2997		0.000000
2998		0.000000
2999		0.000000
3000		0.000000
3001		0.000000
3002		0.000000
3003		0.000000
3004		0.000000
3005		0.000000
3006		0.000000
3007		0.000000
3008		0.000000
3009		0.000000
3010		0.000000
3011		0.000000
3012		0.000000
3013		0.000000
3014		0.000000
3015		0.000000
3016		0.000000
3017		0.000000
3018		0.000000
3019		0.000000
3020		0.000000
3021		0.000000
3022		0.000000
3023		0.000000
3024		0.000000
3025		0.000000
3026		0.000000
3027		0.000000
3028		0.000000
3029		0.000000
3030		0.000000
3031		0.000000
3032		0.000000
3033		0.000000
3034		0.000000
3035		0.000000
3036		0.000000
3037		0.000000
3038		0.000000
3039		0.000000
3040		0.000000
3041		0.000000
3042		0.000000
3043		0.000000
3044		0.000000
3045		0.000000
3046		0.000000
3047		0.000000
3048		0.000000
3049		0.000000
3050		0.000000
3051		0.000000
3052		0.000000
3053		0.000000
3054		0.000000
3055		0.000000
3056		0.000000
3057		0.000000
3058		0.000000
3059		0.000000
3060		0.000000
3061		0.000000
3062		0.000000
3063		0.000000
3064		0.000000
3065		0.000000
3066		0.000000
3067		0.000000
3068		0.000000
3069		0.000000
3070		0.000000
3071		0.000000
3072		0.000000
3073		0.000000
3074		0.000000
3075		0.000000
3076		0.000000
3077		0.000000
3078		0.000000
3079		0.000000
3080		0.000000
3081		0.000000
3082		0.000000
3083		0.000000
3084		0.000000
3085		0.000000
3086		0.000000
3087		0.000000
3088		0.000000
3089		0.000000
3090		0.000000
3091		0.000000
3092		0.000000
3093		0.000000
3094		0.000000
3095		0.000000
3096		0.000000
3097		0.000000
3098		0.000000
3099		0.000000
3100		0.000000
3101		0.000000
3102		0.000000
3103		0.000000
3104		0.000000
3105		0.000000
3106		0.000000
3107		0.000000
3108		0.000000
3109		0.000000
3110		0.000000
3111		0.000000
3112		0.000000
3113		0.000000
3114		0.000000
3115		0.000000
3116		0.000000
3117		0.000000
3118		0.000000
3119		0.000000
3120		0.000000
3121		0.000000
3122		0.000000
3123		0.000000
3124		0.000000
3125		0.000000
3126		0.000000
3127		0.000000
3128		0.000000
3129		0.000000
3130		0.000000
3131		0.000000
3132		0.000000
3133		0.000000
3134		0.000000
3135		0.000000
3136		0.000000
3137		0.000000
3138		0.000000
3139		0.000000
3140		0.000000
3141		0.000000
3142		0.000000
3143		0.000000
3144		0.000000
3145		0.000000
3146		0.000000
3147		0.000000
3148		0.000000
3149		0.000000
3150		0.000000
3151		0.000000
3152		0.000000
3153		0.000000
3154		0.000000
3155		0.000000
3156		0.000000
3157		0.000000
3158		0.000000
3159		0.000000
3160		0.000000
3161		0.000000
3162		0.000000
3163		0.000000
3164		0.000000
3165		0.000000
3166		0.000000
3167		0.000000
3168		0.000000
3169		0.000000
3170		0.000000
3171		0.000000
3172		0.000000
3173		0.000000
3174		0.000000
3175		0.000000
3176		0.000000
3177		0.000000
3178		0.000000
3179		0.000000
3180		0.000000
3181		0.000000
3182		0.000000
3183		0.000000
3184		0.000000
3185		0.000000
3186		0.000000
3187		0.000000
3188		0.000000
3189		0.000000
3190		0.000000
3191		0.000000
3192		0.000000
3193		0.000000
3194		0.000000
3195		0.000000
3196		0.000000
3197		0.000000
3198		0.000000
3199		0.000000
3200		0.000000
3201		0.000000
3202		0.000000
3203		0.000000
3204		0.000000
3205		0.000000
3206		0.000000
3207		0.000000
3208		0.000000
3209		0.000000
3210		0.000000
3211		0.000000
3212		0.000000
3213		0.000000
3214		0.000000
3215		0.000000
3216		0.000000
3217		0.000000
3218		0.000000
3219		0.000000
3220		0.000000
3221		0.000000
3222		0.000000
3223		0.000000
3224		0.000000
3225		0.000000
3226		0.000000
3227		0.000000
3228		0.000000
3229		0.000000
3230		0.000000
3231		0.000000
3232		0.000000
3233		0.000000
3234		0.000000
3235		0.000000
3236		0.000000
3237		0.000000
3238		0.000000
3239		0.000000
3240		0.000000
3241		0.000000
3242		0.000000
3243		0.000000
3244		0.000000
3245		0.000000
3246		0.000000
3247		0.000000
3248		0.000000
3249		0.000000
3250		0.000000
3251		0.000000
3252		0.000000
3253		0.000000
3254		0.000000
3255		0.000000
3256		0.000000
3257		0.000000
3258		0.000000
3259		0.000000
3260		0.000000
3261		0.000000
3262		0.000000
3263		0.000000
3264		0.000000
3265		0.000000
3266		0.000000
3267		0.000000
3268		0.000000
3269		0.000000
3270		0.000000
3271		0.000000
3272		0.000000
3273		0.000000
3274		0.000000
3275		0.000000
3276		0.000000
3277		0.000000
3278		0.000000
3279		0.000000
3280		0.000000
3281		0.000000
3282		0.000000
3283		0.000000
3284		0.000000
3285		0.000000
3286		0.000000
3287		0.000000
3288		0.000000
3289		0.000000
3290		0.000000
3291		0.000000
3292		0.000000
3293		0.000000
3294		0.000000
3295		0.000000
3296		0.000000
3297		0.000000
3298		0.000000
3299		0.000000
3300		0.000000
3301		0.000000
3302		0.000000
3303		0.000000
3304		0.000000
3305		0.000000
3306		0.000000
3307		0.000000
3308		0.000000
3309		0.000000
3310		0.000000
3311		0.000000
3312		0.000000
3313		0.000000
3314		0.000000
3315		0.000000
3316		0.000000
3317		0.000000
3318		0.000000
3319		0.000000
3320		0.000000
3321		0.000000
3322		0.000000
3323		0.000000
3324		0.000000
3325		0.000000
3326		0.000000
3327		0.000000
3328		0.000000
3329		0.000000
3330		0.000000
3331		0.000000
3332		0.000000
3333		0.000000
3334		0.000000
3335		0.000000
3336		0.000000
3337		0.000000
3338		0.000000
3339		0.000000
3340		0.000000
3341		0.000000
3342		0.000000
3343		0.000000
3344		0.000000
3345		0.000000
3346		0.000000
3347		0.000000
3348		0.000000
3349		0.000000
3350		0.000000
3351		0.000000
3352		0.000000
3353		0.000000
3354		0.000000
3355		0.000000
3356		0.000000
3357		0.000000
3358		0.000000
3359		0.000000
3360		0.000000
3361		0.000000
3362		0.000000
3363		0.000000
3364		0.000000
3365		0.000000
3366		0.000000
3367		0.000000
3368		0.000000
3369		0.000000
3370		0.000000
3371		0.000000
3372		0.000000
3373		0.000000
3374		0.000000
3375		0.000000
3376		0.000000
3377		0.000000
3378		0.000000
3379		0.000000
3380		0.000000
3381		0.000000
3382		0.000000
3383		0.000000
3384		0.000000
3385		0.000000
3386		0.000000
3387		0.000000
3388		0.000000
3389		0.000000
3390		0.000000
3391		0.000000
3392		0.000000
3393		0.000000
3394		0.000000
3395		0.000000
3396		0.000000
3397		0.000000
3398		0.000000
3399		0.000000
3400		0.000000
3401		0.000000
3402		0.000000
3403		0.000000
3404		0.000000
3405		0.000000
3406		0.000000
3407		0.000000
3408		0.000000
3409		0.000000
3410		0.000000
3411		0.000000
3412		0.000000
3413		0.000000
3414		0.000000
3415		0.000000
3416		0.000000
3417		0.000000
3418		0.000000
3419		0.000000
3420		0.000000
3421		0.000000
3422		0.000000
3423		0.000000
3424		0.000000
3425		0.000000
3426		0.000000
3427		0.000000
3428		0.000000
3429		0.000000
3430		0.000000
3431		0.000000
3432		0.000000
3433		0.000000
3434		0.000000
3435		0.000000
3436		0.000000
3437		0.000000
3438		0.000000
3439		0.000000
3440		0.000000
3441		0.000000
3442		0.000000
3443		0.000000
3444		0.000000
3445		0.000000
3446		0.000000
3447		0.000000
3448		0.000000
3449		0.000000
3450		0.000000
3451		0.000000
3452		0.000000
3453		0.000000
3454		0.000000
3455		0.000000
3456		0.000000
3457		0.000000
3458		0.000000
3459		0.000000
3460		0.000000
3461		0.000000
3462		0.000000
3463		0.000000
3464		0.000000
3465		0.000000
3466		0.000000
3467		0.000000
3468		0.000000
3469		0.000000
3470		0.000000
3471		0.000000
3472		0.000000
3473		0.000000
3474		0.000000
3475		0.000000
3476		0.000000
3477		0.000000
3478		0.000000
3479		0.000000
3480		0.000000
3481		0.000000
3482		0.000000
3483		0.000000
3484		0.000000
3485		0.000000
3486		0.000000
3487		0.000000
3488		0.000000
3489		0.000000
3490		0.000000
3491		0.000000
3492		0.000000
3493		0.000000
3494		0.000000
3495		0.000000
3496		0.000000
3497		0.000000
3498		0.000000
3499		0.000000
3500		0.000000
3501		0.000000
3502		0.000000
3503		0.000000
3504		0.000000
3505		0.000000
3506		0.000000
3507		0.000000
3508		0.000000
3509		0.000000
3510		0.000000
3511		0.000000
3512		0.000000
3513		0.000000
3514		0.000000
3515		0.000000
3516		0.000000
3517		0.000000
3518		0.000000
3519		0.000000
3520		0.000000
3521		0.000000
3522		0.000000
3523		0.000000
3524		0.000000
3525		0.000000
3526		0.000000
3527		0.000000
3528		0.000000
3529		0.000000
3530		0.000000
3531		0.000000
3532		0.000000
3533		0.000000
3534		0.000000
3535		0.000000
3536		0.000000
3537		0.000000
3538		0.000000
3539		0.000000
3540		0.000000
3541		0.000000
3542		0.000000
3543		0.000000
3544		0.000000
3545		0.000000
3546		0.000000
3547		0.000000
3548		0.000000
3549		0.000000
3550		0.000000
3551		0.000000
3552		0.000000
3553		0.000000
3554		0.000000
3555		0.000000
3556		0.000000
3557		0.000000
3558		0.000000
3559		0.000000
3560		0.000000
3561		0.000000
3562		0.000000
3563		0.000000
3564		0.000000
3565		0.000000
3566		0.000000
3567		0.000000
3568		0.000000
3569		0.000000
3570		0.000000
3571		0.000000
3572		0.000000
3573		0.000000
3574		0.000000
3575		0.000000
3576		0.000000
3577		0.000000
3578		0.000000
3579		0.000000
3580		0.000000
3581		0.000000
3582		0.000000
3583		0.000000
3584		0.000000
3585		0.000000
3586		0.000000
3587		0.000000
3588		0.000000
3589		0.000000
3590		0.000000
3591		0.000000
3592		0.000000
3593		0.000000
3594		0.000000
3595		0.000000
3596		0.000000
3597		0.000000
3598		0.000000
3599		0.000000
3600		0.000000
3601		0.000000
3602		0.000000
3603		0.000000
3604		0.000000
3605		0.000000
3606		0.000000
3607		0.000000
3608		0.000000
3609		0.000000
3610		0.000000
3611		0.000000
3612		0.000000
3613		0.000000
3614		0.000000
3615		0.000000
3616		0.000000
3617		0.000000
3618		0.000000
3619		0.000000
3620		0.000000
3621		0.000000
3622		0.000000
3623		0.000000
3624		0.000000
3625		0.000000
3626		0.000000
3627		0.000000
3628		0.000000
3629		0.000000
3630		0.000000
3631		0.000000
3632		0.000000
3633		0.000000
3634		0.000000
3635		0.000000
3636		0.000000
3637		0.000000
3638		0.000000
3639		0.000000
3640		0.000000
3641		0.000000
3642		0.000000
3643		0.000000
3644		0.000000
3645		0.000000
3646		0.000000
3647		0.000000
3648		0.000000
3649		0.000000
3650		0.000000
3651		0.000000
3652		0.000000
3653		0.000000
3654		0.000000
3655		0.000000
3656		0.000000
3657		0.000000
3658		0.000000
3659		0.000000
3660		0.000000
3661		0.000000
3662		0.000000
3663		0.000000
3664		0.000000
3665		0.000000
3666		0.000000
3667		0.000000
3668		0.000000
3669		0.000000
3670		0.000000
3671		0.000000
3672		0.000000
3673		0.000000
3674		0.000000
3675		0.000000
3676		0.000000
3677		0.000000
3678		0.000000
3679		0.000000
3680		0.000000
3681		0.000000
3682		0.000000
3683		0.000000
3684		0.000000
3685		0.000000
3686		0.000000
3687		0.000000
3688		0.000000
3689		0.000000
3690		0.000000
3691		0.000000
3692		0.000000
3693		0.000000
3694		0.000000
3695		0.000000
3696		0.000000
3697		0.000000
3698		0.000000
3699		0.000000
3700		0.000000
3701		0.000000
3702		0.000000
3703		0.000000
3704		0.000000
3705		0.000000
3706		0.000000
3707		0.000000
3708		0.000000
3709		0.000000
3710		0.000000
3711		0.000000
3712		0.000000
3713		0.000000
3714		0.000000
3715		0.000000
3716		0.000000
3717		0.000000
3718		0.000000
3719		0.000000
3720		0.000000
3721		0.000000
3722		0.000000
3723		0.000000
3724		0.000000
3725		0.000000
3726		0.000000
3727		0.000000
3728		0.000000
3729		0.000000
3730		0.000000
3731		0.000000
3732		0.000000
3733		0.000000
3734		0.000000
3735		0.000000
3736		0.000000
3737		0.000000
3738		0.000000
3739		0.000000
3740		0.000000
3741		0.000000
3742		0.000000
3743		0.000000
3744		0.000000
3745		0.000000
3746		0.000000
3747		0.000000
3748		0.000000
3749		0.000000
3750		0.000000
3751		0.000000
3752		0.000000
3753		0.000000
3754		0.000000
3755		0.000000
3756		0.000000
3757		0.000000
3758		0.000000
3759		0.000000
3760		0.000000
3761		0.000000
3762		0.000000
3763		0.000000
3764		0.000000
3765		0.000000
3766		0.000000
3767		0.000000
3768		0.000000
3769		0.000000
3770		0.000000
3771		0.000000
3772		0.000000
3773		0.000000
3774		0.000000
3775		0.000000
3776		0.000000
3777		0.000000
3778		0.000000
3779		0.000000
3780		0.000000
3781		0.000000
3782		0.000000
3783		0.000000
3784		0.000000
3785		0.000000
3786		0.000000
3787		0.000000
3788		0.000000
3789		0.000000
3790		0.000000
3791		0.000000
3792		0.000000
3793		0.000000
3794		0.000000
3795		0.000000
3796		0.000000
3797		0.000000
3798		0.000000
3799		0.000000
3800		0.000000
3801		0.000000
3802		0.000000
3803		0.000000
3804		0.000000
3805		0.000000
3806		0.000000
3807		0.000000
3808		0.000000
3809		0.000000
3810		0.000000
3811		0.000000
3812		0.000000
3813		0.000000
3814		0.000000
3815		0.000000
3816		0.000000
3817		0.000000
3818		0.000000
3819		0.000000
3820		0.000000
3821		0.000000
3822		0.000000
3823		0.000000
3824		0.000000
3825		0.000000
3826		0.000000
3827		0.000000
3828		0.000000
3829		0.000000
3830		0.000000
3831		0.000000
3832		0.000000
3833		0.000000
3834		0.000000
3835		0.000000
3836		0.000000
3837		0.000000
3838		0.000000
3839		0.000000
3840		0.000000
3841		0.000000
3842		0.000000
3843		0.000000
3844		0.000000
3845		0.000000
3846		0.000000
3847		0.000000
3848		0.000000
3849		0.000000
3850		0.000000
3851		0.000000
3852		0.000000
3853		0.000000
3854		0.000000
3855		0.000000
3856		0.000000
3857		0.000000
3858		0.000000
3859		0.000000
3860		0.000000
3861		0.000000
3862		0.000000
3863		0.000000
3864		0.000000
3865		0.000000
3866		0.000000
3867		0.000000
3868		0.000000
3869		0.000000
3870		0.000000
3871		0.000000
3872		0.000000
3873		0.000000
3874		0.000000
3875		0.000000
3876		0.000000
3877		0.000000
3878		0.000000
3879		0.000000
3880		0.000000
3881		0.000000
3882		0.000000
3883		0.000000
3884		0.000000
3885		0.000000
3886		0.000000
3887		0.000000
3888		0.000000
3889		0.000000
3890		0.000000
3891		0.000000
3892		0.000000
3893		0.000000
3894		0.000000
3895		0.000000
3896		0.000000
3897		0.000000
3898		0.000000
3899		0.000000
3900		0.000000
3901		0.000000
3902		0.000000
3903		0.000000
3904		0.000000
3905		0.000000
3906		0.000000
3907		0.000000
3908		0.000000
3909		0.000000
3910		0.000000
3911		0.000000
3912		0.000000
3913		0.000000
3914		0.000000
3915		0.000000
3916		0.000000
3917		0.000000
3918		0.000000
3919		0.000000
3920		0.000000
3921		0.000000
3922		0.000000
3923		0.000000
3924		0.000000
3925		0.000000
3926		0.000000
3927		0.000000
3928		0.000000
3929		0.000000
3930		0.000000
3931		0.000000
3932		0.000000
3933		0.000000
3934		0.000000
3935		0.000000
3936		0.000000
3937		0.000000
3938		0.000000
3939		0.000000
3940		0.000000
3941		0.000000
3942		0.000000
3943		0.000000
3944		0.000000
3945		0.000000
3946		0.000000
3947		0.000000
3948		0.000000
3949		0.000000
3950		0.000000
3951		0.000000
3952		0.000000
3953		0.000000
3954		0.000000
3955		0.000000
3956		0.000000
3957		0.000000
3958		0.000000
3959		0.000000
3960		0.000000
3961		0.000000
3962		0.000000
3963		0.000000
3964		0.000000
3965		0.000000
3966		0.000000
3967		0.000000
3968		0.000000
3969		0.000000
3970		0.000000
3971		0.000000
3972		0.000000
3973		0.000000
3974		0.000000
3975		0.000000
3976		0.000000
3977		0.000000
3978		0.000000
3979		0.000000
3980		0.000000
3981		0.000000
3982		0.000000
3983		0.000000
3984		0.000000
3985		0.000000
3986		0.000000
3987		0.000000
3988		0.000000
3989		0.000000
3990		0.000000
3991		0.000000
3992		0.000000
3993		0.000000
3994		0.000000
3995		0.000000
3996		0.000000
3997		0.000000
3998		0.000000
3999		0.000000
4000		0.000000
4001		0.000000
4002		0.000000
4003		0.000000
4004		0.000000
4005		0.000000
4006		0.000000
4007		0.000000
4008		0.000000
4009		0.000000
4010		0.000000
4011		0.000000
4012		0.000000
4013		0.000000
4014		0.000000
4015		0.000000
4016		0.000000
4017		0.000000
4018		0.000000
4019		0.000000
4020		0.000000
4021		0.000000
4022		0.000000
4023		0.000000
4024		0.000000
4025		0.000000
4026		0.000000
4027		0.000000
4028		0.000000
4029		0.000000
4030		0.000000
4031		0.000000
4032		0.000000
4033		0.000000
4034		0.000000
4035		0.000000
4036		0.000000
4037		0.000000
4038		0.000000
4039		0.000000
4040		0.000000
4041		0.000000
4042		0.000000
4043		0.000000
4044		0.000000
4045		0.000000
4046		0.000000
4047		0.000000
4048		0.000000
4049		0.000000
4050		0.000000
4051		0.000000
4052		0.000000
4053		0.000000
4054		0.000000
4055		0.000000
4056		0.000000
4057		0.000000
4058		0.000000
4059		0.000000
4060		0.000000
4061		0.000000
4062		0.000000
4063		0.000000
4064		0.000000
4065		0.000000
4066		0.000000
4067		0.000000
4068		0.000000
4069		0.000000
4070		0.000000
4071		0.000000
4072		0.000000
4073		0.000000
4074		0.000000
4075		0.000000
4076		0.000000
4077		0.000000
4078		0.000000
4079		0.000000
4080		0.000000
4081		0.000000
4082		0.000000
4083		0.000000
4084		0.000000
4085		0.000000
4086		0.000000
4087		0.000000
4088		0.000000
4089		0.000000
4090		0.000000
4091		0.000000
4092		0.000000
4093		0.000000
4094		0.000000
4095		0.000000
