0		0.000000
1		0.000000
2		0.000000
3		0.000000
4		0.000000
5		0.000000
6		0.000000
7		0.000000
8		0.000000
9		0.000000
10		0.000000
11		0.000000
12		0.000000
13		0.000000
14		0.000000
15		0.000000
16		0.000000
17		0.000000
18		0.000000
19		0.000000
20		0.000000
21		0.000000
22		0.000000
23		0.000000
24		0.000000
25		0.000000
26		0.000000
27		0.000000
28		0.000000
29		0.000000
30		0.000000
31		0.000000
32		0.000000
33		0.000000
34		0.000000
35		0.000000
36		0.000000
37		0.000000
38		0.000000
39		0.000000
40		0.000000
41		0.000000
42		0.000000
43		0.000000
44		0.000000
45		0.000000
46		0.000000
47		0.000000
48		0.000000
49		0.000000
50		0.000000
51		0.000000
52		0.000000
53		0.000000
54		0.000000
55		0.000000
56		0.000000
57		0.000000
58		0.000000
59		0.000000
60		0.000000
61		0.000000
62		0.000000
63		0.000000
64		0.000000
65		0.000000
66		0.000000
67		0.000000
68		0.000000
69		0.000000
70		0.000000
71		0.000000
72		0.000000
73		0.000000
74		0.000000
75		0.000000
76		0.000000
77		0.000000
78		0.000000
79		0.000000
80		0.000000
81		0.000000
82		0.000000
83		0.000000
84		0.000000
85		0.000000
86		0.000000
87		0.000000
88		0.000000
89		0.000000
90		0.000000
91		0.000000
92		0.000000
93		0.000000
94		0.000000
95		0.000000
96		0.000000
97		0.000000
98		0.000000
99		0.000000
100		0.000000
101		0.000000
102		0.000000
103		0.000000
104		0.000000
105		0.000000
106		0.000000
107		0.000000
108		0.000000
109		103429.289062
110		62753.648438
111		1494.260864
112		38.263897
113		32.956600
114		33.983822
115		34.155022
116		35.353447
117		39.462318
118		34.583031
119		36.038258
120		40.147133
121		34.839836
122		37.835892
123		41.687962
124		39.890327
125		42.030369
126		40.917545
127		40.061531
128		40.575142
129		39.034313
130		44.598415
131		43.399994
132		41.602360
133		41.174351
134		44.427212
135		43.485592
136		43.228790
137		44.256008
138		42.201569
139		46.396046
140		44.684017
141		42.201569
142		49.648907
143		49.049694
144		48.022476
145		49.991314
146		50.419319
147		52.216953
148		50.932930
149		50.504921
150		53.757782
151		55.555412
152		55.641014
153		55.897820
154		61.033913
155		60.092297
156		59.236282
157		61.718727
158		65.313995
159		62.146732
160		60.177898
161		62.317936
162		64.543579
163		64.115570
164		67.539635
165		65.399597
166		71.819710
167		68.652451
168		71.049294
169		66.170006
170		69.080460
171		73.274940
172		72.504524
173		71.648506
174		75.500580
175		77.983025
176		73.103737
177		75.757385
178		78.068626
179		83.204720
180		85.173553
181		90.566452
182		89.282433
183		89.710434
184		86.543182
185		89.025627
186		84.231934
187		93.476906
188		89.453636
189		93.904915
190		85.515961
191		92.792091
192		90.395248
193		87.142387
194		85.002350
195		86.115173
196		89.710434
197		91.764877
198		93.391304
199		93.476906
200		82.263100
201		88.255211
202		85.772766
203		85.344757
204		85.430359
205		86.714386
206		84.231934
207		85.259155
208		86.714386
209		94.076118
210		103.406685
211		100.753036
212		104.005898
213		104.177101
214		102.379471
215		101.009842
216		98.869804
217		94.332924
218		97.328979
219		92.963295
220		96.815369
221		90.823257
222		94.418526
223		89.111229
224		86.628784
225		84.317535
226		83.375923
227		85.601562
228		83.461525
229		83.033516
230		82.348701
231		86.971184
232		80.465469
233		81.235886
234		81.749489
235		84.060738
236		78.239830
237		82.177498
238		83.718330
239		84.403137
240		85.515961
241		81.321487
242		76.955803
243		79.951859
244		79.695053
245		82.263100
246		78.667839
247		64.629181
248		55.983421
249		59.749889
250		59.664288
251		54.185787
252		54.870602
253		57.353046
254		54.442593
255		54.785000
256		54.014587
257		46.481647
258		50.162514
259		50.932930
260		47.337666
261		46.053642
262		50.248116
263		44.855217
264		49.563305
265		44.256008
266		41.431156
267		42.543976
268		44.684017
269		42.372772
270		40.575142
271		40.660744
272		38.263897
273		37.921494
274		39.376720
275		36.979874
276		36.979874
277		38.178295
278		37.750290
279		36.466267
280		35.182243
281		33.898220
282		38.863110
283		36.380665
284		38.092693
285		35.182243
286		34.497429
287		36.979874
288		37.835892
289		35.867054
290		31.073366
291		36.209461
292		32.699799
293		34.326225
294		34.326225
295		30.902164
296		33.812618
297		31.330172
298		30.816563
299		32.699799
300		29.789343
301		31.758179
302		28.847727
303		31.586977
304		32.956600
305		31.158968
306		27.820507
307		30.902164
308		30.131750
309		30.730961
310		28.676523
311		29.190132
312		25.937273
313		31.586977
314		151.429169
315		1044.082275
316		1176.079834
317		200.906860
318		17.205914
319		12.669031
320		10.785797
321		12.069820
322		13.610648
323		12.069820
324		9.501774
325		11.898617
326		13.268242
327		11.128203
328		9.844180
329		12.326625
330		12.241023
331		10.272187
332		12.925836
333		11.128203
334		10.614594
335		9.416172
336		10.957000
337		13.268242
338		11.984219
339		9.758578
340		10.614594
341		11.128203
342		11.299406
343		11.470610
344		10.785797
345		9.416172
346		10.186585
347		11.042602
348		10.700195
349		9.501774
350		9.672976
351		11.299406
352		10.357789
353		8.988164
354		11.813016
355		9.758578
356		10.871398
357		11.470610
358		9.758578
359		11.042602
360		9.929781
361		9.416172
362		10.785797
363		9.758578
364		9.929781
365		11.042602
366		9.929781
367		10.785797
368		10.015383
369		10.357789
370		9.672976
371		9.844180
372		8.988164
373		9.244968
374		8.560156
375		8.303351
376		9.929781
377		9.501774
378		9.758578
379		9.416172
380		8.816961
381		10.357789
382		10.272187
383		9.929781
384		9.159368
385		10.528992
386		10.957000
387		10.957000
388		9.244968
389		8.645758
390		9.159368
391		9.330570
392		10.015383
393		8.388953
394		9.330570
395		9.587375
396		8.560156
397		7.618539
398		8.388953
399		9.244968
400		9.929781
401		8.731359
402		8.046547
403		9.159368
404		9.929781
405		8.474555
406		9.758578
407		9.758578
408		8.902562
409		7.789742
410		7.960945
411		7.276133
412		7.532938
413		9.073766
414		8.046547
415		7.532938
416		7.875344
417		7.019328
418		9.416172
419		6.334516
420		9.330570
421		8.474555
422		8.132149
423		8.132149
424		7.019328
425		8.988164
426		8.560156
427		9.159368
428		6.762523
429		9.073766
430		10.186585
431		7.104929
432		7.960945
433		8.902562
434		7.447336
435		9.159368
436		8.388953
437		7.104929
438		7.532938
439		8.217750
440		8.217750
441		6.420117
442		6.334516
443		7.104929
444		7.789742
445		7.361734
446		6.933726
447		8.560156
448		7.618539
449		8.560156
450		6.163312
451		9.672976
452		7.019328
453		7.704141
454		6.334516
455		7.190531
456		4.879289
457		8.902562
458		7.960945
459		7.789742
460		8.046547
461		7.361734
462		6.933726
463		7.960945
464		6.762523
465		8.988164
466		7.104929
467		7.532938
468		7.104929
469		7.704141
470		5.992109
471		7.532938
472		7.960945
473		7.875344
474		5.735305
475		7.190531
476		7.960945
477		5.820906
478		8.303351
479		6.163312
480		7.532938
481		6.248914
482		7.019328
483		8.046547
484		6.848125
485		9.501774
486		6.077711
487		7.704141
488		6.334516
489		6.933726
490		5.820906
491		6.762523
492		6.591321
493		6.334516
494		5.050492
495		8.474555
496		6.334516
497		8.217750
498		6.676922
499		6.248914
500		8.731359
501		7.960945
502		5.649703
503		7.532938
504		6.420117
505		6.762523
506		6.848125
507		7.532938
508		8.388953
509		6.591321
510		6.676922
511		6.591321
512		8.046547
513		7.532938
514		6.848125
515		6.848125
516		6.762523
517		6.163312
518		7.019328
519		6.676922
520		6.420117
521		7.532938
522		5.307297
523		7.960945
524		5.820906
525		6.248914
526		6.163312
527		6.334516
528		6.248914
529		5.820906
530		6.505719
531		7.532938
532		6.848125
533		5.649703
534		5.478500
535		6.676922
536		6.762523
537		7.789742
538		7.361734
539		4.879289
540		6.077711
541		7.361734
542		6.420117
543		6.676922
544		7.104929
545		6.591321
546		6.505719
547		7.104929
548		6.591321
549		6.334516
550		5.820906
551		7.276133
552		6.077711
553		6.505719
554		7.875344
555		8.046547
556		5.478500
557		7.789742
558		7.447336
559		6.163312
560		6.505719
561		5.735305
562		7.618539
563		6.077711
564		7.361734
565		7.104929
566		6.334516
567		5.564102
568		6.762523
569		7.361734
570		5.478500
571		7.019328
572		6.248914
573		5.050492
574		5.307297
575		6.077711
576		6.163312
577		5.221695
578		7.789742
579		5.478500
580		5.649703
581		6.334516
582		6.848125
583		6.505719
584		5.564102
585		6.848125
586		7.447336
587		5.735305
588		5.820906
589		6.163312
590		5.307297
591		7.532938
592		7.361734
593		7.789742
594		5.564102
595		5.820906
596		6.163312
597		6.163312
598		5.820906
599		6.848125
600		4.879289
601		5.307297
602		6.248914
603		7.447336
604		5.478500
605		6.848125
606		8.217750
607		6.505719
608		6.848125
609		6.077711
610		6.848125
611		7.618539
612		5.735305
613		7.190531
614		6.248914
615		6.762523
616		5.221695
617		6.933726
618		6.676922
619		6.077711
620		6.077711
621		5.992109
622		5.307297
623		6.933726
624		6.505719
625		7.447336
626		6.933726
627		6.077711
628		7.019328
629		7.190531
630		6.933726
631		6.248914
632		5.992109
633		7.789742
634		5.735305
635		5.992109
636		6.505719
637		6.848125
638		7.704141
639		7.447336
640		4.879289
641		7.789742
642		5.906508
643		6.676922
644		6.077711
645		5.649703
646		7.532938
647		6.420117
648		6.676922
649		6.163312
650		7.019328
651		6.933726
652		7.019328
653		6.420117
654		6.505719
655		6.591321
656		6.420117
657		6.848125
658		6.933726
659		6.248914
660		7.104929
661		6.077711
662		6.591321
663		5.820906
664		6.334516
665		5.992109
666		6.077711
667		5.906508
668		6.334516
669		5.992109
670		6.248914
671		7.276133
672		6.848125
673		6.077711
674		5.221695
675		6.334516
676		6.248914
677		8.731359
678		6.334516
679		6.591321
680		5.735305
681		6.505719
682		5.392899
683		7.190531
684		5.992109
685		7.104929
686		5.050492
687		7.104929
688		6.933726
689		6.334516
690		7.361734
691		7.704141
692		5.307297
693		5.735305
694		7.104929
695		6.248914
696		5.906508
697		6.420117
698		6.933726
699		8.132149
700		6.505719
701		6.248914
702		5.649703
703		7.276133
704		5.820906
705		5.392899
706		7.960945
707		7.618539
708		5.820906
709		7.361734
710		6.505719
711		5.906508
712		6.077711
713		5.392899
714		5.906508
715		6.248914
716		6.334516
717		5.820906
718		6.933726
719		6.163312
720		5.906508
721		6.077711
722		6.248914
723		5.478500
724		5.992109
725		7.789742
726		7.019328
727		7.875344
728		4.964890
729		6.077711
730		7.019328
731		5.906508
732		7.704141
733		6.933726
734		6.420117
735		5.136094
736		5.992109
737		6.676922
738		6.420117
739		5.906508
740		5.992109
741		5.050492
742		5.820906
743		6.420117
744		6.334516
745		6.077711
746		5.735305
747		6.591321
748		6.420117
749		5.050492
750		6.248914
751		7.190531
752		6.077711
753		5.992109
754		6.163312
755		6.334516
756		5.906508
757		7.618539
758		6.591321
759		5.392899
760		6.420117
761		5.992109
762		6.248914
763		6.420117
764		7.019328
765		6.334516
766		6.505719
767		6.163312
768		6.591321
769		6.248914
770		7.447336
771		6.248914
772		7.019328
773		7.704141
774		5.649703
775		7.104929
776		6.248914
777		6.848125
778		6.505719
779		4.793687
780		6.077711
781		5.050492
782		7.190531
783		6.163312
784		5.649703
785		5.735305
786		6.248914
787		6.591321
788		6.505719
789		6.077711
790		6.762523
791		6.591321
792		7.019328
793		6.248914
794		4.793687
795		7.190531
796		6.591321
797		6.420117
798		5.307297
799		6.420117
800		6.334516
801		6.077711
802		7.019328
803		6.163312
804		7.447336
805		6.334516
806		6.248914
807		6.848125
808		8.816961
809		7.704141
810		6.420117
811		6.334516
812		5.820906
813		5.906508
814		6.077711
815		5.564102
816		6.848125
817		7.190531
818		6.420117
819		5.820906
820		7.361734
821		6.933726
822		6.163312
823		8.217750
824		5.735305
825		5.992109
826		6.248914
827		6.591321
828		7.361734
829		6.933726
830		7.361734
831		6.505719
832		6.848125
833		7.361734
834		5.564102
835		6.505719
836		7.104929
837		6.848125
838		6.334516
839		6.248914
840		5.136094
841		5.478500
842		5.992109
843		6.676922
844		5.820906
845		6.334516
846		6.505719
847		6.848125
848		7.361734
849		7.618539
850		7.104929
851		5.906508
852		6.762523
853		5.564102
854		5.906508
855		6.077711
856		7.447336
857		6.163312
858		6.163312
859		7.276133
860		5.735305
861		6.420117
862		7.447336
863		6.591321
864		6.334516
865		6.248914
866		6.762523
867		8.217750
868		7.104929
869		7.447336
870		6.676922
871		7.019328
872		7.361734
873		7.875344
874		7.190531
875		7.019328
876		7.704141
877		4.879289
878		7.190531
879		6.676922
880		7.361734
881		5.478500
882		7.789742
883		7.019328
884		7.190531
885		4.964890
886		5.307297
887		6.505719
888		5.478500
889		5.820906
890		6.420117
891		6.848125
892		6.848125
893		6.762523
894		6.933726
895		7.447336
896		7.789742
897		6.505719
898		5.649703
899		7.276133
900		7.361734
901		6.933726
902		4.622484
903		5.992109
904		6.591321
905		6.933726
906		7.704141
907		7.019328
908		8.388953
909		5.564102
910		7.960945
911		6.248914
912		7.190531
913		6.420117
914		8.217750
915		7.532938
916		7.447336
917		9.073766
918		7.276133
919		5.649703
920		7.532938
921		5.478500
922		7.019328
923		6.591321
924		6.933726
925		6.505719
926		6.248914
927		7.361734
928		8.303351
929		6.505719
930		5.136094
931		6.163312
932		7.190531
933		6.163312
934		6.248914
935		7.361734
936		6.848125
937		6.248914
938		7.532938
939		7.104929
940		6.933726
941		5.992109
942		8.816961
943		6.933726
944		7.019328
945		7.361734
946		7.447336
947		7.618539
948		6.505719
949		6.505719
950		7.104929
951		7.447336
952		8.902562
953		8.217750
954		6.676922
955		6.762523
956		7.276133
957		6.676922
958		7.704141
959		6.420117
960		7.019328
961		8.645758
962		6.762523
963		7.960945
964		8.217750
965		6.334516
966		7.789742
967		7.532938
968		7.532938
969		6.848125
970		7.704141
971		6.420117
972		6.163312
973		6.762523
974		7.276133
975		6.762523
976		7.361734
977		6.420117
978		6.591321
979		7.532938
980		8.132149
981		7.875344
982		8.217750
983		6.505719
984		7.190531
985		6.334516
986		6.591321
987		6.334516
988		7.704141
989		7.361734
990		8.217750
991		7.104929
992		6.248914
993		7.447336
994		6.591321
995		8.560156
996		7.361734
997		5.992109
998		7.019328
999		5.906508
1000		7.190531
1001		7.960945
1002		5.649703
1003		5.992109
1004		6.505719
1005		7.618539
1006		5.820906
1007		7.618539
1008		7.447336
1009		8.132149
1010		7.019328
1011		7.447336
1012		6.933726
1013		6.676922
1014		7.532938
1015		6.163312
1016		6.933726
1017		7.276133
1018		8.046547
1019		6.676922
1020		6.163312
1021		6.848125
1022		8.560156
1023		6.933726
1024		7.704141
1025		7.532938
1026		6.420117
1027		8.132149
1028		6.420117
1029		7.104929
1030		9.330570
1031		8.132149
1032		7.960945
1033		6.334516
1034		7.618539
1035		8.731359
1036		5.992109
1037		7.190531
1038		7.532938
1039		6.762523
1040		6.505719
1041		8.731359
1042		7.276133
1043		7.960945
1044		7.618539
1045		6.163312
1046		6.762523
1047		7.875344
1048		6.591321
1049		8.731359
1050		6.848125
1051		7.104929
1052		8.560156
1053		8.217750
1054		6.420117
1055		7.361734
1056		7.960945
1057		7.361734
1058		8.560156
1059		7.276133
1060		8.132149
1061		8.303351
1062		8.303351
1063		8.217750
1064		7.276133
1065		8.046547
1066		8.474555
1067		7.104929
1068		5.820906
1069		7.789742
1070		7.875344
1071		6.933726
1072		8.388953
1073		7.361734
1074		6.163312
1075		7.618539
1076		6.762523
1077		6.420117
1078		7.875344
1079		7.361734
1080		7.361734
1081		7.532938
1082		6.933726
1083		7.618539
1084		8.303351
1085		7.618539
1086		8.046547
1087		8.046547
1088		8.388953
1089		8.816961
1090		8.474555
1091		9.844180
1092		8.303351
1093		8.217750
1094		8.303351
1095		7.789742
1096		7.704141
1097		6.933726
1098		8.217750
1099		8.046547
1100		8.988164
1101		7.276133
1102		9.244968
1103		7.190531
1104		8.388953
1105		7.190531
1106		7.960945
1107		7.019328
1108		8.132149
1109		9.844180
1110		6.505719
1111		8.046547
1112		6.933726
1113		7.704141
1114		7.875344
1115		6.676922
1116		9.587375
1117		9.758578
1118		8.902562
1119		7.361734
1120		8.560156
1121		8.902562
1122		8.645758
1123		8.217750
1124		7.960945
1125		7.704141
1126		8.046547
1127		8.132149
1128		7.190531
1129		7.789742
1130		7.532938
1131		10.700195
1132		8.217750
1133		8.388953
1134		8.388953
1135		8.303351
1136		8.217750
1137		8.988164
1138		8.046547
1139		8.988164
1140		9.244968
1141		8.474555
1142		6.848125
1143		7.019328
1144		11.385008
1145		6.762523
1146		10.100985
1147		7.960945
1148		9.501774
1149		7.618539
1150		7.960945
1151		8.388953
1152		8.731359
1153		8.988164
1154		8.474555
1155		8.046547
1156		8.388953
1157		9.244968
1158		9.929781
1159		8.217750
1160		9.587375
1161		9.501774
1162		7.704141
1163		9.587375
1164		9.416172
1165		8.388953
1166		9.501774
1167		10.015383
1168		8.988164
1169		8.560156
1170		9.330570
1171		9.758578
1172		6.762523
1173		8.474555
1174		10.015383
1175		7.875344
1176		8.560156
1177		8.474555
1178		9.330570
1179		9.330570
1180		7.447336
1181		7.789742
1182		7.190531
1183		9.330570
1184		9.501774
1185		8.388953
1186		10.015383
1187		8.645758
1188		8.902562
1189		9.159368
1190		9.758578
1191		8.132149
1192		9.073766
1193		8.816961
1194		8.988164
1195		10.357789
1196		9.244968
1197		7.447336
1198		8.303351
1199		8.816961
1200		10.186585
1201		9.501774
1202		9.244968
1203		8.902562
1204		8.731359
1205		9.159368
1206		9.501774
1207		9.244968
1208		9.758578
1209		11.299406
1210		10.015383
1211		9.501774
1212		9.159368
1213		8.816961
1214		9.073766
1215		8.988164
1216		8.902562
1217		8.560156
1218		9.330570
1219		9.330570
1220		10.785797
1221		9.159368
1222		8.388953
1223		9.758578
1224		10.015383
1225		10.957000
1226		10.100985
1227		8.902562
1228		8.474555
1229		9.587375
1230		10.700195
1231		10.272187
1232		9.244968
1233		11.128203
1234		9.501774
1235		9.672976
1236		9.501774
1237		11.213804
1238		9.159368
1239		10.785797
1240		7.875344
1241		10.015383
1242		9.501774
1243		8.132149
1244		11.042602
1245		8.816961
1246		11.213804
1247		9.844180
1248		7.960945
1249		9.159368
1250		9.844180
1251		11.385008
1252		9.159368
1253		11.128203
1254		8.731359
1255		8.988164
1256		9.159368
1257		8.388953
1258		10.272187
1259		9.672976
1260		10.100985
1261		8.560156
1262		9.672976
1263		9.844180
1264		10.186585
1265		10.957000
1266		8.132149
1267		8.645758
1268		10.700195
1269		8.645758
1270		11.042602
1271		8.303351
1272		9.416172
1273		10.871398
1274		11.213804
1275		9.501774
1276		10.443391
1277		10.357789
1278		11.128203
1279		10.100985
1280		8.902562
1281		10.186585
1282		11.385008
1283		9.929781
1284		11.385008
1285		9.073766
1286		11.213804
1287		10.186585
1288		10.357789
1289		9.758578
1290		10.186585
1291		10.957000
1292		8.902562
1293		11.470610
1294		10.357789
1295		11.641812
1296		10.614594
1297		11.898617
1298		10.957000
1299		9.159368
1300		10.272187
1301		11.213804
1302		10.272187
1303		10.700195
1304		11.470610
1305		10.272187
1306		9.844180
1307		9.587375
1308		11.385008
1309		11.299406
1310		10.186585
1311		10.357789
1312		10.871398
1313		11.299406
1314		9.159368
1315		11.898617
1316		12.326625
1317		11.641812
1318		11.299406
1319		12.069820
1320		11.813016
1321		11.898617
1322		12.583429
1323		11.898617
1324		12.583429
1325		12.669031
1326		13.610648
1327		12.241023
1328		14.809071
1329		11.813016
1330		13.182641
1331		11.898617
1332		13.353844
1333		12.925836
1334		12.412227
1335		12.069820
1336		13.097039
1337		11.898617
1338		12.155422
1339		11.042602
1340		11.898617
1341		14.038656
1342		11.299406
1343		11.813016
1344		13.011437
1345		11.556211
1346		11.556211
1347		12.069820
1348		12.583429
1349		14.809071
1350		12.069820
1351		13.525046
1352		15.065875
1353		13.182641
1354		12.840235
1355		13.268242
1356		13.011437
1357		10.957000
1358		13.097039
1359		13.696250
1360		13.182641
1361		12.155422
1362		14.124258
1363		12.497828
1364		14.466664
1365		14.124258
1366		12.412227
1367		12.155422
1368		13.439445
1369		13.867453
1370		14.038656
1371		13.182641
1372		13.525046
1373		12.069820
1374		13.696250
1375		13.268242
1376		12.497828
1377		13.097039
1378		14.038656
1379		14.038656
1380		14.038656
1381		14.209859
1382		14.980273
1383		13.268242
1384		13.781852
1385		13.696250
1386		12.669031
1387		13.353844
1388		11.898617
1389		13.610648
1390		12.155422
1391		13.182641
1392		13.439445
1393		14.809071
1394		14.809071
1395		13.610648
1396		13.182641
1397		13.867453
1398		13.011437
1399		12.840235
1400		11.556211
1401		12.497828
1402		12.583429
1403		13.781852
1404		12.754633
1405		12.583429
1406		12.925836
1407		13.867453
1408		13.867453
1409		12.583429
1410		10.871398
1411		13.268242
1412		14.209859
1413		10.957000
1414		14.980273
1415		13.610648
1416		16.007492
1417		13.525046
1418		16.007492
1419		13.097039
1420		12.840235
1421		14.124258
1422		15.237078
1423		14.552265
1424		13.182641
1425		14.723469
1426		14.466664
1427		15.065875
1428		14.124258
1429		12.840235
1430		15.408281
1431		13.525046
1432		15.237078
1433		14.381063
1434		13.610648
1435		13.439445
1436		13.268242
1437		12.241023
1438		15.322680
1439		14.209859
1440		13.696250
1441		16.349899
1442		14.894671
1443		17.291515
1444		14.809071
1445		14.295461
1446		13.781852
1447		13.867453
1448		12.669031
1449		14.552265
1450		16.606703
1451		14.894671
1452		14.295461
1453		14.295461
1454		14.209859
1455		13.610648
1456		11.385008
1457		15.493883
1458		13.353844
1459		13.439445
1460		15.408281
1461		14.466664
1462		13.781852
1463		14.723469
1464		14.038656
1465		13.353844
1466		13.696250
1467		14.295461
1468		13.353844
1469		12.241023
1470		12.925836
1471		14.637867
1472		15.322680
1473		12.840235
1474		12.155422
1475		15.322680
1476		12.155422
1477		13.610648
1478		15.322680
1479		16.349899
1480		13.610648
1481		16.007492
1482		14.894671
1483		13.953054
1484		14.381063
1485		14.637867
1486		14.723469
1487		13.696250
1488		14.381063
1489		15.408281
1490		13.182641
1491		14.637867
1492		14.637867
1493		14.894671
1494		12.669031
1495		14.209859
1496		13.696250
1497		13.781852
1498		14.637867
1499		15.408281
1500		13.525046
1501		14.295461
1502		13.353844
1503		13.097039
1504		15.151477
1505		15.151477
1506		11.556211
1507		13.182641
1508		13.867453
1509		13.953054
1510		13.353844
1511		14.038656
1512		14.038656
1513		12.840235
1514		14.809071
1515		15.408281
1516		14.809071
1517		14.124258
1518		12.326625
1519		15.493883
1520		13.353844
1521		14.038656
1522		15.065875
1523		15.493883
1524		13.867453
1525		13.268242
1526		13.525046
1527		15.836289
1528		17.719522
1529		13.097039
1530		15.408281
1531		12.925836
1532		15.408281
1533		16.606703
1534		12.840235
1535		17.034710
1536		13.439445
1537		15.579484
1538		14.381063
1539		17.377117
1540		18.061930
1541		13.097039
1542		16.264297
1543		15.408281
1544		14.295461
1545		15.065875
1546		14.124258
1547		13.696250
1548		14.381063
1549		14.552265
1550		15.151477
1551		14.894671
1552		15.836289
1553		15.237078
1554		14.209859
1555		15.836289
1556		15.665086
1557		16.435499
1558		15.493883
1559		14.295461
1560		16.264297
1561		14.637867
1562		14.124258
1563		15.836289
1564		15.836289
1565		15.237078
1566		14.894671
1567		16.093094
1568		16.863508
1569		15.151477
1570		15.493883
1571		14.980273
1572		15.151477
1573		16.178696
1574		15.237078
1575		13.610648
1576		14.637867
1577		16.178696
1578		15.665086
1579		14.980273
1580		17.719522
1581		15.322680
1582		15.836289
1583		13.781852
1584		14.552265
1585		17.805124
1586		16.521101
1587		13.182641
1588		15.493883
1589		15.665086
1590		13.867453
1591		15.579484
1592		14.209859
1593		16.007492
1594		16.093094
1595		15.237078
1596		17.633923
1597		14.809071
1598		14.381063
1599		15.151477
1600		16.692305
1601		13.610648
1602		15.493883
1603		16.863508
1604		13.525046
1605		17.120312
1606		16.863508
1607		13.953054
1608		13.867453
1609		13.953054
1610		15.237078
1611		13.610648
1612		14.723469
1613		15.151477
1614		12.326625
1615		14.124258
1616		14.894671
1617		17.291515
1618		14.381063
1619		18.061930
1620		16.349899
1621		14.637867
1622		15.665086
1623		15.237078
1624		16.606703
1625		16.606703
1626		14.637867
1627		14.295461
1628		15.750688
1629		15.151477
1630		16.606703
1631		16.692305
1632		16.007492
1633		15.750688
1634		16.093094
1635		14.809071
1636		13.353844
1637		15.408281
1638		15.665086
1639		17.976328
1640		17.719522
1641		16.863508
1642		14.466664
1643		15.579484
1644		16.521101
1645		15.237078
1646		16.606703
1647		16.606703
1648		16.007492
1649		15.237078
1650		15.237078
1651		15.579484
1652		13.781852
1653		15.750688
1654		15.665086
1655		14.637867
1656		16.178696
1657		16.692305
1658		16.093094
1659		16.349899
1660		13.953054
1661		15.836289
1662		16.521101
1663		16.777906
1664		17.205914
1665		15.237078
1666		16.178696
1667		15.921890
1668		18.233133
1669		16.264297
1670		17.719522
1671		14.466664
1672		16.777906
1673		16.178696
1674		19.003548
1675		15.921890
1676		16.521101
1677		17.291515
1678		16.349899
1679		16.007492
1680		17.205914
1681		17.805124
1682		16.264297
1683		16.606703
1684		16.521101
1685		17.291515
1686		16.692305
1687		15.579484
1688		18.061930
1689		15.408281
1690		16.692305
1691		14.552265
1692		16.178696
1693		15.836289
1694		15.151477
1695		16.349899
1696		16.949110
1697		17.291515
1698		17.034710
1699		17.805124
1700		16.178696
1701		20.458773
1702		17.633923
1703		16.178696
1704		17.890726
1705		15.665086
1706		16.692305
1707		17.805124
1708		17.805124
1709		17.805124
1710		17.120312
1711		17.976328
1712		17.034710
1713		16.349899
1714		19.260351
1715		14.723469
1716		19.773960
1717		15.665086
1718		16.863508
1719		17.890726
1720		18.575539
1721		17.890726
1722		17.120312
1723		19.174749
1724		19.003548
1725		16.521101
1726		14.723469
1727		19.260351
1728		17.890726
1729		17.205914
1730		17.291515
1731		18.489937
1732		15.665086
1733		19.345953
1734		14.894671
1735		18.917946
1736		17.205914
1737		18.061930
1738		17.120312
1739		17.377117
1740		17.548321
1741		17.462719
1742		17.034710
1743		19.174749
1744		17.291515
1745		16.349899
1746		18.318735
1747		17.205914
1748		16.606703
1749		18.489937
1750		18.575539
1751		16.521101
1752		19.431555
1753		15.750688
1754		19.859562
1755		17.633923
1756		18.061930
1757		18.404335
1758		18.489937
1759		17.719522
1760		18.233133
1761		17.719522
1762		19.345953
1763		17.034710
1764		17.548321
1765		16.949110
1766		18.489937
1767		16.349899
1768		18.746742
1769		19.260351
1770		19.517157
1771		17.633923
1772		19.688360
1773		19.174749
1774		16.521101
1775		19.003548
1776		18.575539
1777		17.377117
1778		20.287571
1779		18.575539
1780		15.836289
1781		16.606703
1782		19.945164
1783		17.377117
1784		21.057983
1785		19.688360
1786		16.178696
1787		16.435499
1788		18.147532
1789		18.746742
1790		19.773960
1791		18.489937
1792		20.544374
1793		17.633923
1794		18.746742
1795		19.003548
1796		17.120312
1797		16.777906
1798		17.548321
1799		18.575539
1800		16.093094
1801		17.462719
1802		17.976328
1803		18.147532
1804		17.205914
1805		17.462719
1806		18.489937
1807		16.949110
1808		19.688360
1809		21.657196
1810		20.030766
1811		21.999601
1812		18.917946
1813		17.890726
1814		20.201969
1815		19.174749
1816		18.575539
1817		19.945164
1818		17.205914
1819		16.692305
1820		19.260351
1821		18.233133
1822		16.521101
1823		19.945164
1824		18.832344
1825		17.548321
1826		18.917946
1827		17.976328
1828		16.777906
1829		21.485992
1830		20.715578
1831		19.773960
1832		19.174749
1833		22.170805
1834		19.773960
1835		19.773960
1836		17.890726
1837		18.061930
1838		21.314789
1839		20.458773
1840		23.540430
1841		19.003548
1842		21.485992
1843		21.914000
1844		18.061930
1845		20.373171
1846		19.602758
1847		19.517157
1848		19.859562
1849		19.859562
1850		18.318735
1851		19.688360
1852		19.345953
1853		22.085203
1854		18.318735
1855		21.657196
1856		20.030766
1857		21.057983
1858		17.976328
1859		20.544374
1860		18.489937
1861		18.575539
1862		19.859562
1863		21.314789
1864		20.287571
1865		19.602758
1866		18.917946
1867		19.517157
1868		20.972383
1869		20.544374
1870		19.859562
1871		20.544374
1872		20.886782
1873		20.030766
1874		21.571594
1875		19.089148
1876		21.143585
1877		20.629976
1878		20.629976
1879		21.485992
1880		23.026821
1881		18.404335
1882		20.715578
1883		19.431555
1884		20.629976
1885		19.089148
1886		21.143585
1887		20.373171
1888		21.314789
1889		19.431555
1890		19.174749
1891		20.201969
1892		20.287571
1893		18.404335
1894		20.715578
1895		20.886782
1896		22.170805
1897		21.400391
1898		19.945164
1899		20.715578
1900		21.742796
1901		23.540430
1902		24.054039
1903		20.715578
1904		21.657196
1905		20.544374
1906		21.571594
1907		22.941219
1908		21.229187
1909		19.773960
1910		21.143585
1911		23.626032
1912		20.886782
1913		20.544374
1914		21.657196
1915		21.485992
1916		23.026821
1917		23.968437
1918		19.260351
1919		21.314789
1920		24.139641
1921		24.482046
1922		21.742796
1923		19.773960
1924		24.225243
1925		23.968437
1926		23.369226
1927		21.057983
1928		22.941219
1929		21.485992
1930		21.057983
1931		24.054039
1932		22.427608
1933		22.684414
1934		22.170805
1935		20.373171
1936		22.941219
1937		23.283625
1938		21.999601
1939		24.054039
1940		19.773960
1941		22.256407
1942		22.342009
1943		22.427608
1944		23.882835
1945		21.229187
1946		24.396444
1947		20.201969
1948		22.427608
1949		21.999601
1950		21.999601
1951		21.742796
1952		21.400391
1953		20.544374
1954		20.116367
1955		21.314789
1956		21.999601
1957		24.139641
1958		25.338062
1959		21.999601
1960		25.081257
1961		21.914000
1962		22.342009
1963		21.742796
1964		26.194078
1965		25.509266
1966		24.396444
1967		23.797234
1968		23.540430
1969		24.310844
1970		23.198023
1971		24.567648
1972		24.738852
1973		24.910055
1974		22.855618
1975		22.513210
1976		23.882835
1977		24.910055
1978		23.540430
1979		24.653250
1980		23.797234
1981		25.766069
1982		24.310844
1983		24.567648
1984		23.369226
1985		26.022875
1986		25.081257
1987		25.766069
1988		26.194078
1989		22.427608
1990		23.626032
1991		25.166859
1992		25.766069
1993		24.567648
1994		23.369226
1995		25.937273
1996		29.618141
1997		24.995657
1998		24.310844
1999		26.194078
2000		26.108477
2001		24.824453
2002		26.964493
2003		24.824453
2004		24.567648
2005		24.995657
2006		28.762125
2007		25.166859
2008		25.937273
2009		27.906109
2010		27.563704
2011		25.166859
2012		22.085203
2013		26.279680
2014		28.334118
2015		27.392500
2016		27.478102
2017		25.509266
2018		28.933329
2019		27.991711
2020		25.081257
2021		27.906109
2022		31.244570
2023		26.964493
2024		26.108477
2025		26.622086
2026		26.365282
2027		25.166859
2028		26.022875
2029		26.622086
2030		27.478102
2031		26.194078
2032		25.937273
2033		29.532539
2034		28.676523
2035		25.594868
2036		27.563704
2037		28.077312
2038		26.793289
2039		25.509266
2040		27.820507
2041		28.676523
2042		26.279680
2043		29.618141
2044		27.478102
2045		28.590921
2046		28.676523
2047		27.392500
2048		27.392500
2049		31.330172
2050		29.190132
2051		26.964493
2052		28.933329
2053		28.762125
2054		29.018930
2055		29.618141
2056		29.532539
2057		28.676523
2058		30.302954
2059		26.707687
2060		30.902164
2061		30.816563
2062		25.937273
2063		31.244570
2064		30.987766
2065		30.474155
2066		28.590921
2067		31.758179
2068		28.676523
2069		30.730961
2070		31.415773
2071		30.816563
2072		30.217352
2073		31.330172
2074		32.271790
2075		30.474155
2076		31.843781
2077		29.532539
2078		32.785397
2079		27.820507
2080		30.474155
2081		29.703743
2082		33.384609
2083		34.326225
2084		30.131750
2085		34.069420
2086		31.843781
2087		31.330172
2088		30.302954
2089		30.388554
2090		32.699799
2091		31.586977
2092		30.645359
2093		32.614197
2094		32.870998
2095		33.983822
2096		32.014984
2097		29.275734
2098		31.843781
2099		32.614197
2100		35.781452
2101		34.754234
2102		32.100586
2103		32.870998
2104		33.213406
2105		30.987766
2106		32.442993
2107		32.699799
2108		33.127804
2109		33.213406
2110		32.528595
2111		30.559757
2112		35.781452
2113		35.096642
2114		34.839836
2115		36.038258
2116		31.244570
2117		33.127804
2118		34.069420
2119		31.929382
2120		32.100586
2121		33.812618
2122		35.011040
2123		33.299007
2124		35.695850
2125		34.240623
2126		38.863110
2127		32.528595
2128		33.641415
2129		34.925438
2130		36.979874
2131		35.182243
2132		35.610249
2133		32.870998
2134		38.520702
2135		33.983822
2136		33.812618
2137		32.357391
2138		36.209461
2139		35.439045
2140		33.727016
2141		36.637470
2142		33.555813
2143		34.668633
2144		35.952656
2145		33.042202
2146		34.839836
2147		33.384609
2148		32.870998
2149		35.695850
2150		30.302954
2151		34.240623
2152		35.439045
2153		34.839836
2154		32.014984
2155		33.641415
2156		33.641415
2157		39.291119
2158		33.983822
2159		35.524647
2160		33.042202
2161		35.267845
2162		33.127804
2163		36.637470
2164		33.983822
2165		35.867054
2166		30.131750
2167		37.579086
2168		35.952656
2169		42.971985
2170		66.854820
2171		111.881241
2172		183.016144
2173		255.435059
2174		289.932495
2175		278.633087
2176		224.532898
2177		155.966049
2178		103.064278
2179		76.270988
2180		61.975533
2181		62.917149
2182		60.777107
2183		54.442593
2184		59.065079
2185		56.411430
2186		58.209061
2187		60.349102
2188		60.263500
2189		59.664288
2190		57.096241
2191		62.831547
2192		56.925037
2193		58.209061
2194		60.605907
2195		60.605907
2196		55.213009
2197		58.551468
2198		60.862709
2199		60.605907
2200		62.831547
2201		63.944366
2202		60.862709
2203		64.286774
2204		63.516357
2205		64.286774
2206		62.403538
2207		63.002750
2208		62.232334
2209		66.084404
2210		59.749889
2211		64.543579
2212		64.800385
2213		64.201172
2214		62.745945
2215		60.948311
2216		62.146732
2217		63.345158
2218		66.170006
2219		62.574741
2220		59.321884
2221		66.255608
2222		63.516357
2223		62.660343
2224		64.286774
2225		63.944366
2226		62.917149
2227		62.232334
2228		63.516357
2229		63.944366
2230		61.633125
2231		65.485191
2232		66.854820
2233		63.088352
2234		68.481247
2235		62.831547
2236		63.173954
2237		63.345158
2238		62.146732
2239		60.862709
2240		63.858765
2241		64.714783
2242		64.543579
2243		64.885986
2244		66.084404
2245		67.026024
2246		63.773163
2247		67.026024
2248		66.341209
2249		63.858765
2250		65.827599
2251		63.345158
2252		60.434704
2253		66.512413
2254		65.485191
2255		62.660343
2256		68.738052
2257		66.512413
2258		66.854820
2259		62.831547
2260		65.570793
2261		62.403538
2262		62.317936
2263		68.566849
2264		62.403538
2265		64.286774
2266		62.831547
2267		71.477303
2268		63.516357
2269		66.426811
2270		65.998802
2271		67.882042
2272		62.574741
2273		66.769218
2274		68.053246
2275		68.909256
2276		65.399597
2277		60.605907
2278		66.426811
2279		68.395645
2280		67.967644
2281		70.963692
2282		65.142792
2283		70.963692
2284		73.531738
2285		63.259556
2286		68.138840
2287		70.193283
2288		69.251663
2289		71.905312
2290		71.134895
2291		70.022079
2292		70.107681
2293		65.827599
2294		70.107681
2295		74.473358
2296		73.874146
2297		73.018135
2298		69.679672
2299		70.535690
2300		75.243774
2301		70.706894
2302		70.878090
2303		72.590126
2304		71.049294
2305		73.702942
2306		75.842987
2307		75.243774
2308		75.158173
2309		76.014191
2310		70.878090
2311		69.679672
2312		70.278885
2313		68.481247
2314		64.201172
2315		65.485191
2316		63.259556
2317		58.380264
2318		59.065079
2319		60.349102
2320		60.948311
2321		59.835491
2322		56.497032
2323		62.061134
2324		57.353046
2325		52.045750
2326		54.442593
2327		59.578686
2328		57.010639
2329		53.072968
2330		50.761726
2331		49.477703
2332		50.419319
2333		49.392101
2334		50.676125
2335		50.162514
2336		48.536087
2337		45.796837
2338		45.454430
2339		45.026421
2340		46.396046
2341		45.368828
2342		46.824055
2343		43.827999
2344		43.827999
2345		45.026421
2346		43.143188
2347		41.687962
2348		40.660744
2349		41.516758
2350		40.232735
2351		37.664688
2352		40.489540
2353		41.003147
2354		41.003147
2355		40.660744
2356		39.633522
2357		38.435101
2358		39.291119
2359		39.291119
2360		38.777508
2361		37.065475
2362		35.781452
2363		36.209461
2364		38.178295
2365		35.267845
2366		35.096642
2367		38.691906
2368		37.322281
2369		39.034313
2370		35.524647
2371		34.839836
2372		34.497429
2373		40.403938
2374		42.372772
2375		70.107681
2376		119.328575
2377		216.058350
2378		373.736420
2379		551.616455
2380		692.602234
2381		730.780518
2382		623.778564
2383		480.652771
2384		313.387329
2385		179.592072
2386		102.465073
2387		78.839035
2388		61.461922
2389		60.948311
2390		55.469810
2391		59.236282
2392		59.835491
2393		59.236282
2394		56.497032
2395		58.722672
2396		54.271389
2397		52.388157
2398		57.781055
2399		56.753838
2400		57.695454
2401		55.298611
2402		59.236282
2403		55.812218
2404		55.127407
2405		55.384212
2406		55.213009
2407		56.069023
2408		53.843384
2409		55.897820
2410		55.641014
2411		47.851273
2412		52.216953
2413		56.582634
2414		53.586578
2415		52.388157
2416		53.928986
2417		51.532139
2418		50.932930
2419		54.100185
2420		48.964092
2421		50.761726
2422		49.049694
2423		52.901764
2424		50.248116
2425		47.080860
2426		49.991314
2427		50.504921
2428		51.532139
2429		45.882439
2430		49.392101
2431		47.166462
2432		45.968040
2433		42.030369
2434		43.399994
2435		43.913601
2436		43.999203
2437		41.687962
2438		37.407883
2439		36.637470
2440		33.812618
2441		32.699799
2442		30.645359
2443		29.618141
2444		28.762125
2445		24.482046
2446		22.256407
2447		20.544374
2448		16.521101
2449		19.089148
2450		16.435499
2451		11.984219
2452		11.556211
2453		10.614594
2454		8.731359
2455		8.645758
2456		6.248914
2457		5.307297
2458		4.536883
2459		4.280078
2460		2.311242
2461		2.482445
2462		2.225641
2463		2.396844
2464		2.054437
2465		2.311242
2466		0.941617
2467		0.856016
2468		1.369625
2469		1.968836
2470		1.112820
2471		1.712031
2472		0.941617
2473		1.198422
2474		1.112820
2475		1.027219
2476		1.027219
2477		1.198422
2478		1.369625
2479		1.112820
2480		0.599211
2481		0.599211
2482		1.455227
2483		1.112820
2484		0.770414
2485		0.856016
2486		1.112820
2487		0.856016
2488		1.540828
2489		1.284023
2490		2.054437
2491		2.311242
2492		1.626430
2493		1.626430
2494		1.626430
2495		1.540828
2496		1.540828
2497		0.856016
2498		1.455227
2499		0.856016
2500		1.112820
2501		0.599211
2502		1.540828
2503		1.198422
2504		1.284023
2505		1.284023
2506		1.284023
2507		1.369625
2508		1.198422
2509		1.027219
2510		1.198422
2511		0.941617
2512		1.455227
2513		1.540828
2514		0.428008
2515		1.455227
2516		1.198422
2517		1.455227
2518		1.198422
2519		1.198422
2520		1.027219
2521		0.342406
2522		1.369625
2523		1.369625
2524		1.540828
2525		1.284023
2526		1.626430
2527		1.112820
2528		1.027219
2529		1.626430
2530		1.369625
2531		1.198422
2532		1.027219
2533		1.284023
2534		1.540828
2535		0.770414
2536		1.112820
2537		0.856016
2538		1.626430
2539		1.369625
2540		1.626430
2541		1.284023
2542		0.941617
2543		0.684812
2544		0.856016
2545		1.284023
2546		1.112820
2547		1.369625
2548		1.284023
2549		0.428008
2550		1.455227
2551		1.027219
2552		0.684812
2553		1.198422
2554		0.770414
2555		1.968836
2556		1.112820
2557		1.027219
2558		1.027219
2559		1.540828
2560		1.112820
2561		1.712031
2562		1.284023
2563		1.112820
2564		0.599211
2565		0.856016
2566		1.284023
2567		1.455227
2568		2.054437
2569		3.252859
2570		4.280078
2571		4.879289
2572		7.276133
2573		5.392899
2574		7.190531
2575		5.478500
2576		4.622484
2577		4.194477
2578		3.338461
2579		1.968836
2580		1.797633
2581		1.797633
2582		2.140039
2583		2.225641
2584		2.396844
2585		2.653648
2586		1.797633
2587		1.797633
2588		2.140039
2589		2.054437
2590		1.968836
2591		2.140039
2592		1.797633
2593		2.824852
2594		2.482445
2595		2.225641
2596		2.225641
2597		2.140039
2598		1.284023
2599		2.653648
2600		2.396844
2601		2.568047
2602		2.311242
2603		2.396844
2604		1.626430
2605		0.941617
2606		2.739250
2607		2.653648
2608		1.797633
2609		1.369625
2610		2.311242
2611		1.797633
2612		1.968836
2613		1.712031
2614		2.910453
2615		1.455227
2616		2.482445
2617		2.396844
2618		2.739250
2619		2.225641
2620		1.797633
2621		2.054437
2622		2.311242
2623		2.225641
2624		1.883234
2625		2.225641
2626		1.626430
2627		1.797633
2628		2.311242
2629		1.968836
2630		1.540828
2631		2.225641
2632		1.712031
2633		2.653648
2634		2.140039
2635		1.112820
2636		2.225641
2637		1.883234
2638		1.198422
2639		1.968836
2640		1.883234
2641		1.540828
2642		1.797633
2643		1.797633
2644		2.311242
2645		1.797633
2646		2.140039
2647		2.568047
2648		1.369625
2649		1.626430
2650		1.369625
2651		1.712031
2652		1.712031
2653		1.883234
2654		1.369625
2655		1.712031
2656		1.968836
2657		1.883234
2658		1.883234
2659		2.054437
2660		2.396844
2661		1.626430
2662		1.883234
2663		1.797633
2664		1.540828
2665		1.112820
2666		2.140039
2667		2.054437
2668		1.968836
2669		2.482445
2670		1.540828
2671		2.311242
2672		1.540828
2673		1.626430
2674		1.797633
2675		2.140039
2676		1.284023
2677		2.225641
2678		1.369625
2679		2.225641
2680		1.369625
2681		1.968836
2682		2.054437
2683		1.369625
2684		1.198422
2685		2.225641
2686		1.797633
2687		2.225641
2688		2.054437
2689		1.712031
2690		1.712031
2691		1.198422
2692		1.369625
2693		2.225641
2694		3.252859
2695		2.824852
2696		2.996055
2697		3.252859
2698		3.509664
2699		4.365680
2700		3.937672
2701		3.509664
2702		2.910453
2703		3.680867
2704		2.225641
2705		2.996055
2706		2.396844
2707		2.054437
2708		2.996055
2709		2.824852
2710		1.968836
2711		1.968836
2712		1.626430
2713		1.797633
2714		1.540828
2715		1.883234
2716		1.712031
2717		2.482445
2718		1.455227
2719		1.712031
2720		1.968836
2721		2.396844
2722		1.369625
2723		1.883234
2724		2.140039
2725		1.626430
2726		1.112820
2727		1.198422
2728		1.883234
2729		1.027219
2730		1.968836
2731		1.883234
2732		1.027219
2733		1.198422
2734		1.112820
2735		1.626430
2736		1.540828
2737		1.455227
2738		1.369625
2739		1.712031
2740		1.626430
2741		1.198422
2742		1.540828
2743		0.941617
2744		1.369625
2745		0.599211
2746		1.626430
2747		0.684812
2748		1.455227
2749		1.455227
2750		1.027219
2751		0.684812
2752		1.198422
2753		0.941617
2754		1.284023
2755		1.112820
2756		0.856016
2757		1.455227
2758		0.856016
2759		0.428008
2760		1.284023
2761		1.284023
2762		0.770414
2763		1.112820
2764		0.684812
2765		0.856016
2766		0.856016
2767		0.770414
2768		1.369625
2769		1.112820
2770		0.599211
2771		0.770414
2772		1.284023
2773		1.968836
2774		4.194477
2775		4.280078
2776		8.303351
2777		11.984219
2778		13.953054
2779		14.381063
2780		15.921890
2781		16.093094
2782		10.785797
2783		9.330570
2784		6.163312
2785		3.509664
2786		2.824852
2787		2.568047
2788		2.054437
2789		1.112820
2790		0.770414
2791		1.198422
2792		1.369625
2793		1.455227
2794		1.369625
2795		0.770414
2796		0.770414
2797		1.369625
2798		1.712031
2799		1.369625
2800		1.455227
2801		1.027219
2802		1.455227
2803		1.112820
2804		1.369625
2805		1.712031
2806		0.941617
2807		1.712031
2808		1.540828
2809		1.112820
2810		1.284023
2811		0.770414
2812		0.941617
2813		1.284023
2814		0.941617
2815		1.284023
2816		1.284023
2817		1.198422
2818		1.198422
2819		1.369625
2820		1.540828
2821		1.284023
2822		0.941617
2823		1.027219
2824		1.797633
2825		1.284023
2826		1.284023
2827		1.369625
2828		0.856016
2829		1.198422
2830		1.712031
2831		0.599211
2832		1.198422
2833		0.941617
2834		1.027219
2835		1.027219
2836		1.112820
2837		1.027219
2838		0.599211
2839		1.198422
2840		0.770414
2841		0.941617
2842		0.941617
2843		0.256805
2844		0.684812
2845		0.684812
2846		0.684812
2847		0.428008
2848		0.428008
2849		0.171203
2850		0.770414
2851		0.000000
2852		0.256805
2853		0.342406
2854		0.171203
2855		0.000000
2856		0.256805
2857		0.000000
2858		0.085602
2859		0.085602
2860		0.256805
2861		0.000000
2862		0.000000
2863		0.085602
2864		0.085602
2865		0.000000
2866		0.000000
2867		0.000000
2868		0.000000
2869		0.000000
2870		0.000000
2871		0.000000
2872		0.000000
2873		0.000000
2874		0.000000
2875		0.000000
2876		0.000000
2877		0.085602
2878		0.000000
2879		0.000000
2880		0.000000
2881		0.000000
2882		0.000000
2883		0.000000
2884		0.000000
2885		0.000000
2886		0.000000
2887		0.000000
2888		0.000000
2889		0.000000
2890		0.000000
2891		0.000000
2892		0.000000
2893		0.000000
2894		0.000000
2895		0.000000
2896		0.000000
2897		0.000000
2898		0.000000
2899		0.000000
2900		0.000000
2901		0.000000
2902		0.000000
2903		0.000000
2904		0.000000
2905		0.000000
2906		0.000000
2907		0.000000
2908		0.000000
2909		0.000000
2910		0.000000
2911		0.000000
2912		0.000000
2913		0.000000
2914		0.000000
2915		0.000000
2916		0.000000
2917		0.000000
2918		0.000000
2919		0.000000
2920		0.000000
2921		0.000000
2922		0.000000
2923		0.000000
2924		0.000000
2925		0.000000
2926		0.000000
2927		0.000000
2928		0.000000
2929		0.000000
2930		0.000000
2931		0.000000
2932		0.000000
2933		0.000000
2934		0.000000
2935		0.000000
2936		0.000000
2937		0.000000
2938		0.000000
2939		0.000000
2940		0.000000
2941		0.000000
2942		0.000000
2943		0.000000
2944		0.000000
2945		0.000000
2946		0.000000
2947		0.000000
2948		0.000000
2949		0.000000
2950		0.000000
2951		0.000000
2952		0.000000
2953		0.000000
2954		0.000000
2955		0.000000
2956		0.000000
2957		0.000000
2958		0.000000
2959		0.000000
2960		0.000000
2961		0.000000
2962		0.000000
2963		0.000000
2964		0.000000
2965		0.000000
2966		0.000000
2967		0.000000
2968		0.000000
2969		0.000000
2970		0.000000
2971		0.000000
2972		0.000000
2973		0.000000
2974		0.000000
2975		0.000000
2976		0.000000
2977		0.000000
2978		0.000000
2979		0.000000
2980		0.000000
2981		0.000000
2982		0.000000
2983		0.000000
2984		0.000000
2985		0.000000
2986		0.000000
2987		0.000000
2988		0.000000
2989		0.000000
2990		0.000000
2991		0.000000
2992		0.000000
2993		0.000000
2994		0.000000
2995		0.000000
2996		0.000000
2997		0.000000
2998		0.000000
2999		0.000000
3000		0.000000
3001		0.000000
3002		0.000000
3003		0.000000
3004		0.000000
3005		0.000000
3006		0.000000
3007		0.000000
3008		0.000000
3009		0.000000
3010		0.000000
3011		0.000000
3012		0.000000
3013		0.000000
3014		0.000000
3015		0.000000
3016		0.000000
3017		0.000000
3018		0.000000
3019		0.000000
3020		0.000000
3021		0.000000
3022		0.000000
3023		0.000000
3024		0.000000
3025		0.000000
3026		0.000000
3027		0.000000
3028		0.000000
3029		0.000000
3030		0.000000
3031		0.000000
3032		0.000000
3033		0.000000
3034		0.000000
3035		0.000000
3036		0.000000
3037		0.000000
3038		0.000000
3039		0.000000
3040		0.000000
3041		0.000000
3042		0.000000
3043		0.000000
3044		0.000000
3045		0.000000
3046		0.000000
3047		0.000000
3048		0.000000
3049		0.000000
3050		0.000000
3051		0.000000
3052		0.000000
3053		0.000000
3054		0.000000
3055		0.000000
3056		0.000000
3057		0.000000
3058		0.000000
3059		0.000000
3060		0.000000
3061		0.000000
3062		0.000000
3063		0.000000
3064		0.000000
3065		0.000000
3066		0.000000
3067		0.000000
3068		0.000000
3069		0.000000
3070		0.000000
3071		0.000000
3072		0.000000
3073		0.000000
3074		0.000000
3075		0.000000
3076		0.000000
3077		0.000000
3078		0.000000
3079		0.000000
3080		0.000000
3081		0.000000
3082		0.000000
3083		0.000000
3084		0.000000
3085		0.000000
3086		0.000000
3087		0.000000
3088		0.000000
3089		0.000000
3090		0.000000
3091		0.000000
3092		0.000000
3093		0.000000
3094		0.000000
3095		0.000000
3096		0.000000
3097		0.000000
3098		0.000000
3099		0.000000
3100		0.000000
3101		0.000000
3102		0.000000
3103		0.000000
3104		0.000000
3105		0.000000
3106		0.000000
3107		0.000000
3108		0.000000
3109		0.000000
3110		0.000000
3111		0.000000
3112		0.000000
3113		0.000000
3114		0.000000
3115		0.000000
3116		0.000000
3117		0.000000
3118		0.000000
3119		0.000000
3120		0.000000
3121		0.000000
3122		0.000000
3123		0.000000
3124		0.000000
3125		0.000000
3126		0.000000
3127		0.000000
3128		0.000000
3129		0.000000
3130		0.000000
3131		0.000000
3132		0.000000
3133		0.000000
3134		0.000000
3135		0.000000
3136		0.000000
3137		0.000000
3138		0.000000
3139		0.000000
3140		0.000000
3141		0.000000
3142		0.000000
3143		0.000000
3144		0.000000
3145		0.000000
3146		0.000000
3147		0.000000
3148		0.000000
3149		0.000000
3150		0.000000
3151		0.000000
3152		0.000000
3153		0.000000
3154		0.000000
3155		0.000000
3156		0.000000
3157		0.000000
3158		0.000000
3159		0.000000
3160		0.000000
3161		0.000000
3162		0.000000
3163		0.000000
3164		0.000000
3165		0.000000
3166		0.000000
3167		0.000000
3168		0.000000
3169		0.000000
3170		0.000000
3171		0.000000
3172		0.000000
3173		0.000000
3174		0.000000
3175		0.000000
3176		0.000000
3177		0.000000
3178		0.000000
3179		0.000000
3180		0.000000
3181		0.000000
3182		0.000000
3183		0.000000
3184		0.000000
3185		0.000000
3186		0.000000
3187		0.000000
3188		0.000000
3189		0.000000
3190		0.000000
3191		0.000000
3192		0.000000
3193		0.000000
3194		0.000000
3195		0.000000
3196		0.000000
3197		0.000000
3198		0.000000
3199		0.000000
3200		0.000000
3201		0.000000
3202		0.000000
3203		0.000000
3204		0.000000
3205		0.000000
3206		0.000000
3207		0.000000
3208		0.000000
3209		0.000000
3210		0.000000
3211		0.000000
3212		0.000000
3213		0.000000
3214		0.000000
3215		0.000000
3216		0.000000
3217		0.000000
3218		0.000000
3219		0.000000
3220		0.000000
3221		0.000000
3222		0.000000
3223		0.000000
3224		0.000000
3225		0.000000
3226		0.000000
3227		0.000000
3228		0.000000
3229		0.000000
3230		0.000000
3231		0.000000
3232		0.000000
3233		0.000000
3234		0.000000
3235		0.000000
3236		0.000000
3237		0.000000
3238		0.000000
3239		0.000000
3240		0.000000
3241		0.000000
3242		0.000000
3243		0.000000
3244		0.000000
3245		0.000000
3246		0.000000
3247		0.000000
3248		0.000000
3249		0.000000
3250		0.000000
3251		0.000000
3252		0.000000
3253		0.000000
3254		0.000000
3255		0.000000
3256		0.000000
3257		0.000000
3258		0.000000
3259		0.000000
3260		0.000000
3261		0.000000
3262		0.000000
3263		0.000000
3264		0.000000
3265		0.000000
3266		0.000000
3267		0.000000
3268		0.000000
3269		0.000000
3270		0.000000
3271		0.000000
3272		0.000000
3273		0.000000
3274		0.000000
3275		0.000000
3276		0.000000
3277		0.000000
3278		0.000000
3279		0.000000
3280		0.000000
3281		0.000000
3282		0.000000
3283		0.000000
3284		0.000000
3285		0.000000
3286		0.000000
3287		0.000000
3288		0.000000
3289		0.000000
3290		0.000000
3291		0.000000
3292		0.000000
3293		0.000000
3294		0.000000
3295		0.000000
3296		0.000000
3297		0.000000
3298		0.000000
3299		0.000000
3300		0.000000
3301		0.000000
3302		0.000000
3303		0.000000
3304		0.000000
3305		0.000000
3306		0.000000
3307		0.000000
3308		0.000000
3309		0.000000
3310		0.000000
3311		0.000000
3312		0.000000
3313		0.000000
3314		0.000000
3315		0.000000
3316		0.000000
3317		0.000000
3318		0.000000
3319		0.000000
3320		0.000000
3321		0.000000
3322		0.000000
3323		0.000000
3324		0.000000
3325		0.000000
3326		0.000000
3327		0.000000
3328		0.000000
3329		0.000000
3330		0.000000
3331		0.000000
3332		0.000000
3333		0.000000
3334		0.000000
3335		0.000000
3336		0.000000
3337		0.000000
3338		0.000000
3339		0.000000
3340		0.000000
3341		0.000000
3342		0.000000
3343		0.000000
3344		0.000000
3345		0.000000
3346		0.000000
3347		0.000000
3348		0.000000
3349		0.000000
3350		0.000000
3351		0.000000
3352		0.000000
3353		0.000000
3354		0.000000
3355		0.000000
3356		0.000000
3357		0.000000
3358		0.000000
3359		0.000000
3360		0.000000
3361		0.000000
3362		0.000000
3363		0.000000
3364		0.000000
3365		0.000000
3366		0.000000
3367		0.000000
3368		0.000000
3369		0.000000
3370		0.000000
3371		0.000000
3372		0.000000
3373		0.000000
3374		0.000000
3375		0.000000
3376		0.000000
3377		0.000000
3378		0.000000
3379		0.000000
3380		0.000000
3381		0.000000
3382		0.000000
3383		0.000000
3384		0.000000
3385		0.000000
3386		0.000000
3387		0.000000
3388		0.000000
3389		0.000000
3390		0.000000
3391		0.000000
3392		0.000000
3393		0.000000
3394		0.000000
3395		0.000000
3396		0.000000
3397		0.000000
3398		0.000000
3399		0.000000
3400		0.000000
3401		0.000000
3402		0.000000
3403		0.000000
3404		0.000000
3405		0.000000
3406		0.000000
3407		0.000000
3408		0.000000
3409		0.000000
3410		0.000000
3411		0.000000
3412		0.000000
3413		0.000000
3414		0.000000
3415		0.000000
3416		0.000000
3417		0.000000
3418		0.000000
3419		0.000000
3420		0.000000
3421		0.000000
3422		0.000000
3423		0.000000
3424		0.000000
3425		0.000000
3426		0.000000
3427		0.000000
3428		0.000000
3429		0.000000
3430		0.000000
3431		0.000000
3432		0.000000
3433		0.000000
3434		0.000000
3435		0.000000
3436		0.000000
3437		0.000000
3438		0.000000
3439		0.000000
3440		0.000000
3441		0.000000
3442		0.000000
3443		0.000000
3444		0.000000
3445		0.000000
3446		0.000000
3447		0.000000
3448		0.000000
3449		0.000000
3450		0.000000
3451		0.000000
3452		0.000000
3453		0.000000
3454		0.000000
3455		0.000000
3456		0.000000
3457		0.000000
3458		0.000000
3459		0.000000
3460		0.000000
3461		0.000000
3462		0.000000
3463		0.000000
3464		0.000000
3465		0.000000
3466		0.000000
3467		0.000000
3468		0.000000
3469		0.000000
3470		0.000000
3471		0.000000
3472		0.000000
3473		0.000000
3474		0.000000
3475		0.000000
3476		0.000000
3477		0.000000
3478		0.000000
3479		0.000000
3480		0.000000
3481		0.000000
3482		0.000000
3483		0.000000
3484		0.000000
3485		0.000000
3486		0.000000
3487		0.000000
3488		0.000000
3489		0.000000
3490		0.000000
3491		0.000000
3492		0.000000
3493		0.000000
3494		0.000000
3495		0.000000
3496		0.000000
3497		0.000000
3498		0.000000
3499		0.000000
3500		0.000000
3501		0.000000
3502		0.000000
3503		0.000000
3504		0.000000
3505		0.000000
3506		0.000000
3507		0.000000
3508		0.000000
3509		0.000000
3510		0.000000
3511		0.000000
3512		0.000000
3513		0.000000
3514		0.000000
3515		0.000000
3516		0.000000
3517		0.000000
3518		0.000000
3519		0.000000
3520		0.000000
3521		0.000000
3522		0.000000
3523		0.000000
3524		0.000000
3525		0.000000
3526		0.000000
3527		0.000000
3528		0.000000
3529		0.000000
3530		0.000000
3531		0.000000
3532		0.000000
3533		0.000000
3534		0.000000
3535		0.000000
3536		0.000000
3537		0.000000
3538		0.000000
3539		0.000000
3540		0.000000
3541		0.000000
3542		0.000000
3543		0.000000
3544		0.000000
3545		0.000000
3546		0.000000
3547		0.000000
3548		0.000000
3549		0.000000
3550		0.000000
3551		0.000000
3552		0.000000
3553		0.000000
3554		0.000000
3555		0.000000
3556		0.000000
3557		0.000000
3558		0.000000
3559		0.000000
3560		0.000000
3561		0.000000
3562		0.000000
3563		0.000000
3564		0.000000
3565		0.000000
3566		0.000000
3567		0.000000
3568		0.000000
3569		0.000000
3570		0.000000
3571		0.000000
3572		0.000000
3573		0.000000
3574		0.000000
3575		0.000000
3576		0.000000
3577		0.000000
3578		0.000000
3579		0.000000
3580		0.000000
3581		0.000000
3582		0.000000
3583		0.000000
3584		0.000000
3585		0.000000
3586		0.000000
3587		0.000000
3588		0.000000
3589		0.000000
3590		0.000000
3591		0.000000
3592		0.000000
3593		0.000000
3594		0.000000
3595		0.000000
3596		0.000000
3597		0.000000
3598		0.000000
3599		0.000000
3600		0.000000
3601		0.000000
3602		0.000000
3603		0.000000
3604		0.000000
3605		0.000000
3606		0.000000
3607		0.000000
3608		0.000000
3609		0.000000
3610		0.000000
3611		0.000000
3612		0.000000
3613		0.000000
3614		0.000000
3615		0.000000
3616		0.000000
3617		0.000000
3618		0.000000
3619		0.000000
3620		0.000000
3621		0.000000
3622		0.000000
3623		0.000000
3624		0.000000
3625		0.000000
3626		0.000000
3627		0.000000
3628		0.000000
3629		0.000000
3630		0.000000
3631		0.000000
3632		0.000000
3633		0.000000
3634		0.000000
3635		0.000000
3636		0.000000
3637		0.000000
3638		0.000000
3639		0.000000
3640		0.000000
3641		0.000000
3642		0.000000
3643		0.000000
3644		0.000000
3645		0.000000
3646		0.000000
3647		0.000000
3648		0.000000
3649		0.000000
3650		0.000000
3651		0.000000
3652		0.000000
3653		0.000000
3654		0.000000
3655		0.000000
3656		0.000000
3657		0.000000
3658		0.000000
3659		0.000000
3660		0.000000
3661		0.000000
3662		0.000000
3663		0.000000
3664		0.000000
3665		0.000000
3666		0.000000
3667		0.000000
3668		0.000000
3669		0.000000
3670		0.000000
3671		0.000000
3672		0.000000
3673		0.000000
3674		0.000000
3675		0.000000
3676		0.000000
3677		0.000000
3678		0.000000
3679		0.000000
3680		0.000000
3681		0.000000
3682		0.000000
3683		0.000000
3684		0.000000
3685		0.000000
3686		0.000000
3687		0.000000
3688		0.000000
3689		0.000000
3690		0.000000
3691		0.000000
3692		0.000000
3693		0.000000
3694		0.000000
3695		0.000000
3696		0.000000
3697		0.000000
3698		0.000000
3699		0.000000
3700		0.000000
3701		0.000000
3702		0.000000
3703		0.000000
3704		0.000000
3705		0.000000
3706		0.000000
3707		0.000000
3708		0.000000
3709		0.000000
3710		0.000000
3711		0.000000
3712		0.000000
3713		0.000000
3714		0.000000
3715		0.000000
3716		0.000000
3717		0.000000
3718		0.000000
3719		0.000000
3720		0.000000
3721		0.000000
3722		0.000000
3723		0.000000
3724		0.000000
3725		0.000000
3726		0.000000
3727		0.000000
3728		0.000000
3729		0.000000
3730		0.000000
3731		0.000000
3732		0.000000
3733		0.000000
3734		0.000000
3735		0.000000
3736		0.000000
3737		0.000000
3738		0.000000
3739		0.000000
3740		0.000000
3741		0.000000
3742		0.000000
3743		0.000000
3744		0.000000
3745		0.000000
3746		0.000000
3747		0.000000
3748		0.000000
3749		0.000000
3750		0.000000
3751		0.000000
3752		0.000000
3753		0.000000
3754		0.000000
3755		0.000000
3756		0.000000
3757		0.000000
3758		0.000000
3759		0.000000
3760		0.000000
3761		0.000000
3762		0.000000
3763		0.000000
3764		0.000000
3765		0.000000
3766		0.000000
3767		0.000000
3768		0.000000
3769		0.000000
3770		0.000000
3771		0.000000
3772		0.000000
3773		0.000000
3774		0.000000
3775		0.000000
3776		0.000000
3777		0.000000
3778		0.000000
3779		0.000000
3780		0.000000
3781		0.000000
3782		0.000000
3783		0.000000
3784		0.000000
3785		0.000000
3786		0.000000
3787		0.000000
3788		0.000000
3789		0.000000
3790		0.000000
3791		0.000000
3792		0.000000
3793		0.000000
3794		0.000000
3795		0.000000
3796		0.000000
3797		0.000000
3798		0.000000
3799		0.000000
3800		0.000000
3801		0.000000
3802		0.000000
3803		0.000000
3804		0.000000
3805		0.000000
3806		0.000000
3807		0.000000
3808		0.000000
3809		0.000000
3810		0.000000
3811		0.000000
3812		0.000000
3813		0.000000
3814		0.000000
3815		0.000000
3816		0.000000
3817		0.000000
3818		0.000000
3819		0.000000
3820		0.000000
3821		0.000000
3822		0.000000
3823		0.000000
3824		0.000000
3825		0.000000
3826		0.000000
3827		0.000000
3828		0.000000
3829		0.000000
3830		0.000000
3831		0.000000
3832		0.000000
3833		0.000000
3834		0.000000
3835		0.000000
3836		0.000000
3837		0.000000
3838		0.000000
3839		0.000000
3840		0.000000
3841		0.000000
3842		0.000000
3843		0.000000
3844		0.000000
3845		0.000000
3846		0.000000
3847		0.000000
3848		0.000000
3849		0.000000
3850		0.000000
3851		0.000000
3852		0.000000
3853		0.000000
3854		0.000000
3855		0.000000
3856		0.000000
3857		0.000000
3858		0.000000
3859		0.000000
3860		0.000000
3861		0.000000
3862		0.000000
3863		0.000000
3864		0.000000
3865		0.000000
3866		0.000000
3867		0.000000
3868		0.000000
3869		0.000000
3870		0.000000
3871		0.000000
3872		0.000000
3873		0.000000
3874		0.000000
3875		0.000000
3876		0.000000
3877		0.000000
3878		0.000000
3879		0.000000
3880		0.000000
3881		0.000000
3882		0.000000
3883		0.000000
3884		0.000000
3885		0.000000
3886		0.000000
3887		0.000000
3888		0.000000
3889		0.000000
3890		0.000000
3891		0.000000
3892		0.000000
3893		0.000000
3894		0.000000
3895		0.000000
3896		0.000000
3897		0.000000
3898		0.000000
3899		0.000000
3900		0.000000
3901		0.000000
3902		0.000000
3903		0.000000
3904		0.000000
3905		0.000000
3906		0.000000
3907		0.000000
3908		0.000000
3909		0.000000
3910		0.000000
3911		0.000000
3912		0.000000
3913		0.000000
3914		0.000000
3915		0.000000
3916		0.000000
3917		0.000000
3918		0.000000
3919		0.000000
3920		0.000000
3921		0.000000
3922		0.000000
3923		0.000000
3924		0.000000
3925		0.000000
3926		0.000000
3927		0.000000
3928		0.000000
3929		0.000000
3930		0.000000
3931		0.000000
3932		0.000000
3933		0.000000
3934		0.000000
3935		0.000000
3936		0.000000
3937		0.000000
3938		0.000000
3939		0.000000
3940		0.000000
3941		0.000000
3942		0.000000
3943		0.000000
3944		0.000000
3945		0.000000
3946		0.000000
3947		0.000000
3948		0.000000
3949		0.000000
3950		0.000000
3951		0.000000
3952		0.000000
3953		0.000000
3954		0.000000
3955		0.000000
3956		0.000000
3957		0.000000
3958		0.000000
3959		0.000000
3960		0.000000
3961		0.000000
3962		0.000000
3963		0.000000
3964		0.000000
3965		0.000000
3966		0.000000
3967		0.000000
3968		0.000000
3969		0.000000
3970		0.000000
3971		0.000000
3972		0.000000
3973		0.000000
3974		0.000000
3975		0.000000
3976		0.000000
3977		0.000000
3978		0.000000
3979		0.000000
3980		0.000000
3981		0.000000
3982		0.000000
3983		0.000000
3984		0.000000
3985		0.000000
3986		0.000000
3987		0.000000
3988		0.000000
3989		0.000000
3990		0.000000
3991		0.000000
3992		0.000000
3993		0.000000
3994		0.000000
3995		0.000000
3996		0.000000
3997		0.000000
3998		0.000000
3999		0.000000
4000		0.000000
4001		0.000000
4002		0.000000
4003		0.000000
4004		0.000000
4005		0.000000
4006		0.000000
4007		0.000000
4008		0.000000
4009		0.000000
4010		0.000000
4011		0.000000
4012		0.000000
4013		0.000000
4014		0.000000
4015		0.000000
4016		0.000000
4017		0.000000
4018		0.000000
4019		0.000000
4020		0.000000
4021		0.000000
4022		0.000000
4023		0.000000
4024		0.000000
4025		0.000000
4026		0.000000
4027		0.000000
4028		0.000000
4029		0.000000
4030		0.000000
4031		0.000000
4032		0.000000
4033		0.000000
4034		0.000000
4035		0.000000
4036		0.000000
4037		0.000000
4038		0.000000
4039		0.000000
4040		0.000000
4041		0.000000
4042		0.000000
4043		0.000000
4044		0.000000
4045		0.000000
4046		0.000000
4047		0.000000
4048		0.000000
4049		0.000000
4050		0.000000
4051		0.000000
4052		0.000000
4053		0.000000
4054		0.000000
4055		0.000000
4056		0.000000
4057		0.000000
4058		0.000000
4059		0.000000
4060		0.000000
4061		0.000000
4062		0.000000
4063		0.000000
4064		0.000000
4065		0.000000
4066		0.000000
4067		0.000000
4068		0.000000
4069		0.000000
4070		0.000000
4071		0.000000
4072		0.000000
4073		0.000000
4074		0.000000
4075		0.000000
4076		0.000000
4077		0.000000
4078		0.000000
4079		0.000000
4080		0.000000
4081		0.000000
4082		0.000000
4083		0.000000
4084		0.000000
4085		0.000000
4086		0.000000
4087		0.000000
4088		0.000000
4089		0.000000
4090		0.000000
4091		0.000000
4092		0.000000
4093		0.000000
4094		0.000000
4095		0.000000
