0		0.000000
1		0.000000
2		0.000000
3		0.000000
4		0.000000
5		0.000000
6		0.000000
7		0.000000
8		0.000000
9		0.000000
10		0.000000
11		0.000000
12		0.000000
13		0.000000
14		0.000000
15		0.000000
16		0.000000
17		0.000000
18		0.000000
19		0.000000
20		0.000000
21		0.000000
22		0.000000
23		0.000000
24		0.000000
25		0.000000
26		0.000000
27		0.000000
28		0.000000
29		0.000000
30		0.000000
31		0.000000
32		0.000000
33		0.000000
34		0.000000
35		0.000000
36		0.000000
37		0.000000
38		0.000000
39		0.000000
40		0.000000
41		0.000000
42		0.000000
43		0.000000
44		0.000000
45		0.000000
46		0.000000
47		0.000000
48		0.000000
49		0.000000
50		0.000000
51		0.000000
52		0.000000
53		0.000000
54		0.000000
55		0.000000
56		0.000000
57		0.000000
58		0.000000
59		0.000000
60		0.000000
61		0.000000
62		0.000000
63		0.000000
64		0.000000
65		0.000000
66		0.000000
67		0.000000
68		0.000000
69		0.000000
70		0.000000
71		0.000000
72		0.000000
73		0.000000
74		0.000000
75		0.000000
76		0.000000
77		0.000000
78		0.000000
79		0.000000
80		0.000000
81		0.000000
82		0.000000
83		0.000000
84		0.000000
85		0.000000
86		0.000000
87		0.000000
88		0.000000
89		0.000000
90		0.000000
91		0.000000
92		0.000000
93		0.000000
94		0.000000
95		0.000000
96		0.000000
97		0.000000
98		0.000000
99		0.000000
100		0.000000
101		0.000000
102		0.000000
103		0.000000
104		0.000000
105		0.000000
106		0.000000
107		0.000000
108		0.000000
109		0.000000
110		0.000000
111		0.000000
112		0.000000
113		0.000000
114		0.000000
115		0.000000
116		0.000000
117		0.000000
118		0.000000
119		0.000000
120		0.000000
121		0.000000
122		0.000000
123		0.000000
124		0.000000
125		0.000000
126		0.000000
127		0.000000
128		0.000000
129		0.000000
130		0.000000
131		0.000000
132		0.000000
133		0.000000
134		0.000000
135		0.000000
136		0.000000
137		0.000000
138		0.000000
139		0.000000
140		0.000000
141		0.000000
142		0.000000
143		0.000000
144		0.000000
145		0.000000
146		0.000000
147		0.000000
148		0.000000
149		0.000000
150		0.000000
151		0.000000
152		0.000000
153		0.000000
154		0.000000
155		0.000000
156		0.000000
157		0.000000
158		0.000000
159		0.000000
160		0.000000
161		0.000000
162		0.000000
163		0.000000
164		0.000000
165		0.000000
166		0.000000
167		0.000000
168		0.000000
169		0.000000
170		0.000000
171		0.000000
172		0.000000
173		0.000000
174		0.000000
175		0.000000
176		0.000000
177		150.414322
178		205.110443
179		246.132538
180		136.740295
181		205.110443
182		218.784470
183		191.436417
184		123.066269
185		205.110443
186		164.088348
187		259.806549
188		191.436417
189		314.502686
190		191.436417
191		164.088348
192		232.458496
193		246.132538
194		369.198792
195		232.458496
196		341.850739
197		273.480591
198		273.480591
199		273.480591
200		218.784470
201		273.480591
202		369.198792
203		232.458496
204		259.806549
205		410.220886
206		273.480591
207		369.198792
208		341.850739
209		328.176697
210		218.784470
211		246.132538
212		314.502686
213		423.894928
214		451.242981
215		423.894928
216		314.502686
217		355.524780
218		314.502686
219		437.568939
220		478.591034
221		587.983276
222		464.916992
223		314.502686
224		287.154633
225		382.872833
226		437.568939
227		396.546844
228		492.265076
229		464.916992
230		437.568939
231		369.198792
232		300.828644
233		396.546844
234		464.916992
235		423.894928
236		519.613098
237		287.154633
238		355.524780
239		423.894928
240		560.635193
241		492.265076
242		451.242981
243		451.242981
244		273.480591
245		437.568939
246		328.176697
247		287.154633
248		328.176697
249		533.287170
250		369.198792
251		437.568939
252		314.502686
253		314.502686
254		259.806549
255		300.828644
256		328.176697
257		423.894928
258		410.220886
259		328.176697
260		382.872833
261		287.154633
262		369.198792
263		437.568939
264		355.524780
265		341.850739
266		314.502686
267		314.502686
268		328.176697
269		533.287170
270		423.894928
271		355.524780
272		451.242981
273		341.850739
274		300.828644
275		355.524780
276		259.806549
277		246.132538
278		232.458496
279		478.591034
280		423.894928
281		355.524780
282		410.220886
283		437.568939
284		259.806549
285		328.176697
286		369.198792
287		328.176697
288		396.546844
289		273.480591
290		369.198792
291		300.828644
292		287.154633
293		273.480591
294		205.110443
295		369.198792
296		314.502686
297		232.458496
298		328.176697
299		300.828644
300		177.762390
301		191.436417
302		177.762390
303		314.502686
304		300.828644
305		314.502686
306		246.132538
307		287.154633
308		287.154633
309		300.828644
310		300.828644
311		287.154633
312		382.872833
313		273.480591
314		410.220886
315		546.961182
316		3062.982666
317		2488.673340
318		423.894928
319		273.480591
320		218.784470
321		205.110443
322		164.088348
323		205.110443
324		246.132538
325		300.828644
326		273.480591
327		287.154633
328		273.480591
329		218.784470
330		232.458496
331		150.414322
332		218.784470
333		164.088348
334		177.762390
335		205.110443
336		232.458496
337		205.110443
338		300.828644
339		218.784470
340		218.784470
341		164.088348
342		259.806549
343		287.154633
344		136.740295
345		300.828644
346		355.524780
347		150.414322
348		205.110443
349		259.806549
350		232.458496
351		218.784470
352		246.132538
353		164.088348
354		150.414322
355		287.154633
356		191.436417
357		191.436417
358		136.740295
359		218.784470
360		177.762390
361		218.784470
362		218.784470
363		314.502686
364		136.740295
365		177.762390
366		205.110443
367		246.132538
368		259.806549
369		191.436417
370		218.784470
371		273.480591
372		136.740295
373		205.110443
374		136.740295
375		177.762390
376		218.784470
377		218.784470
378		205.110443
379		150.414322
380		164.088348
381		150.414322
382		123.066269
383		150.414322
384		123.066269
385		177.762390
386		177.762390
387		109.392235
388		109.392235
389		218.784470
390		150.414322
391		164.088348
392		109.392235
393		191.436417
394		136.740295
395		150.414322
396		232.458496
397		95.718208
398		177.762390
399		164.088348
400		109.392235
401		218.784470
402		123.066269
403		259.806549
404		205.110443
405		109.392235
406		164.088348
407		82.044174
408		164.088348
409		150.414322
410		109.392235
411		177.762390
412		191.436417
413		232.458496
414		123.066269
415		54.696117
416		136.740295
417		109.392235
418		205.110443
419		177.762390
420		95.718208
421		82.044174
422		177.762390
423		150.414322
424		123.066269
425		191.436417
426		95.718208
427		191.436417
428		150.414322
429		123.066269
430		136.740295
431		123.066269
432		191.436417
433		41.022087
434		177.762390
435		82.044174
436		177.762390
437		232.458496
438		177.762390
439		123.066269
440		109.392235
441		109.392235
442		109.392235
443		95.718208
444		150.414322
445		150.414322
446		164.088348
447		68.370148
448		164.088348
449		136.740295
450		68.370148
451		54.696117
452		150.414322
453		136.740295
454		95.718208
455		136.740295
456		95.718208
457		150.414322
458		109.392235
459		164.088348
460		82.044174
461		177.762390
462		164.088348
463		123.066269
464		68.370148
465		54.696117
466		150.414322
467		205.110443
468		259.806549
469		109.392235
470		136.740295
471		164.088348
472		68.370148
473		123.066269
474		95.718208
475		150.414322
476		150.414322
477		191.436417
478		109.392235
479		123.066269
480		232.458496
481		109.392235
482		205.110443
483		109.392235
484		123.066269
485		150.414322
486		246.132538
487		95.718208
488		191.436417
489		68.370148
490		191.436417
491		82.044174
492		109.392235
493		123.066269
494		109.392235
495		123.066269
496		164.088348
497		109.392235
498		123.066269
499		109.392235
500		82.044174
501		68.370148
502		109.392235
503		123.066269
504		177.762390
505		82.044174
506		164.088348
507		123.066269
508		191.436417
509		136.740295
510		68.370148
511		136.740295
512		123.066269
513		177.762390
514		150.414322
515		136.740295
516		95.718208
517		136.740295
518		82.044174
519		123.066269
520		82.044174
521		27.348059
522		136.740295
523		68.370148
524		54.696117
525		68.370148
526		136.740295
527		68.370148
528		68.370148
529		68.370148
530		95.718208
531		82.044174
532		123.066269
533		164.088348
534		191.436417
535		177.762390
536		95.718208
537		123.066269
538		68.370148
539		95.718208
540		218.784470
541		136.740295
542		109.392235
543		41.022087
544		123.066269
545		82.044174
546		109.392235
547		54.696117
548		54.696117
549		123.066269
550		68.370148
551		109.392235
552		109.392235
553		136.740295
554		150.414322
555		95.718208
556		150.414322
557		68.370148
558		150.414322
559		41.022087
560		82.044174
561		109.392235
562		82.044174
563		95.718208
564		150.414322
565		136.740295
566		177.762390
567		68.370148
568		68.370148
569		54.696117
570		54.696117
571		95.718208
572		164.088348
573		54.696117
574		95.718208
575		95.718208
576		150.414322
577		54.696117
578		68.370148
579		95.718208
580		68.370148
581		164.088348
582		82.044174
583		68.370148
584		109.392235
585		218.784470
586		82.044174
587		54.696117
588		123.066269
589		68.370148
590		150.414322
591		95.718208
592		109.392235
593		27.348059
594		68.370148
595		164.088348
596		150.414322
597		150.414322
598		109.392235
599		41.022087
600		150.414322
601		54.696117
602		27.348059
603		82.044174
604		123.066269
605		82.044174
606		177.762390
607		205.110443
608		123.066269
609		54.696117
610		191.436417
611		95.718208
612		123.066269
613		68.370148
614		164.088348
615		41.022087
616		41.022087
617		54.696117
618		82.044174
619		82.044174
620		82.044174
621		41.022087
622		95.718208
623		95.718208
624		82.044174
625		123.066269
626		68.370148
627		95.718208
628		150.414322
629		95.718208
630		68.370148
631		82.044174
632		95.718208
633		164.088348
634		109.392235
635		150.414322
636		164.088348
637		68.370148
638		82.044174
639		150.414322
640		164.088348
641		54.696117
642		27.348059
643		82.044174
644		123.066269
645		82.044174
646		54.696117
647		109.392235
648		41.022087
649		41.022087
650		54.696117
651		54.696117
652		136.740295
653		109.392235
654		27.348059
655		68.370148
656		82.044174
657		54.696117
658		68.370148
659		68.370148
660		54.696117
661		41.022087
662		136.740295
663		164.088348
664		95.718208
665		82.044174
666		68.370148
667		54.696117
668		54.696117
669		68.370148
670		136.740295
671		54.696117
672		82.044174
673		82.044174
674		13.674029
675		54.696117
676		27.348059
677		27.348059
678		95.718208
679		68.370148
680		41.022087
681		68.370148
682		123.066269
683		95.718208
684		54.696117
685		95.718208
686		41.022087
687		54.696117
688		82.044174
689		54.696117
690		82.044174
691		95.718208
692		68.370148
693		54.696117
694		123.066269
695		68.370148
696		27.348059
697		95.718208
698		27.348059
699		82.044174
700		68.370148
701		41.022087
702		68.370148
703		54.696117
704		41.022087
705		68.370148
706		68.370148
707		54.696117
708		82.044174
709		13.674029
710		54.696117
711		136.740295
712		54.696117
713		109.392235
714		68.370148
715		54.696117
716		136.740295
717		123.066269
718		177.762390
719		109.392235
720		123.066269
721		27.348059
722		13.674029
723		68.370148
724		95.718208
725		54.696117
726		109.392235
727		82.044174
728		41.022087
729		13.674029
730		82.044174
731		82.044174
732		123.066269
733		68.370148
734		95.718208
735		95.718208
736		68.370148
737		150.414322
738		68.370148
739		95.718208
740		54.696117
741		109.392235
742		41.022087
743		27.348059
744		27.348059
745		54.696117
746		54.696117
747		54.696117
748		68.370148
749		68.370148
750		13.674029
751		123.066269
752		82.044174
753		54.696117
754		54.696117
755		95.718208
756		82.044174
757		54.696117
758		41.022087
759		54.696117
760		54.696117
761		41.022087
762		68.370148
763		68.370148
764		109.392235
765		54.696117
766		41.022087
767		95.718208
768		95.718208
769		68.370148
770		41.022087
771		82.044174
772		54.696117
773		109.392235
774		54.696117
775		68.370148
776		13.674029
777		68.370148
778		27.348059
779		54.696117
780		54.696117
781		41.022087
782		68.370148
783		54.696117
784		27.348059
785		54.696117
786		54.696117
787		68.370148
788		109.392235
789		95.718208
790		41.022087
791		82.044174
792		95.718208
793		123.066269
794		123.066269
795		82.044174
796		41.022087
797		0.000000
798		109.392235
799		0.000000
800		41.022087
801		54.696117
802		27.348059
803		27.348059
804		41.022087
805		54.696117
806		27.348059
807		68.370148
808		68.370148
809		95.718208
810		95.718208
811		82.044174
812		95.718208
813		68.370148
814		95.718208
815		41.022087
816		27.348059
817		68.370148
818		54.696117
819		41.022087
820		68.370148
821		41.022087
822		109.392235
823		82.044174
824		109.392235
825		54.696117
826		82.044174
827		54.696117
828		54.696117
829		68.370148
830		109.392235
831		54.696117
832		95.718208
833		68.370148
834		54.696117
835		0.000000
836		41.022087
837		54.696117
838		54.696117
839		82.044174
840		13.674029
841		95.718208
842		41.022087
843		109.392235
844		41.022087
845		82.044174
846		13.674029
847		82.044174
848		27.348059
849		54.696117
850		41.022087
851		27.348059
852		0.000000
853		13.674029
854		27.348059
855		41.022087
856		54.696117
857		82.044174
858		41.022087
859		13.674029
860		13.674029
861		13.674029
862		27.348059
863		41.022087
864		13.674029
865		54.696117
866		27.348059
867		41.022087
868		54.696117
869		41.022087
870		109.392235
871		54.696117
872		41.022087
873		109.392235
874		41.022087
875		27.348059
876		41.022087
877		54.696117
878		27.348059
879		54.696117
880		0.000000
881		68.370148
882		82.044174
883		68.370148
884		82.044174
885		54.696117
886		82.044174
887		27.348059
888		27.348059
889		54.696117
890		68.370148
891		41.022087
892		54.696117
893		41.022087
894		68.370148
895		41.022087
896		54.696117
897		41.022087
898		109.392235
899		95.718208
900		95.718208
901		54.696117
902		82.044174
903		27.348059
904		41.022087
905		54.696117
906		82.044174
907		68.370148
908		54.696117
909		54.696117
910		27.348059
911		41.022087
912		54.696117
913		13.674029
914		0.000000
915		27.348059
916		54.696117
917		68.370148
918		0.000000
919		27.348059
920		68.370148
921		68.370148
922		68.370148
923		41.022087
924		13.674029
925		27.348059
926		82.044174
927		54.696117
928		82.044174
929		41.022087
930		41.022087
931		27.348059
932		68.370148
933		54.696117
934		54.696117
935		27.348059
936		27.348059
937		54.696117
938		82.044174
939		27.348059
940		27.348059
941		27.348059
942		41.022087
943		13.674029
944		54.696117
945		41.022087
946		54.696117
947		123.066269
948		27.348059
949		27.348059
950		68.370148
951		82.044174
952		82.044174
953		68.370148
954		68.370148
955		27.348059
956		82.044174
957		27.348059
958		54.696117
959		68.370148
960		13.674029
961		68.370148
962		13.674029
963		41.022087
964		41.022087
965		54.696117
966		68.370148
967		13.674029
968		41.022087
969		41.022087
970		54.696117
971		41.022087
972		68.370148
973		54.696117
974		41.022087
975		27.348059
976		0.000000
977		54.696117
978		13.674029
979		41.022087
980		68.370148
981		27.348059
982		27.348059
983		27.348059
984		27.348059
985		95.718208
986		54.696117
987		109.392235
988		54.696117
989		27.348059
990		109.392235
991		82.044174
992		54.696117
993		41.022087
994		27.348059
995		109.392235
996		27.348059
997		27.348059
998		82.044174
999		13.674029
1000		54.696117
1001		68.370148
1002		27.348059
1003		54.696117
1004		54.696117
1005		41.022087
1006		41.022087
1007		95.718208
1008		95.718208
1009		68.370148
1010		27.348059
1011		54.696117
1012		41.022087
1013		82.044174
1014		27.348059
1015		13.674029
1016		68.370148
1017		68.370148
1018		41.022087
1019		27.348059
1020		109.392235
1021		54.696117
1022		82.044174
1023		13.674029
1024		54.696117
1025		27.348059
1026		27.348059
1027		68.370148
1028		41.022087
1029		95.718208
1030		54.696117
1031		68.370148
1032		54.696117
1033		54.696117
1034		41.022087
1035		27.348059
1036		68.370148
1037		13.674029
1038		54.696117
1039		54.696117
1040		27.348059
1041		13.674029
1042		82.044174
1043		41.022087
1044		41.022087
1045		27.348059
1046		82.044174
1047		54.696117
1048		27.348059
1049		41.022087
1050		82.044174
1051		13.674029
1052		54.696117
1053		27.348059
1054		41.022087
1055		13.674029
1056		54.696117
1057		41.022087
1058		27.348059
1059		27.348059
1060		27.348059
1061		27.348059
1062		54.696117
1063		54.696117
1064		54.696117
1065		27.348059
1066		54.696117
1067		41.022087
1068		27.348059
1069		41.022087
1070		68.370148
1071		41.022087
1072		54.696117
1073		41.022087
1074		41.022087
1075		68.370148
1076		68.370148
1077		27.348059
1078		41.022087
1079		54.696117
1080		27.348059
1081		41.022087
1082		41.022087
1083		54.696117
1084		41.022087
1085		109.392235
1086		68.370148
1087		54.696117
1088		27.348059
1089		54.696117
1090		54.696117
1091		13.674029
1092		41.022087
1093		13.674029
1094		68.370148
1095		27.348059
1096		109.392235
1097		54.696117
1098		27.348059
1099		13.674029
1100		54.696117
1101		68.370148
1102		41.022087
1103		54.696117
1104		13.674029
1105		54.696117
1106		0.000000
1107		82.044174
1108		13.674029
1109		27.348059
1110		27.348059
1111		27.348059
1112		54.696117
1113		41.022087
1114		41.022087
1115		54.696117
1116		27.348059
1117		54.696117
1118		54.696117
1119		54.696117
1120		54.696117
1121		95.718208
1122		82.044174
1123		68.370148
1124		54.696117
1125		41.022087
1126		27.348059
1127		68.370148
1128		27.348059
1129		27.348059
1130		68.370148
1131		41.022087
1132		13.674029
1133		54.696117
1134		27.348059
1135		27.348059
1136		41.022087
1137		150.414322
1138		54.696117
1139		54.696117
1140		68.370148
1141		68.370148
1142		27.348059
1143		41.022087
1144		41.022087
1145		41.022087
1146		41.022087
1147		68.370148
1148		13.674029
1149		68.370148
1150		41.022087
1151		54.696117
1152		13.674029
1153		41.022087
1154		68.370148
1155		41.022087
1156		41.022087
1157		68.370148
1158		27.348059
1159		54.696117
1160		27.348059
1161		41.022087
1162		54.696117
1163		13.674029
1164		27.348059
1165		68.370148
1166		205.110443
1167		191.436417
1168		68.370148
1169		13.674029
1170		41.022087
1171		27.348059
1172		54.696117
1173		27.348059
1174		0.000000
1175		27.348059
1176		68.370148
1177		13.674029
1178		13.674029
1179		13.674029
1180		54.696117
1181		13.674029
1182		13.674029
1183		27.348059
1184		95.718208
1185		13.674029
1186		95.718208
1187		41.022087
1188		27.348059
1189		41.022087
1190		13.674029
1191		54.696117
1192		27.348059
1193		27.348059
1194		13.674029
1195		27.348059
1196		13.674029
1197		82.044174
1198		13.674029
1199		109.392235
1200		54.696117
1201		41.022087
1202		54.696117
1203		27.348059
1204		13.674029
1205		27.348059
1206		27.348059
1207		68.370148
1208		13.674029
1209		13.674029
1210		27.348059
1211		27.348059
1212		13.674029
1213		68.370148
1214		68.370148
1215		13.674029
1216		54.696117
1217		54.696117
1218		68.370148
1219		54.696117
1220		13.674029
1221		68.370148
1222		54.696117
1223		95.718208
1224		27.348059
1225		41.022087
1226		27.348059
1227		41.022087
1228		0.000000
1229		54.696117
1230		13.674029
1231		13.674029
1232		27.348059
1233		54.696117
1234		13.674029
1235		54.696117
1236		41.022087
1237		41.022087
1238		27.348059
1239		13.674029
1240		41.022087
1241		27.348059
1242		54.696117
1243		54.696117
1244		41.022087
1245		27.348059
1246		41.022087
1247		13.674029
1248		27.348059
1249		13.674029
1250		27.348059
1251		41.022087
1252		95.718208
1253		68.370148
1254		54.696117
1255		54.696117
1256		41.022087
1257		27.348059
1258		27.348059
1259		13.674029
1260		41.022087
1261		82.044174
1262		123.066269
1263		41.022087
1264		95.718208
1265		27.348059
1266		13.674029
1267		54.696117
1268		27.348059
1269		54.696117
1270		95.718208
1271		27.348059
1272		54.696117
1273		95.718208
1274		0.000000
1275		95.718208
1276		41.022087
1277		27.348059
1278		41.022087
1279		41.022087
1280		13.674029
1281		41.022087
1282		41.022087
1283		54.696117
1284		27.348059
1285		27.348059
1286		95.718208
1287		41.022087
1288		13.674029
1289		27.348059
1290		0.000000
1291		41.022087
1292		27.348059
1293		27.348059
1294		13.674029
1295		13.674029
1296		27.348059
1297		27.348059
1298		27.348059
1299		13.674029
1300		0.000000
1301		41.022087
1302		54.696117
1303		54.696117
1304		13.674029
1305		68.370148
1306		13.674029
1307		54.696117
1308		27.348059
1309		13.674029
1310		13.674029
1311		41.022087
1312		27.348059
1313		41.022087
1314		41.022087
1315		27.348059
1316		27.348059
1317		68.370148
1318		54.696117
1319		13.674029
1320		54.696117
1321		68.370148
1322		0.000000
1323		41.022087
1324		27.348059
1325		41.022087
1326		54.696117
1327		41.022087
1328		0.000000
1329		82.044174
1330		41.022087
1331		68.370148
1332		13.674029
1333		41.022087
1334		95.718208
1335		13.674029
1336		0.000000
1337		13.674029
1338		68.370148
1339		41.022087
1340		27.348059
1341		27.348059
1342		27.348059
1343		27.348059
1344		54.696117
1345		68.370148
1346		54.696117
1347		54.696117
1348		27.348059
1349		41.022087
1350		0.000000
1351		54.696117
1352		27.348059
1353		54.696117
1354		27.348059
1355		27.348059
1356		54.696117
1357		27.348059
1358		54.696117
1359		54.696117
1360		0.000000
1361		27.348059
1362		27.348059
1363		41.022087
1364		54.696117
1365		41.022087
1366		27.348059
1367		95.718208
1368		27.348059
1369		68.370148
1370		41.022087
1371		13.674029
1372		54.696117
1373		95.718208
1374		13.674029
1375		13.674029
1376		13.674029
1377		41.022087
1378		27.348059
1379		41.022087
1380		13.674029
1381		13.674029
1382		0.000000
1383		13.674029
1384		27.348059
1385		27.348059
1386		41.022087
1387		13.674029
1388		41.022087
1389		27.348059
1390		41.022087
1391		41.022087
1392		27.348059
1393		0.000000
1394		0.000000
1395		27.348059
1396		0.000000
1397		41.022087
1398		27.348059
1399		41.022087
1400		13.674029
1401		68.370148
1402		27.348059
1403		41.022087
1404		13.674029
1405		54.696117
1406		41.022087
1407		13.674029
1408		54.696117
1409		68.370148
1410		27.348059
1411		41.022087
1412		68.370148
1413		27.348059
1414		0.000000
1415		13.674029
1416		27.348059
1417		41.022087
1418		41.022087
1419		13.674029
1420		27.348059
1421		41.022087
1422		13.674029
1423		0.000000
1424		27.348059
1425		13.674029
1426		68.370148
1427		68.370148
1428		41.022087
1429		27.348059
1430		41.022087
1431		13.674029
1432		0.000000
1433		27.348059
1434		27.348059
1435		13.674029
1436		27.348059
1437		41.022087
1438		27.348059
1439		13.674029
1440		0.000000
1441		27.348059
1442		41.022087
1443		13.674029
1444		27.348059
1445		41.022087
1446		27.348059
1447		41.022087
1448		27.348059
1449		41.022087
1450		27.348059
1451		13.674029
1452		27.348059
1453		0.000000
1454		54.696117
1455		41.022087
1456		13.674029
1457		54.696117
1458		27.348059
1459		13.674029
1460		27.348059
1461		27.348059
1462		68.370148
1463		27.348059
1464		54.696117
1465		27.348059
1466		54.696117
1467		54.696117
1468		54.696117
1469		54.696117
1470		54.696117
1471		13.674029
1472		27.348059
1473		41.022087
1474		13.674029
1475		41.022087
1476		27.348059
1477		27.348059
1478		68.370148
1479		27.348059
1480		54.696117
1481		41.022087
1482		54.696117
1483		27.348059
1484		13.674029
1485		54.696117
1486		13.674029
1487		54.696117
1488		54.696117
1489		68.370148
1490		0.000000
1491		41.022087
1492		0.000000
1493		41.022087
1494		0.000000
1495		27.348059
1496		27.348059
1497		95.718208
1498		82.044174
1499		27.348059
1500		0.000000
1501		27.348059
1502		41.022087
1503		41.022087
1504		13.674029
1505		13.674029
1506		27.348059
1507		27.348059
1508		13.674029
1509		54.696117
1510		82.044174
1511		54.696117
1512		27.348059
1513		27.348059
1514		68.370148
1515		27.348059
1516		0.000000
1517		27.348059
1518		13.674029
1519		41.022087
1520		27.348059
1521		41.022087
1522		41.022087
1523		27.348059
1524		13.674029
1525		0.000000
1526		13.674029
1527		41.022087
1528		13.674029
1529		41.022087
1530		68.370148
1531		41.022087
1532		27.348059
1533		41.022087
1534		27.348059
1535		13.674029
1536		0.000000
1537		41.022087
1538		13.674029
1539		13.674029
1540		27.348059
1541		41.022087
1542		13.674029
1543		41.022087
1544		95.718208
1545		0.000000
1546		82.044174
1547		27.348059
1548		13.674029
1549		0.000000
1550		0.000000
1551		41.022087
1552		27.348059
1553		54.696117
1554		27.348059
1555		27.348059
1556		54.696117
1557		13.674029
1558		68.370148
1559		0.000000
1560		13.674029
1561		13.674029
1562		13.674029
1563		27.348059
1564		13.674029
1565		41.022087
1566		0.000000
1567		0.000000
1568		54.696117
1569		13.674029
1570		27.348059
1571		41.022087
1572		0.000000
1573		13.674029
1574		13.674029
1575		54.696117
1576		0.000000
1577		54.696117
1578		27.348059
1579		13.674029
1580		95.718208
1581		0.000000
1582		41.022087
1583		13.674029
1584		0.000000
1585		13.674029
1586		27.348059
1587		13.674029
1588		27.348059
1589		27.348059
1590		27.348059
1591		13.674029
1592		13.674029
1593		41.022087
1594		54.696117
1595		13.674029
1596		0.000000
1597		0.000000
1598		41.022087
1599		13.674029
1600		13.674029
1601		0.000000
1602		41.022087
1603		41.022087
1604		0.000000
1605		41.022087
1606		41.022087
1607		0.000000
1608		41.022087
1609		41.022087
1610		13.674029
1611		27.348059
1612		13.674029
1613		27.348059
1614		54.696117
1615		13.674029
1616		27.348059
1617		27.348059
1618		0.000000
1619		27.348059
1620		0.000000
1621		41.022087
1622		13.674029
1623		27.348059
1624		41.022087
1625		27.348059
1626		0.000000
1627		41.022087
1628		41.022087
1629		13.674029
1630		13.674029
1631		13.674029
1632		0.000000
1633		13.674029
1634		41.022087
1635		27.348059
1636		0.000000
1637		0.000000
1638		27.348059
1639		54.696117
1640		13.674029
1641		41.022087
1642		0.000000
1643		27.348059
1644		27.348059
1645		13.674029
1646		41.022087
1647		0.000000
1648		27.348059
1649		13.674029
1650		27.348059
1651		0.000000
1652		0.000000
1653		27.348059
1654		0.000000
1655		27.348059
1656		27.348059
1657		0.000000
1658		27.348059
1659		27.348059
1660		0.000000
1661		0.000000
1662		27.348059
1663		41.022087
1664		27.348059
1665		13.674029
1666		41.022087
1667		27.348059
1668		41.022087
1669		13.674029
1670		13.674029
1671		13.674029
1672		13.674029
1673		0.000000
1674		41.022087
1675		13.674029
1676		41.022087
1677		27.348059
1678		0.000000
1679		0.000000
1680		27.348059
1681		41.022087
1682		13.674029
1683		54.696117
1684		0.000000
1685		0.000000
1686		68.370148
1687		13.674029
1688		41.022087
1689		27.348059
1690		13.674029
1691		27.348059
1692		41.022087
1693		27.348059
1694		13.674029
1695		41.022087
1696		0.000000
1697		82.044174
1698		0.000000
1699		0.000000
1700		0.000000
1701		41.022087
1702		41.022087
1703		0.000000
1704		0.000000
1705		27.348059
1706		13.674029
1707		41.022087
1708		27.348059
1709		13.674029
1710		13.674029
1711		0.000000
1712		13.674029
1713		13.674029
1714		13.674029
1715		13.674029
1716		13.674029
1717		27.348059
1718		41.022087
1719		0.000000
1720		54.696117
1721		13.674029
1722		41.022087
1723		13.674029
1724		0.000000
1725		13.674029
1726		54.696117
1727		54.696117
1728		68.370148
1729		27.348059
1730		13.674029
1731		0.000000
1732		13.674029
1733		27.348059
1734		41.022087
1735		13.674029
1736		0.000000
1737		27.348059
1738		13.674029
1739		0.000000
1740		13.674029
1741		41.022087
1742		0.000000
1743		13.674029
1744		13.674029
1745		13.674029
1746		41.022087
1747		54.696117
1748		41.022087
1749		41.022087
1750		27.348059
1751		41.022087
1752		27.348059
1753		13.674029
1754		0.000000
1755		68.370148
1756		0.000000
1757		27.348059
1758		0.000000
1759		27.348059
1760		41.022087
1761		0.000000
1762		0.000000
1763		0.000000
1764		13.674029
1765		27.348059
1766		13.674029
1767		0.000000
1768		27.348059
1769		0.000000
1770		27.348059
1771		27.348059
1772		0.000000
1773		0.000000
1774		27.348059
1775		41.022087
1776		13.674029
1777		13.674029
1778		0.000000
1779		0.000000
1780		13.674029
1781		13.674029
1782		13.674029
1783		0.000000
1784		41.022087
1785		54.696117
1786		0.000000
1787		0.000000
1788		0.000000
1789		13.674029
1790		13.674029
1791		13.674029
1792		0.000000
1793		0.000000
1794		54.696117
1795		54.696117
1796		13.674029
1797		0.000000
1798		13.674029
1799		27.348059
1800		41.022087
1801		27.348059
1802		54.696117
1803		13.674029
1804		41.022087
1805		13.674029
1806		13.674029
1807		13.674029
1808		41.022087
1809		27.348059
1810		54.696117
1811		41.022087
1812		41.022087
1813		41.022087
1814		13.674029
1815		13.674029
1816		27.348059
1817		13.674029
1818		13.674029
1819		54.696117
1820		27.348059
1821		0.000000
1822		41.022087
1823		13.674029
1824		0.000000
1825		27.348059
1826		13.674029
1827		13.674029
1828		13.674029
1829		13.674029
1830		41.022087
1831		41.022087
1832		13.674029
1833		13.674029
1834		27.348059
1835		13.674029
1836		54.696117
1837		13.674029
1838		27.348059
1839		27.348059
1840		13.674029
1841		41.022087
1842		27.348059
1843		13.674029
1844		13.674029
1845		41.022087
1846		13.674029
1847		0.000000
1848		0.000000
1849		13.674029
1850		13.674029
1851		13.674029
1852		27.348059
1853		0.000000
1854		41.022087
1855		13.674029
1856		13.674029
1857		13.674029
1858		13.674029
1859		0.000000
1860		13.674029
1861		13.674029
1862		41.022087
1863		41.022087
1864		27.348059
1865		0.000000
1866		13.674029
1867		13.674029
1868		27.348059
1869		27.348059
1870		27.348059
1871		13.674029
1872		54.696117
1873		27.348059
1874		27.348059
1875		27.348059
1876		27.348059
1877		0.000000
1878		0.000000
1879		13.674029
1880		13.674029
1881		13.674029
1882		0.000000
1883		0.000000
1884		27.348059
1885		41.022087
1886		27.348059
1887		13.674029
1888		13.674029
1889		27.348059
1890		0.000000
1891		82.044174
1892		13.674029
1893		0.000000
1894		0.000000
1895		0.000000
1896		41.022087
1897		0.000000
1898		54.696117
1899		41.022087
1900		41.022087
1901		13.674029
1902		13.674029
1903		0.000000
1904		13.674029
1905		41.022087
1906		13.674029
1907		41.022087
1908		13.674029
1909		0.000000
1910		41.022087
1911		27.348059
1912		13.674029
1913		27.348059
1914		13.674029
1915		0.000000
1916		0.000000
1917		0.000000
1918		41.022087
1919		13.674029
1920		0.000000
1921		13.674029
1922		27.348059
1923		0.000000
1924		0.000000
1925		0.000000
1926		13.674029
1927		13.674029
1928		0.000000
1929		13.674029
1930		0.000000
1931		13.674029
1932		0.000000
1933		13.674029
1934		13.674029
1935		0.000000
1936		27.348059
1937		13.674029
1938		0.000000
1939		13.674029
1940		13.674029
1941		13.674029
1942		0.000000
1943		13.674029
1944		13.674029
1945		13.674029
1946		0.000000
1947		13.674029
1948		27.348059
1949		0.000000
1950		27.348059
1951		41.022087
1952		0.000000
1953		27.348059
1954		13.674029
1955		13.674029
1956		0.000000
1957		13.674029
1958		0.000000
1959		13.674029
1960		13.674029
1961		13.674029
1962		27.348059
1963		68.370148
1964		13.674029
1965		13.674029
1966		41.022087
1967		13.674029
1968		41.022087
1969		0.000000
1970		54.696117
1971		13.674029
1972		27.348059
1973		0.000000
1974		13.674029
1975		13.674029
1976		13.674029
1977		13.674029
1978		0.000000
1979		41.022087
1980		27.348059
1981		27.348059
1982		13.674029
1983		0.000000
1984		27.348059
1985		27.348059
1986		0.000000
1987		13.674029
1988		0.000000
1989		27.348059
1990		13.674029
1991		27.348059
1992		0.000000
1993		68.370148
1994		41.022087
1995		27.348059
1996		0.000000
1997		0.000000
1998		13.674029
1999		13.674029
2000		27.348059
2001		13.674029
2002		27.348059
2003		0.000000
2004		0.000000
2005		13.674029
2006		13.674029
2007		0.000000
2008		13.674029
2009		0.000000
2010		41.022087
2011		0.000000
2012		27.348059
2013		13.674029
2014		27.348059
2015		13.674029
2016		13.674029
2017		41.022087
2018		0.000000
2019		13.674029
2020		0.000000
2021		0.000000
2022		0.000000
2023		13.674029
2024		13.674029
2025		0.000000
2026		41.022087
2027		0.000000
2028		13.674029
2029		13.674029
2030		0.000000
2031		0.000000
2032		27.348059
2033		27.348059
2034		13.674029
2035		27.348059
2036		0.000000
2037		13.674029
2038		13.674029
2039		0.000000
2040		41.022087
2041		13.674029
2042		13.674029
2043		0.000000
2044		13.674029
2045		41.022087
2046		0.000000
2047		27.348059
2048		13.674029
2049		13.674029
2050		0.000000
2051		27.348059
2052		13.674029
2053		13.674029
2054		13.674029
2055		0.000000
2056		13.674029
2057		0.000000
2058		41.022087
2059		13.674029
2060		13.674029
2061		13.674029
2062		13.674029
2063		41.022087
2064		0.000000
2065		0.000000
2066		13.674029
2067		0.000000
2068		0.000000
2069		13.674029
2070		0.000000
2071		0.000000
2072		0.000000
2073		54.696117
2074		41.022087
2075		0.000000
2076		0.000000
2077		0.000000
2078		13.674029
2079		0.000000
2080		13.674029
2081		0.000000
2082		13.674029
2083		41.022087
2084		0.000000
2085		13.674029
2086		13.674029
2087		41.022087
2088		27.348059
2089		27.348059
2090		13.674029
2091		13.674029
2092		13.674029
2093		54.696117
2094		0.000000
2095		0.000000
2096		0.000000
2097		13.674029
2098		13.674029
2099		0.000000
2100		13.674029
2101		0.000000
2102		13.674029
2103		13.674029
2104		13.674029
2105		0.000000
2106		13.674029
2107		27.348059
2108		54.696117
2109		0.000000
2110		27.348059
2111		27.348059
2112		27.348059
2113		13.674029
2114		13.674029
2115		0.000000
2116		27.348059
2117		13.674029
2118		13.674029
2119		0.000000
2120		27.348059
2121		0.000000
2122		13.674029
2123		0.000000
2124		0.000000
2125		0.000000
2126		13.674029
2127		13.674029
2128		0.000000
2129		13.674029
2130		13.674029
2131		27.348059
2132		13.674029
2133		0.000000
2134		13.674029
2135		0.000000
2136		27.348059
2137		0.000000
2138		13.674029
2139		13.674029
2140		41.022087
2141		13.674029
2142		13.674029
2143		0.000000
2144		13.674029
2145		13.674029
2146		0.000000
2147		27.348059
2148		0.000000
2149		0.000000
2150		0.000000
2151		27.348059
2152		0.000000
2153		27.348059
2154		13.674029
2155		13.674029
2156		13.674029
2157		27.348059
2158		13.674029
2159		0.000000
2160		13.674029
2161		0.000000
2162		27.348059
2163		13.674029
2164		0.000000
2165		13.674029
2166		13.674029
2167		0.000000
2168		0.000000
2169		13.674029
2170		0.000000
2171		13.674029
2172		0.000000
2173		0.000000
2174		41.022087
2175		13.674029
2176		13.674029
2177		27.348059
2178		27.348059
2179		13.674029
2180		13.674029
2181		13.674029
2182		0.000000
2183		0.000000
2184		27.348059
2185		13.674029
2186		0.000000
2187		0.000000
2188		13.674029
2189		27.348059
2190		0.000000
2191		13.674029
2192		13.674029
2193		13.674029
2194		0.000000
2195		13.674029
2196		0.000000
2197		13.674029
2198		54.696117
2199		0.000000
2200		13.674029
2201		0.000000
2202		0.000000
2203		13.674029
2204		13.674029
2205		41.022087
2206		13.674029
2207		0.000000
2208		0.000000
2209		13.674029
2210		13.674029
2211		68.370148
2212		13.674029
2213		41.022087
2214		13.674029
2215		0.000000
2216		13.674029
2217		13.674029
2218		41.022087
2219		27.348059
2220		27.348059
2221		0.000000
2222		27.348059
2223		0.000000
2224		54.696117
2225		13.674029
2226		13.674029
2227		13.674029
2228		13.674029
2229		27.348059
2230		27.348059
2231		13.674029
2232		13.674029
2233		27.348059
2234		0.000000
2235		27.348059
2236		13.674029
2237		27.348059
2238		0.000000
2239		27.348059
2240		13.674029
2241		27.348059
2242		0.000000
2243		0.000000
2244		0.000000
2245		27.348059
2246		0.000000
2247		0.000000
2248		27.348059
2249		13.674029
2250		0.000000
2251		0.000000
2252		13.674029
2253		0.000000
2254		27.348059
2255		0.000000
2256		13.674029
2257		13.674029
2258		0.000000
2259		13.674029
2260		0.000000
2261		27.348059
2262		13.674029
2263		0.000000
2264		13.674029
2265		13.674029
2266		13.674029
2267		13.674029
2268		0.000000
2269		13.674029
2270		13.674029
2271		0.000000
2272		13.674029
2273		0.000000
2274		0.000000
2275		27.348059
2276		13.674029
2277		13.674029
2278		13.674029
2279		27.348059
2280		0.000000
2281		0.000000
2282		13.674029
2283		13.674029
2284		13.674029
2285		0.000000
2286		0.000000
2287		13.674029
2288		0.000000
2289		13.674029
2290		41.022087
2291		13.674029
2292		13.674029
2293		13.674029
2294		13.674029
2295		13.674029
2296		27.348059
2297		13.674029
2298		13.674029
2299		13.674029
2300		13.674029
2301		27.348059
2302		13.674029
2303		0.000000
2304		0.000000
2305		13.674029
2306		0.000000
2307		0.000000
2308		13.674029
2309		0.000000
2310		27.348059
2311		0.000000
2312		0.000000
2313		13.674029
2314		0.000000
2315		13.674029
2316		0.000000
2317		0.000000
2318		0.000000
2319		27.348059
2320		27.348059
2321		27.348059
2322		13.674029
2323		0.000000
2324		13.674029
2325		13.674029
2326		0.000000
2327		0.000000
2328		27.348059
2329		13.674029
2330		0.000000
2331		13.674029
2332		27.348059
2333		0.000000
2334		27.348059
2335		27.348059
2336		0.000000
2337		13.674029
2338		0.000000
2339		13.674029
2340		0.000000
2341		0.000000
2342		0.000000
2343		13.674029
2344		41.022087
2345		0.000000
2346		13.674029
2347		13.674029
2348		0.000000
2349		0.000000
2350		0.000000
2351		0.000000
2352		13.674029
2353		13.674029
2354		13.674029
2355		13.674029
2356		27.348059
2357		41.022087
2358		13.674029
2359		13.674029
2360		0.000000
2361		0.000000
2362		0.000000
2363		0.000000
2364		41.022087
2365		13.674029
2366		0.000000
2367		0.000000
2368		13.674029
2369		0.000000
2370		13.674029
2371		13.674029
2372		13.674029
2373		0.000000
2374		27.348059
2375		13.674029
2376		0.000000
2377		0.000000
2378		27.348059
2379		0.000000
2380		13.674029
2381		0.000000
2382		13.674029
2383		0.000000
2384		0.000000
2385		0.000000
2386		27.348059
2387		0.000000
2388		0.000000
2389		13.674029
2390		13.674029
2391		41.022087
2392		27.348059
2393		0.000000
2394		13.674029
2395		0.000000
2396		41.022087
2397		13.674029
2398		0.000000
2399		0.000000
2400		13.674029
2401		0.000000
2402		0.000000
2403		0.000000
2404		27.348059
2405		27.348059
2406		13.674029
2407		0.000000
2408		0.000000
2409		0.000000
2410		13.674029
2411		0.000000
2412		54.696117
2413		0.000000
2414		0.000000
2415		27.348059
2416		0.000000
2417		13.674029
2418		27.348059
2419		13.674029
2420		13.674029
2421		0.000000
2422		0.000000
2423		0.000000
2424		0.000000
2425		13.674029
2426		13.674029
2427		13.674029
2428		13.674029
2429		0.000000
2430		13.674029
2431		27.348059
2432		13.674029
2433		13.674029
2434		13.674029
2435		13.674029
2436		13.674029
2437		13.674029
2438		0.000000
2439		0.000000
2440		0.000000
2441		13.674029
2442		13.674029
2443		13.674029
2444		0.000000
2445		0.000000
2446		0.000000
2447		0.000000
2448		13.674029
2449		41.022087
2450		0.000000
2451		0.000000
2452		27.348059
2453		13.674029
2454		13.674029
2455		27.348059
2456		13.674029
2457		13.674029
2458		0.000000
2459		0.000000
2460		13.674029
2461		13.674029
2462		0.000000
2463		13.674029
2464		13.674029
2465		0.000000
2466		0.000000
2467		13.674029
2468		27.348059
2469		13.674029
2470		0.000000
2471		0.000000
2472		27.348059
2473		0.000000
2474		0.000000
2475		0.000000
2476		0.000000
2477		13.674029
2478		0.000000
2479		0.000000
2480		13.674029
2481		0.000000
2482		0.000000
2483		27.348059
2484		0.000000
2485		0.000000
2486		0.000000
2487		0.000000
2488		41.022087
2489		0.000000
2490		13.674029
2491		27.348059
2492		0.000000
2493		41.022087
2494		0.000000
2495		0.000000
2496		13.674029
2497		0.000000
2498		13.674029
2499		13.674029
2500		0.000000
2501		13.674029
2502		13.674029
2503		13.674029
2504		27.348059
2505		13.674029
2506		0.000000
2507		13.674029
2508		0.000000
2509		27.348059
2510		0.000000
2511		13.674029
2512		27.348059
2513		13.674029
2514		13.674029
2515		13.674029
2516		13.674029
2517		0.000000
2518		0.000000
2519		27.348059
2520		13.674029
2521		13.674029
2522		13.674029
2523		13.674029
2524		0.000000
2525		27.348059
2526		0.000000
2527		0.000000
2528		0.000000
2529		27.348059
2530		0.000000
2531		13.674029
2532		0.000000
2533		0.000000
2534		0.000000
2535		13.674029
2536		0.000000
2537		27.348059
2538		0.000000
2539		0.000000
2540		0.000000
2541		13.674029
2542		0.000000
2543		0.000000
2544		13.674029
2545		0.000000
2546		0.000000
2547		13.674029
2548		0.000000
2549		13.674029
2550		0.000000
2551		0.000000
2552		13.674029
2553		13.674029
2554		0.000000
2555		0.000000
2556		0.000000
2557		0.000000
2558		0.000000
2559		0.000000
2560		0.000000
2561		13.674029
2562		27.348059
2563		0.000000
2564		0.000000
2565		0.000000
2566		0.000000
2567		0.000000
2568		13.674029
2569		27.348059
2570		13.674029
2571		0.000000
2572		0.000000
2573		27.348059
2574		0.000000
2575		13.674029
2576		13.674029
2577		27.348059
2578		0.000000
2579		0.000000
2580		13.674029
2581		0.000000
2582		0.000000
2583		0.000000
2584		0.000000
2585		0.000000
2586		13.674029
2587		13.674029
2588		13.674029
2589		0.000000
2590		0.000000
2591		0.000000
2592		0.000000
2593		0.000000
2594		0.000000
2595		13.674029
2596		27.348059
2597		13.674029
2598		0.000000
2599		0.000000
2600		0.000000
2601		0.000000
2602		13.674029
2603		13.674029
2604		0.000000
2605		0.000000
2606		13.674029
2607		0.000000
2608		13.674029
2609		13.674029
2610		13.674029
2611		27.348059
2612		27.348059
2613		27.348059
2614		0.000000
2615		27.348059
2616		0.000000
2617		0.000000
2618		0.000000
2619		0.000000
2620		0.000000
2621		0.000000
2622		0.000000
2623		13.674029
2624		13.674029
2625		0.000000
2626		0.000000
2627		0.000000
2628		0.000000
2629		0.000000
2630		13.674029
2631		13.674029
2632		0.000000
2633		0.000000
2634		0.000000
2635		13.674029
2636		0.000000
2637		0.000000
2638		13.674029
2639		0.000000
2640		13.674029
2641		0.000000
2642		0.000000
2643		13.674029
2644		0.000000
2645		13.674029
2646		0.000000
2647		13.674029
2648		0.000000
2649		13.674029
2650		0.000000
2651		0.000000
2652		0.000000
2653		0.000000
2654		0.000000
2655		0.000000
2656		0.000000
2657		0.000000
2658		0.000000
2659		0.000000
2660		13.674029
2661		0.000000
2662		0.000000
2663		0.000000
2664		0.000000
2665		0.000000
2666		0.000000
2667		13.674029
2668		13.674029
2669		0.000000
2670		0.000000
2671		13.674029
2672		0.000000
2673		27.348059
2674		0.000000
2675		0.000000
2676		54.696117
2677		13.674029
2678		0.000000
2679		0.000000
2680		0.000000
2681		0.000000
2682		0.000000
2683		0.000000
2684		0.000000
2685		13.674029
2686		0.000000
2687		13.674029
2688		0.000000
2689		0.000000
2690		13.674029
2691		27.348059
2692		13.674029
2693		0.000000
2694		0.000000
2695		27.348059
2696		0.000000
2697		0.000000
2698		0.000000
2699		27.348059
2700		0.000000
2701		13.674029
2702		0.000000
2703		0.000000
2704		0.000000
2705		0.000000
2706		0.000000
2707		0.000000
2708		0.000000
2709		0.000000
2710		0.000000
2711		0.000000
2712		13.674029
2713		13.674029
2714		0.000000
2715		13.674029
2716		0.000000
2717		13.674029
2718		0.000000
2719		0.000000
2720		0.000000
2721		0.000000
2722		0.000000
2723		0.000000
2724		0.000000
2725		0.000000
2726		27.348059
2727		13.674029
2728		0.000000
2729		13.674029
2730		0.000000
2731		0.000000
2732		0.000000
2733		13.674029
2734		0.000000
2735		13.674029
2736		13.674029
2737		0.000000
2738		0.000000
2739		0.000000
2740		0.000000
2741		0.000000
2742		0.000000
2743		0.000000
2744		13.674029
2745		0.000000
2746		0.000000
2747		13.674029
2748		0.000000
2749		0.000000
2750		0.000000
2751		13.674029
2752		0.000000
2753		0.000000
2754		13.674029
2755		0.000000
2756		0.000000
2757		13.674029
2758		27.348059
2759		13.674029
2760		0.000000
2761		27.348059
2762		13.674029
2763		13.674029
2764		0.000000
2765		13.674029
2766		13.674029
2767		13.674029
2768		0.000000
2769		0.000000
2770		13.674029
2771		0.000000
2772		0.000000
2773		0.000000
2774		0.000000
2775		0.000000
2776		0.000000
2777		0.000000
2778		0.000000
2779		0.000000
2780		0.000000
2781		0.000000
2782		0.000000
2783		0.000000
2784		0.000000
2785		0.000000
2786		27.348059
2787		27.348059
2788		0.000000
2789		0.000000
2790		0.000000
2791		0.000000
2792		0.000000
2793		0.000000
2794		0.000000
2795		0.000000
2796		0.000000
2797		0.000000
2798		0.000000
2799		27.348059
2800		0.000000
2801		0.000000
2802		13.674029
2803		13.674029
2804		0.000000
2805		0.000000
2806		13.674029
2807		0.000000
2808		0.000000
2809		13.674029
2810		0.000000
2811		0.000000
2812		13.674029
2813		0.000000
2814		0.000000
2815		0.000000
2816		0.000000
2817		0.000000
2818		0.000000
2819		13.674029
2820		27.348059
2821		0.000000
2822		0.000000
2823		0.000000
2824		13.674029
2825		13.674029
2826		0.000000
2827		0.000000
2828		13.674029
2829		13.674029
2830		0.000000
2831		0.000000
2832		0.000000
2833		0.000000
2834		13.674029
2835		0.000000
2836		0.000000
2837		0.000000
2838		13.674029
2839		13.674029
2840		13.674029
2841		0.000000
2842		0.000000
2843		0.000000
2844		13.674029
2845		27.348059
2846		0.000000
2847		0.000000
2848		0.000000
2849		13.674029
2850		0.000000
2851		0.000000
2852		13.674029
2853		0.000000
2854		0.000000
2855		0.000000
2856		0.000000
2857		13.674029
2858		13.674029
2859		0.000000
2860		0.000000
2861		0.000000
2862		13.674029
2863		13.674029
2864		0.000000
2865		0.000000
2866		13.674029
2867		0.000000
2868		0.000000
2869		0.000000
2870		0.000000
2871		13.674029
2872		0.000000
2873		0.000000
2874		0.000000
2875		13.674029
2876		27.348059
2877		0.000000
2878		0.000000
2879		0.000000
2880		0.000000
2881		13.674029
2882		0.000000
2883		13.674029
2884		13.674029
2885		0.000000
2886		0.000000
2887		0.000000
2888		0.000000
2889		0.000000
2890		0.000000
2891		0.000000
2892		0.000000
2893		0.000000
2894		13.674029
2895		13.674029
2896		13.674029
2897		0.000000
2898		0.000000
2899		13.674029
2900		0.000000
2901		13.674029
2902		0.000000
2903		0.000000
2904		13.674029
2905		13.674029
2906		27.348059
2907		0.000000
2908		0.000000
2909		0.000000
2910		13.674029
2911		13.674029
2912		0.000000
2913		0.000000
2914		0.000000
2915		0.000000
2916		0.000000
2917		0.000000
2918		0.000000
2919		0.000000
2920		13.674029
2921		0.000000
2922		0.000000
2923		0.000000
2924		0.000000
2925		0.000000
2926		13.674029
2927		0.000000
2928		13.674029
2929		0.000000
2930		0.000000
2931		0.000000
2932		0.000000
2933		27.348059
2934		0.000000
2935		13.674029
2936		0.000000
2937		0.000000
2938		0.000000
2939		13.674029
2940		13.674029
2941		13.674029
2942		0.000000
2943		0.000000
2944		0.000000
2945		0.000000
2946		13.674029
2947		13.674029
2948		27.348059
2949		0.000000
2950		13.674029
2951		27.348059
2952		27.348059
2953		0.000000
2954		13.674029
2955		0.000000
2956		0.000000
2957		0.000000
2958		27.348059
2959		0.000000
2960		0.000000
2961		0.000000
2962		13.674029
2963		0.000000
2964		0.000000
2965		27.348059
2966		0.000000
2967		0.000000
2968		0.000000
2969		13.674029
2970		0.000000
2971		0.000000
2972		13.674029
2973		0.000000
2974		0.000000
2975		0.000000
2976		0.000000
2977		0.000000
2978		27.348059
2979		13.674029
2980		0.000000
2981		0.000000
2982		13.674029
2983		27.348059
2984		0.000000
2985		0.000000
2986		0.000000
2987		13.674029
2988		0.000000
2989		0.000000
2990		13.674029
2991		0.000000
2992		0.000000
2993		0.000000
2994		13.674029
2995		0.000000
2996		13.674029
2997		0.000000
2998		0.000000
2999		13.674029
3000		0.000000
3001		13.674029
3002		0.000000
3003		13.674029
3004		0.000000
3005		0.000000
3006		0.000000
3007		0.000000
3008		0.000000
3009		0.000000
3010		13.674029
3011		0.000000
3012		0.000000
3013		0.000000
3014		0.000000
3015		0.000000
3016		0.000000
3017		0.000000
3018		13.674029
3019		13.674029
3020		0.000000
3021		0.000000
3022		0.000000
3023		0.000000
3024		0.000000
3025		0.000000
3026		27.348059
3027		13.674029
3028		0.000000
3029		0.000000
3030		13.674029
3031		13.674029
3032		0.000000
3033		0.000000
3034		0.000000
3035		0.000000
3036		0.000000
3037		0.000000
3038		0.000000
3039		0.000000
3040		0.000000
3041		13.674029
3042		0.000000
3043		0.000000
3044		0.000000
3045		0.000000
3046		0.000000
3047		0.000000
3048		0.000000
3049		13.674029
3050		0.000000
3051		0.000000
3052		0.000000
3053		0.000000
3054		13.674029
3055		0.000000
3056		0.000000
3057		0.000000
3058		0.000000
3059		0.000000
3060		0.000000
3061		0.000000
3062		0.000000
3063		0.000000
3064		0.000000
3065		0.000000
3066		0.000000
3067		0.000000
3068		0.000000
3069		0.000000
3070		0.000000
3071		0.000000
3072		0.000000
3073		13.674029
3074		13.674029
3075		0.000000
3076		0.000000
3077		0.000000
3078		0.000000
3079		0.000000
3080		0.000000
3081		13.674029
3082		0.000000
3083		0.000000
3084		0.000000
3085		13.674029
3086		0.000000
3087		0.000000
3088		13.674029
3089		0.000000
3090		13.674029
3091		0.000000
3092		0.000000
3093		0.000000
3094		0.000000
3095		0.000000
3096		0.000000
3097		0.000000
3098		0.000000
3099		0.000000
3100		0.000000
3101		13.674029
3102		0.000000
3103		0.000000
3104		0.000000
3105		0.000000
3106		13.674029
3107		0.000000
3108		0.000000
3109		0.000000
3110		0.000000
3111		0.000000
3112		0.000000
3113		0.000000
3114		0.000000
3115		0.000000
3116		27.348059
3117		0.000000
3118		0.000000
3119		0.000000
3120		0.000000
3121		0.000000
3122		0.000000
3123		0.000000
3124		0.000000
3125		0.000000
3126		0.000000
3127		0.000000
3128		0.000000
3129		0.000000
3130		0.000000
3131		0.000000
3132		0.000000
3133		0.000000
3134		0.000000
3135		0.000000
3136		0.000000
3137		0.000000
3138		0.000000
3139		0.000000
3140		0.000000
3141		0.000000
3142		13.674029
3143		0.000000
3144		0.000000
3145		0.000000
3146		0.000000
3147		0.000000
3148		0.000000
3149		0.000000
3150		0.000000
3151		13.674029
3152		0.000000
3153		0.000000
3154		0.000000
3155		0.000000
3156		0.000000
3157		0.000000
3158		0.000000
3159		0.000000
3160		0.000000
3161		0.000000
3162		0.000000
3163		0.000000
3164		0.000000
3165		0.000000
3166		0.000000
3167		0.000000
3168		0.000000
3169		0.000000
3170		0.000000
3171		0.000000
3172		0.000000
3173		13.674029
3174		0.000000
3175		0.000000
3176		0.000000
3177		0.000000
3178		0.000000
3179		0.000000
3180		0.000000
3181		0.000000
3182		0.000000
3183		0.000000
3184		0.000000
3185		0.000000
3186		0.000000
3187		0.000000
3188		0.000000
3189		0.000000
3190		13.674029
3191		0.000000
3192		0.000000
3193		0.000000
3194		0.000000
3195		0.000000
3196		13.674029
3197		0.000000
3198		13.674029
3199		0.000000
3200		0.000000
3201		0.000000
3202		13.674029
3203		13.674029
3204		0.000000
3205		0.000000
3206		0.000000
3207		0.000000
3208		0.000000
3209		0.000000
3210		0.000000
3211		0.000000
3212		0.000000
3213		13.674029
3214		0.000000
3215		0.000000
3216		0.000000
3217		0.000000
3218		0.000000
3219		0.000000
3220		13.674029
3221		0.000000
3222		0.000000
3223		13.674029
3224		13.674029
3225		0.000000
3226		0.000000
3227		0.000000
3228		13.674029
3229		0.000000
3230		13.674029
3231		0.000000
3232		0.000000
3233		0.000000
3234		0.000000
3235		0.000000
3236		0.000000
3237		0.000000
3238		0.000000
3239		0.000000
3240		0.000000
3241		0.000000
3242		0.000000
3243		0.000000
3244		0.000000
3245		0.000000
3246		0.000000
3247		0.000000
3248		0.000000
3249		0.000000
3250		0.000000
3251		0.000000
3252		0.000000
3253		0.000000
3254		0.000000
3255		0.000000
3256		0.000000
3257		13.674029
3258		0.000000
3259		0.000000
3260		0.000000
3261		0.000000
3262		0.000000
3263		0.000000
3264		0.000000
3265		0.000000
3266		13.674029
3267		0.000000
3268		0.000000
3269		0.000000
3270		0.000000
3271		0.000000
3272		0.000000
3273		0.000000
3274		13.674029
3275		0.000000
3276		0.000000
3277		0.000000
3278		13.674029
3279		0.000000
3280		0.000000
3281		0.000000
3282		0.000000
3283		13.674029
3284		13.674029
3285		0.000000
3286		0.000000
3287		0.000000
3288		0.000000
3289		0.000000
3290		0.000000
3291		0.000000
3292		0.000000
3293		0.000000
3294		0.000000
3295		0.000000
3296		0.000000
3297		0.000000
3298		0.000000
3299		0.000000
3300		0.000000
3301		0.000000
3302		0.000000
3303		13.674029
3304		0.000000
3305		0.000000
3306		0.000000
3307		0.000000
3308		0.000000
3309		0.000000
3310		0.000000
3311		0.000000
3312		0.000000
3313		0.000000
3314		0.000000
3315		0.000000
3316		0.000000
3317		0.000000
3318		0.000000
3319		13.674029
3320		0.000000
3321		0.000000
3322		0.000000
3323		0.000000
3324		0.000000
3325		0.000000
3326		0.000000
3327		0.000000
3328		0.000000
3329		0.000000
3330		13.674029
3331		0.000000
3332		0.000000
3333		0.000000
3334		0.000000
3335		27.348059
3336		13.674029
3337		0.000000
3338		13.674029
3339		0.000000
3340		0.000000
3341		0.000000
3342		0.000000
3343		0.000000
3344		0.000000
3345		0.000000
3346		0.000000
3347		0.000000
3348		0.000000
3349		0.000000
3350		0.000000
3351		0.000000
3352		0.000000
3353		0.000000
3354		0.000000
3355		0.000000
3356		27.348059
3357		0.000000
3358		0.000000
3359		0.000000
3360		0.000000
3361		13.674029
3362		0.000000
3363		0.000000
3364		0.000000
3365		0.000000
3366		0.000000
3367		0.000000
3368		0.000000
3369		0.000000
3370		0.000000
3371		0.000000
3372		0.000000
3373		0.000000
3374		0.000000
3375		0.000000
3376		0.000000
3377		0.000000
3378		0.000000
3379		0.000000
3380		0.000000
3381		0.000000
3382		0.000000
3383		0.000000
3384		13.674029
3385		0.000000
3386		0.000000
3387		0.000000
3388		0.000000
3389		13.674029
3390		0.000000
3391		0.000000
3392		0.000000
3393		0.000000
3394		0.000000
3395		13.674029
3396		0.000000
3397		0.000000
3398		0.000000
3399		0.000000
3400		0.000000
3401		0.000000
3402		0.000000
3403		0.000000
3404		0.000000
3405		0.000000
3406		0.000000
3407		0.000000
3408		0.000000
3409		0.000000
3410		0.000000
3411		0.000000
3412		13.674029
3413		0.000000
3414		0.000000
3415		0.000000
3416		0.000000
3417		27.348059
3418		0.000000
3419		0.000000
3420		0.000000
3421		0.000000
3422		0.000000
3423		0.000000
3424		0.000000
3425		0.000000
3426		0.000000
3427		0.000000
3428		0.000000
3429		0.000000
3430		0.000000
3431		0.000000
3432		0.000000
3433		0.000000
3434		0.000000
3435		0.000000
3436		0.000000
3437		0.000000
3438		0.000000
3439		0.000000
3440		13.674029
3441		0.000000
3442		0.000000
3443		0.000000
3444		0.000000
3445		13.674029
3446		0.000000
3447		0.000000
3448		0.000000
3449		0.000000
3450		0.000000
3451		0.000000
3452		0.000000
3453		0.000000
3454		0.000000
3455		0.000000
3456		0.000000
3457		13.674029
3458		0.000000
3459		0.000000
3460		0.000000
3461		0.000000
3462		0.000000
3463		0.000000
3464		0.000000
3465		0.000000
3466		0.000000
3467		0.000000
3468		0.000000
3469		0.000000
3470		0.000000
3471		0.000000
3472		0.000000
3473		0.000000
3474		0.000000
3475		0.000000
3476		0.000000
3477		0.000000
3478		0.000000
3479		0.000000
3480		0.000000
3481		0.000000
3482		0.000000
3483		0.000000
3484		0.000000
3485		0.000000
3486		0.000000
3487		0.000000
3488		0.000000
3489		0.000000
3490		0.000000
3491		0.000000
3492		0.000000
3493		0.000000
3494		0.000000
3495		0.000000
3496		0.000000
3497		0.000000
3498		0.000000
3499		13.674029
3500		0.000000
3501		0.000000
3502		0.000000
3503		0.000000
3504		0.000000
3505		13.674029
3506		0.000000
3507		0.000000
3508		13.674029
3509		0.000000
3510		0.000000
3511		0.000000
3512		0.000000
3513		0.000000
3514		0.000000
3515		0.000000
3516		13.674029
3517		0.000000
3518		0.000000
3519		0.000000
3520		0.000000
3521		0.000000
3522		0.000000
3523		0.000000
3524		0.000000
3525		0.000000
3526		0.000000
3527		0.000000
3528		0.000000
3529		0.000000
3530		0.000000
3531		0.000000
3532		0.000000
3533		0.000000
3534		0.000000
3535		0.000000
3536		0.000000
3537		0.000000
3538		0.000000
3539		0.000000
3540		13.674029
3541		0.000000
3542		0.000000
3543		0.000000
3544		0.000000
3545		0.000000
3546		0.000000
3547		0.000000
3548		0.000000
3549		0.000000
3550		0.000000
3551		0.000000
3552		0.000000
3553		0.000000
3554		0.000000
3555		0.000000
3556		0.000000
3557		0.000000
3558		0.000000
3559		0.000000
3560		0.000000
3561		13.674029
3562		0.000000
3563		0.000000
3564		0.000000
3565		0.000000
3566		0.000000
3567		0.000000
3568		0.000000
3569		0.000000
3570		0.000000
3571		0.000000
3572		0.000000
3573		0.000000
3574		0.000000
3575		0.000000
3576		0.000000
3577		0.000000
3578		0.000000
3579		0.000000
3580		0.000000
3581		13.674029
3582		0.000000
3583		0.000000
3584		0.000000
3585		0.000000
3586		0.000000
3587		0.000000
3588		0.000000
3589		0.000000
3590		0.000000
3591		0.000000
3592		0.000000
3593		0.000000
3594		0.000000
3595		0.000000
3596		0.000000
3597		0.000000
3598		0.000000
3599		0.000000
3600		0.000000
3601		0.000000
3602		0.000000
3603		0.000000
3604		0.000000
3605		0.000000
3606		0.000000
3607		0.000000
3608		0.000000
3609		0.000000
3610		0.000000
3611		0.000000
3612		0.000000
3613		0.000000
3614		0.000000
3615		0.000000
3616		0.000000
3617		0.000000
3618		0.000000
3619		0.000000
3620		0.000000
3621		0.000000
3622		0.000000
3623		0.000000
3624		0.000000
3625		0.000000
3626		0.000000
3627		0.000000
3628		0.000000
3629		0.000000
3630		0.000000
3631		0.000000
3632		0.000000
3633		0.000000
3634		0.000000
3635		0.000000
3636		0.000000
3637		0.000000
3638		0.000000
3639		0.000000
3640		0.000000
3641		0.000000
3642		0.000000
3643		0.000000
3644		0.000000
3645		0.000000
3646		0.000000
3647		0.000000
3648		0.000000
3649		0.000000
3650		0.000000
3651		0.000000
3652		0.000000
3653		0.000000
3654		0.000000
3655		0.000000
3656		0.000000
3657		0.000000
3658		0.000000
3659		0.000000
3660		0.000000
3661		0.000000
3662		0.000000
3663		0.000000
3664		0.000000
3665		0.000000
3666		0.000000
3667		0.000000
3668		0.000000
3669		0.000000
3670		0.000000
3671		0.000000
3672		0.000000
3673		0.000000
3674		0.000000
3675		0.000000
3676		0.000000
3677		0.000000
3678		0.000000
3679		0.000000
3680		0.000000
3681		0.000000
3682		0.000000
3683		0.000000
3684		0.000000
3685		0.000000
3686		0.000000
3687		0.000000
3688		0.000000
3689		0.000000
3690		0.000000
3691		0.000000
3692		0.000000
3693		0.000000
3694		0.000000
3695		0.000000
3696		0.000000
3697		0.000000
3698		0.000000
3699		0.000000
3700		0.000000
3701		0.000000
3702		0.000000
3703		0.000000
3704		0.000000
3705		0.000000
3706		0.000000
3707		0.000000
3708		0.000000
3709		0.000000
3710		0.000000
3711		0.000000
3712		0.000000
3713		0.000000
3714		0.000000
3715		0.000000
3716		0.000000
3717		0.000000
3718		0.000000
3719		0.000000
3720		0.000000
3721		0.000000
3722		0.000000
3723		0.000000
3724		0.000000
3725		0.000000
3726		0.000000
3727		0.000000
3728		0.000000
3729		0.000000
3730		0.000000
3731		0.000000
3732		0.000000
3733		0.000000
3734		0.000000
3735		0.000000
3736		0.000000
3737		0.000000
3738		0.000000
3739		0.000000
3740		0.000000
3741		0.000000
3742		0.000000
3743		0.000000
3744		0.000000
3745		0.000000
3746		0.000000
3747		0.000000
3748		0.000000
3749		0.000000
3750		0.000000
3751		0.000000
3752		0.000000
3753		0.000000
3754		0.000000
3755		0.000000
3756		0.000000
3757		0.000000
3758		0.000000
3759		0.000000
3760		0.000000
3761		0.000000
3762		0.000000
3763		0.000000
3764		0.000000
3765		0.000000
3766		0.000000
3767		0.000000
3768		0.000000
3769		0.000000
3770		0.000000
3771		0.000000
3772		0.000000
3773		0.000000
3774		0.000000
3775		0.000000
3776		0.000000
3777		0.000000
3778		0.000000
3779		0.000000
3780		0.000000
3781		0.000000
3782		0.000000
3783		0.000000
3784		0.000000
3785		0.000000
3786		0.000000
3787		0.000000
3788		0.000000
3789		0.000000
3790		0.000000
3791		0.000000
3792		0.000000
3793		0.000000
3794		0.000000
3795		0.000000
3796		0.000000
3797		0.000000
3798		0.000000
3799		0.000000
3800		0.000000
3801		0.000000
3802		0.000000
3803		0.000000
3804		0.000000
3805		0.000000
3806		0.000000
3807		0.000000
3808		0.000000
3809		0.000000
3810		0.000000
3811		0.000000
3812		0.000000
3813		0.000000
3814		0.000000
3815		0.000000
3816		0.000000
3817		0.000000
3818		0.000000
3819		0.000000
3820		0.000000
3821		0.000000
3822		0.000000
3823		0.000000
3824		0.000000
3825		0.000000
3826		0.000000
3827		0.000000
3828		0.000000
3829		0.000000
3830		0.000000
3831		0.000000
3832		0.000000
3833		0.000000
3834		0.000000
3835		0.000000
3836		0.000000
3837		0.000000
3838		0.000000
3839		0.000000
3840		0.000000
3841		0.000000
3842		0.000000
3843		0.000000
3844		0.000000
3845		0.000000
3846		0.000000
3847		0.000000
3848		0.000000
3849		0.000000
3850		0.000000
3851		0.000000
3852		0.000000
3853		0.000000
3854		0.000000
3855		0.000000
3856		0.000000
3857		0.000000
3858		0.000000
3859		0.000000
3860		0.000000
3861		0.000000
3862		0.000000
3863		0.000000
3864		0.000000
3865		0.000000
3866		0.000000
3867		0.000000
3868		0.000000
3869		0.000000
3870		0.000000
3871		0.000000
3872		0.000000
3873		0.000000
3874		0.000000
3875		0.000000
3876		0.000000
3877		0.000000
3878		0.000000
3879		0.000000
3880		0.000000
3881		0.000000
3882		0.000000
3883		0.000000
3884		0.000000
3885		0.000000
3886		0.000000
3887		0.000000
3888		0.000000
3889		0.000000
3890		0.000000
3891		0.000000
3892		0.000000
3893		0.000000
3894		0.000000
3895		0.000000
3896		0.000000
3897		0.000000
3898		0.000000
3899		0.000000
3900		0.000000
3901		0.000000
3902		0.000000
3903		0.000000
3904		0.000000
3905		0.000000
3906		0.000000
3907		0.000000
3908		0.000000
3909		0.000000
3910		0.000000
3911		0.000000
3912		0.000000
3913		0.000000
3914		0.000000
3915		0.000000
3916		0.000000
3917		0.000000
3918		0.000000
3919		0.000000
3920		0.000000
3921		0.000000
3922		0.000000
3923		0.000000
3924		0.000000
3925		0.000000
3926		0.000000
3927		0.000000
3928		0.000000
3929		0.000000
3930		0.000000
3931		0.000000
3932		0.000000
3933		0.000000
3934		0.000000
3935		0.000000
3936		0.000000
3937		0.000000
3938		0.000000
3939		0.000000
3940		0.000000
3941		0.000000
3942		0.000000
3943		0.000000
3944		0.000000
3945		0.000000
3946		0.000000
3947		0.000000
3948		0.000000
3949		0.000000
3950		0.000000
3951		0.000000
3952		0.000000
3953		0.000000
3954		0.000000
3955		0.000000
3956		0.000000
3957		0.000000
3958		0.000000
3959		0.000000
3960		0.000000
3961		0.000000
3962		0.000000
3963		0.000000
3964		0.000000
3965		0.000000
3966		0.000000
3967		0.000000
3968		0.000000
3969		0.000000
3970		0.000000
3971		0.000000
3972		0.000000
3973		0.000000
3974		0.000000
3975		0.000000
3976		0.000000
3977		0.000000
3978		0.000000
3979		0.000000
3980		0.000000
3981		0.000000
3982		0.000000
3983		0.000000
3984		0.000000
3985		0.000000
3986		0.000000
3987		0.000000
3988		0.000000
3989		0.000000
3990		0.000000
3991		0.000000
3992		0.000000
3993		0.000000
3994		0.000000
3995		0.000000
3996		0.000000
3997		0.000000
3998		0.000000
3999		0.000000
4000		0.000000
4001		0.000000
4002		0.000000
4003		0.000000
4004		0.000000
4005		0.000000
4006		0.000000
4007		0.000000
4008		0.000000
4009		0.000000
4010		0.000000
4011		0.000000
4012		0.000000
4013		0.000000
4014		0.000000
4015		0.000000
4016		0.000000
4017		0.000000
4018		0.000000
4019		0.000000
4020		0.000000
4021		0.000000
4022		0.000000
4023		0.000000
4024		0.000000
4025		0.000000
4026		0.000000
4027		0.000000
4028		0.000000
4029		0.000000
4030		0.000000
4031		0.000000
4032		0.000000
4033		0.000000
4034		0.000000
4035		0.000000
4036		0.000000
4037		0.000000
4038		0.000000
4039		0.000000
4040		0.000000
4041		0.000000
4042		0.000000
4043		0.000000
4044		0.000000
4045		0.000000
4046		0.000000
4047		0.000000
4048		0.000000
4049		0.000000
4050		0.000000
4051		0.000000
4052		0.000000
4053		0.000000
4054		0.000000
4055		0.000000
4056		0.000000
4057		0.000000
4058		0.000000
4059		0.000000
4060		0.000000
4061		0.000000
4062		0.000000
4063		0.000000
4064		0.000000
4065		0.000000
4066		0.000000
4067		0.000000
4068		0.000000
4069		0.000000
4070		0.000000
4071		0.000000
4072		0.000000
4073		0.000000
4074		0.000000
4075		0.000000
4076		0.000000
4077		0.000000
4078		0.000000
4079		0.000000
4080		0.000000
4081		0.000000
4082		0.000000
4083		0.000000
4084		0.000000
4085		0.000000
4086		0.000000
4087		0.000000
4088		0.000000
4089		0.000000
4090		0.000000
4091		0.000000
4092		0.000000
4093		0.000000
4094		0.000000
4095		0.000000
