0		0.000000
1		0.000000
2		0.000000
3		0.000000
4		0.000000
5		0.000000
6		0.000000
7		0.000000
8		0.000000
9		0.000000
10		0.000000
11		0.000000
12		0.000000
13		0.000000
14		0.000000
15		0.000000
16		0.000000
17		0.000000
18		0.000000
19		0.000000
20		0.000000
21		0.000000
22		0.000000
23		0.000000
24		0.000000
25		0.000000
26		0.000000
27		0.000000
28		0.000000
29		0.000000
30		0.000000
31		0.000000
32		0.000000
33		0.000000
34		0.000000
35		0.000000
36		0.000000
37		0.000000
38		0.000000
39		0.000000
40		0.000000
41		0.000000
42		0.000000
43		0.000000
44		0.000000
45		0.000000
46		0.000000
47		0.000000
48		0.000000
49		0.000000
50		0.000000
51		0.000000
52		0.000000
53		0.000000
54		0.000000
55		0.000000
56		0.000000
57		0.000000
58		0.000000
59		0.000000
60		0.000000
61		0.000000
62		0.000000
63		0.000000
64		0.000000
65		0.000000
66		0.000000
67		0.000000
68		0.000000
69		0.000000
70		0.000000
71		0.000000
72		0.000000
73		0.000000
74		0.000000
75		0.000000
76		0.000000
77		0.000000
78		0.000000
79		0.000000
80		0.000000
81		0.000000
82		0.000000
83		0.000000
84		0.000000
85		0.000000
86		0.000000
87		0.000000
88		0.000000
89		0.000000
90		0.000000
91		0.000000
92		0.000000
93		0.000000
94		0.000000
95		0.000000
96		0.000000
97		0.000000
98		0.000000
99		0.000000
100		0.000000
101		0.000000
102		0.000000
103		0.000000
104		0.000000
105		0.000000
106		0.000000
107		0.000000
108		0.000000
109		126581.460938
110		14692.930664
111		153.549805
112		156.763641
113		162.834213
114		146.407959
115		161.762939
116		154.263992
117		144.265396
118		145.336670
119		164.262573
120		162.120026
121		150.693069
122		150.693069
123		161.762939
124		160.691650
125		174.975357
126		159.263290
127		157.834915
128		166.405136
129		168.190598
130		171.404434
131		171.761520
132		174.261169
133		172.118622
134		158.549103
135		153.906891
136		169.618973
137		162.834213
138		179.617554
139		160.691650
140		167.119324
141		172.118622
142		169.618973
143		173.189896
144		183.188492
145		161.762939
146		180.331741
147		186.045227
148		179.260468
149		196.400909
150		194.258362
151		199.614746
152		195.329636
153		187.830688
154		193.544174
155		206.756592
156		211.398804
157		224.968323
158		224.254135
159		226.753784
160		229.253433
161		225.682495
162		229.610519
163		236.752365
164		237.823654
165		252.464447
166		252.107346
167		244.965500
168		228.896332
169		245.322586
170		241.394577
171		247.465149
172		248.893524
173		252.107346
174		247.108063
175		231.038895
176		242.465851
177		250.678986
178		259.249207
179		250.678986
180		266.033966
181		260.320465
182		262.105957
183		257.820831
184		251.393173
185		263.891418
186		255.678284
187		263.891418
188		277.460938
189		264.248505
190		314.955658
191		343.165955
192		316.026917
193		338.166656
194		320.312042
195		321.026215
196		324.597137
197		324.240051
198		294.601379
199		309.956360
200		299.600677
201		289.959167
202		293.530090
203		297.101013
204		285.316956
205		293.530090
206		285.316956
207		276.032562
208		285.316956
209		293.173004
210		270.319061
211		272.818726
212		287.816620
213		288.173706
214		274.247101
215		272.461639
216		261.034668
217		279.246399
218		271.033264
219		247.108063
220		258.535004
221		248.536423
222		256.392456
223		259.606293
224		246.393875
225		243.180038
226		246.036774
227		247.108063
228		235.324005
229		242.465851
230		242.822937
231		219.969025
232		243.180038
233		242.822937
234		217.112274
235		233.895630
236		243.894226
237		214.969727
238		213.184265
239		231.753082
240		231.038895
241		229.253433
242		217.112274
243		216.755188
244		222.468674
245		219.611923
246		207.827866
247		225.325409
248		188.544876
249		197.115097
250		211.398804
251		200.686020
252		192.829987
253		198.543472
254		163.548401
255		192.115799
256		184.259766
257		185.688141
258		195.686722
259		188.544876
260		184.259766
261		183.545578
262		188.187775
263		171.047333
264		163.191299
265		170.690247
266		165.333862
267		182.117203
268		174.261169
269		181.760117
270		174.261169
271		173.904083
272		172.118622
273		164.976761
274		162.477112
275		178.546280
276		176.760818
277		170.690247
278		167.476410
279		163.548401
280		153.549805
281		160.334564
282		165.333862
283		173.904083
284		159.977463
285		163.905487
286		160.334564
287		161.405838
288		166.048050
289		152.478531
290		173.189896
291		171.047333
292		156.049454
293		159.620377
294		161.048752
295		163.191299
296		170.333160
297		161.762939
298		171.404434
299		147.836319
300		154.978180
301		159.977463
302		155.335266
303		153.192703
304		153.906891
305		163.548401
306		160.691650
307		164.976761
308		143.908310
309		170.690247
310		144.622482
311		157.477829
312		155.692352
313		154.621078
314		204.614044
315		905.586731
316		1052.708862
317		244.251312
318		138.194824
319		164.619675
320		151.050156
321		144.265396
322		148.193420
323		138.909012
324		148.193420
325		149.621780
326		141.765747
327		153.549805
328		141.408661
329		151.764343
330		154.621078
331		135.338089
332		139.980286
333		153.192703
334		157.120728
335		141.765747
336		151.050156
337		154.263992
338		146.050858
339		138.909012
340		153.549805
341		147.122131
342		161.048752
343		146.407959
344		153.549805
345		150.335968
346		148.193420
347		154.263992
348		137.123550
349		157.477829
350		161.762939
351		161.405838
352		153.549805
353		150.335968
354		152.835617
355		163.905487
356		161.762939
357		153.192703
358		148.907593
359		167.833511
360		173.546982
361		168.547684
362		164.262573
363		164.262573
364		152.121429
365		156.049454
366		158.192001
367		162.834213
368		163.191299
369		154.621078
370		168.547684
371		178.903381
372		167.476410
373		170.333160
374		160.334564
375		182.117203
376		194.615448
377		158.906189
378		173.904083
379		164.262573
380		168.904785
381		179.617554
382		174.975357
383		181.760117
384		179.617554
385		182.117203
386		186.759415
387		189.973251
388		184.616852
389		210.327515
390		185.688141
391		207.113693
392		203.899857
393		225.682495
394		200.686020
395		202.828583
396		201.043121
397		207.827866
398		245.679688
399		224.611221
400		227.825058
401		225.682495
402		236.752365
403		249.964798
404		241.394577
405		264.605591
406		259.963379
407		208.184967
408		163.905487
409		143.551208
410		147.122131
411		141.765747
412		142.479935
413		128.910416
414		134.623901
415		134.623901
416		129.267502
417		125.696587
418		132.838440
419		132.124252
420		122.482750
421		128.910416
422		107.127769
423		123.554031
424		117.483452
425		122.125656
426		106.413582
427		118.197639
428		110.341606
429		110.341606
430		115.340897
431		94.986626
432		86.059311
433		96.057899
434		88.558960
435		84.630936
436		79.274551
437		85.345123
438		90.344421
439		79.274551
440		77.489090
441		73.561066
442		74.989441
443		67.847588
444		73.561066
445		63.919571
446		72.132698
447		73.918159
448		66.062126
449		65.705032
450		63.205383
451		60.705734
452		50.350052
453		62.848293
454		60.348644
455		53.206791
456		56.777718
457		55.706440
458		54.278069
459		55.706440
460		58.920273
461		44.279480
462		55.349346
463		54.278069
464		51.778423
465		55.706440
466		58.563179
467		48.564590
468		50.350052
469		50.350052
470		52.135513
471		54.635162
472		46.779125
473		47.850403
474		48.207497
475		34.637978
476		49.278774
477		37.137627
478		45.350758
479		41.065643
480		42.851109
481		48.207497
482		41.422737
483		48.207497
484		42.136921
485		38.923088
486		116.769272
487		2381.450439
488		9394.748047
489		5745.262207
490		493.859009
491		20.711369
492		13.569517
493		12.855332
494		13.212425
495		16.069166
496		16.426258
497		15.354980
498		15.712073
499		14.997888
500		10.712777
501		16.069166
502		13.212425
503		13.569517
504		12.141148
505		15.712073
506		13.569517
507		14.997888
508		14.283703
509		14.997888
510		9.998591
511		16.069166
512		14.640795
513		17.497536
514		15.712073
515		12.498240
516		12.141148
517		20.354277
518		18.568813
519		12.498240
520		17.497536
521		13.926610
522		15.354980
523		18.211721
524		12.855332
525		17.854628
526		14.283703
527		13.212425
528		11.069870
529		16.783350
530		18.568813
531		13.926610
532		12.498240
533		14.283703
534		17.854628
535		16.783350
536		16.069166
537		17.140444
538		17.497536
539		12.141148
540		17.497536
541		14.640795
542		16.069166
543		12.855332
544		13.926610
545		13.569517
546		10.712777
547		10.712777
548		15.354980
549		11.784055
550		16.426258
551		16.069166
552		14.997888
553		15.354980
554		17.497536
555		15.712073
556		16.426258
557		19.282999
558		13.212425
559		14.283703
560		11.069870
561		16.426258
562		17.497536
563		13.212425
564		17.140444
565		14.997888
566		12.498240
567		14.640795
568		14.997888
569		13.569517
570		16.069166
571		15.712073
572		12.855332
573		13.212425
574		12.498240
575		11.069870
576		17.497536
577		16.783350
578		11.784055
579		10.712777
580		14.283703
581		14.997888
582		16.426258
583		15.354980
584		12.141148
585		12.498240
586		18.925905
587		11.426962
588		12.498240
589		13.569517
590		14.997888
591		18.925905
592		16.069166
593		13.569517
594		13.569517
595		16.069166
596		19.282999
597		14.640795
598		17.140444
599		16.783350
600		21.068460
601		13.926610
602		14.283703
603		16.426258
604		11.784055
605		15.354980
606		9.998591
607		13.212425
608		17.140444
609		11.069870
610		13.569517
611		11.784055
612		12.498240
613		13.926610
614		16.426258
615		8.570222
616		14.283703
617		13.569517
618		15.712073
619		11.784055
620		16.783350
621		9.284407
622		12.141148
623		14.283703
624		16.783350
625		9.998591
626		12.141148
627		10.355684
628		13.926610
629		11.069870
630		12.498240
631		11.426962
632		13.212425
633		10.712777
634		9.998591
635		13.212425
636		8.927314
637		11.069870
638		13.212425
639		11.069870
640		12.855332
641		10.355684
642		9.284407
643		11.426962
644		13.569517
645		5.356389
646		6.427666
647		5.713481
648		7.856037
649		11.069870
650		9.998591
651		9.284407
652		10.355684
653		12.141148
654		10.712777
655		10.355684
656		7.141851
657		11.784055
658		8.213129
659		7.856037
660		5.713481
661		10.712777
662		8.213129
663		10.355684
664		11.426962
665		6.427666
666		8.213129
667		9.284407
668		6.784759
669		10.355684
670		8.927314
671		13.569517
672		6.784759
673		7.856037
674		7.856037
675		10.355684
676		11.069870
677		9.641500
678		10.712777
679		10.355684
680		8.570222
681		11.784055
682		7.856037
683		11.069870
684		9.284407
685		10.712777
686		11.069870
687		10.712777
688		10.355684
689		6.070574
690		11.069870
691		10.712777
692		8.570222
693		14.640795
694		32.495422
695		66.062126
696		35.709255
697		10.712777
698		8.927314
699		6.070574
700		9.641500
701		8.927314
702		6.070574
703		7.141851
704		10.712777
705		13.569517
706		9.641500
707		7.856037
708		6.070574
709		8.927314
710		8.570222
711		7.856037
712		11.069870
713		5.356389
714		9.641500
715		9.998591
716		6.784759
717		8.213129
718		5.713481
719		7.141851
720		9.998591
721		8.570222
722		6.427666
723		11.426962
724		8.213129
725		6.070574
726		5.713481
727		8.213129
728		8.927314
729		3.570926
730		7.498944
731		9.641500
732		7.856037
733		6.784759
734		12.498240
735		7.141851
736		7.141851
737		8.213129
738		11.784055
739		11.426962
740		7.141851
741		5.356389
742		11.784055
743		8.927314
744		7.141851
745		6.427666
746		10.355684
747		4.999296
748		6.784759
749		12.855332
750		5.713481
751		10.355684
752		6.427666
753		6.427666
754		9.641500
755		8.927314
756		7.141851
757		7.856037
758		10.712777
759		7.498944
760		11.069870
761		9.284407
762		7.141851
763		7.498944
764		6.784759
765		8.927314
766		10.355684
767		4.285111
768		8.570222
769		8.570222
770		9.284407
771		6.427666
772		10.355684
773		12.498240
774		10.712777
775		8.570222
776		8.927314
777		8.927314
778		6.784759
779		10.712777
780		9.284407
781		8.927314
782		8.570222
783		10.355684
784		10.355684
785		7.856037
786		7.498944
787		10.712777
788		7.141851
789		5.713481
790		8.570222
791		9.284407
792		10.355684
793		12.141148
794		10.355684
795		10.355684
796		10.712777
797		8.213129
798		11.784055
799		9.641500
800		7.498944
801		9.284407
802		6.427666
803		9.284407
804		10.712777
805		6.784759
806		10.712777
807		9.284407
808		7.498944
809		9.641500
810		9.284407
811		5.356389
812		7.141851
813		9.284407
814		8.213129
815		7.498944
816		8.570222
817		9.284407
818		9.641500
819		9.641500
820		7.856037
821		8.927314
822		13.212425
823		9.284407
824		12.141148
825		8.570222
826		12.141148
827		8.570222
828		11.426962
829		8.927314
830		9.998591
831		9.641500
832		8.927314
833		11.069870
834		9.641500
835		11.784055
836		6.784759
837		7.856037
838		8.927314
839		8.570222
840		12.498240
841		11.784055
842		6.784759
843		8.213129
844		9.284407
845		9.998591
846		9.998591
847		8.213129
848		6.427666
849		6.427666
850		8.213129
851		10.355684
852		6.784759
853		14.283703
854		9.284407
855		6.427666
856		8.927314
857		9.284407
858		13.569517
859		9.998591
860		7.498944
861		10.355684
862		7.856037
863		11.426962
864		7.141851
865		7.856037
866		9.641500
867		11.426962
868		11.069870
869		8.570222
870		11.784055
871		8.213129
872		6.070574
873		9.641500
874		9.998591
875		10.355684
876		8.927314
877		9.998591
878		11.069870
879		9.998591
880		5.356389
881		9.284407
882		8.213129
883		11.426962
884		8.570222
885		10.712777
886		10.712777
887		9.284407
888		7.856037
889		7.856037
890		7.856037
891		11.426962
892		7.856037
893		8.570222
894		11.426962
895		11.784055
896		11.426962
897		12.498240
898		8.570222
899		10.355684
900		8.213129
901		9.998591
902		11.426962
903		8.213129
904		8.213129
905		8.927314
906		7.498944
907		8.570222
908		9.641500
909		10.355684
910		5.713481
911		7.498944
912		9.641500
913		8.213129
914		11.069870
915		8.213129
916		12.498240
917		7.856037
918		7.141851
919		7.141851
920		7.856037
921		12.141148
922		10.355684
923		9.998591
924		12.141148
925		7.498944
926		11.069870
927		11.426962
928		9.641500
929		9.641500
930		8.213129
931		12.498240
932		10.712777
933		11.784055
934		9.641500
935		10.355684
936		12.855332
937		9.998591
938		11.426962
939		8.570222
940		8.570222
941		11.784055
942		12.141148
943		11.069870
944		8.570222
945		9.998591
946		8.570222
947		11.784055
948		12.141148
949		8.927314
950		9.998591
951		14.283703
952		10.355684
953		11.426962
954		9.284407
955		9.284407
956		12.141148
957		9.998591
958		11.784055
959		10.712777
960		8.570222
961		12.855332
962		10.712777
963		9.641500
964		13.926610
965		9.284407
966		8.213129
967		13.569517
968		7.856037
969		14.997888
970		8.927314
971		11.069870
972		12.498240
973		7.141851
974		11.426962
975		10.712777
976		11.784055
977		9.284407
978		11.426962
979		11.069870
980		7.498944
981		11.069870
982		15.354980
983		11.426962
984		15.354980
985		9.641500
986		10.712777
987		15.712073
988		12.855332
989		15.354980
990		11.784055
991		10.712777
992		9.641500
993		13.212425
994		9.284407
995		12.855332
996		9.641500
997		10.355684
998		10.712777
999		6.784759
1000		11.426962
1001		9.641500
1002		12.855332
1003		10.712777
1004		11.426962
1005		11.069870
1006		9.641500
1007		11.069870
1008		8.927314
1009		11.426962
1010		11.426962
1011		8.927314
1012		10.355684
1013		9.284407
1014		7.141851
1015		9.998591
1016		15.712073
1017		8.927314
1018		9.998591
1019		11.069870
1020		13.926610
1021		12.141148
1022		6.784759
1023		10.355684
1024		12.141148
1025		12.855332
1026		12.141148
1027		8.570222
1028		15.712073
1029		13.569517
1030		12.141148
1031		12.855332
1032		7.498944
1033		10.355684
1034		11.784055
1035		11.784055
1036		12.855332
1037		13.569517
1038		11.784055
1039		12.141148
1040		11.784055
1041		12.141148
1042		15.354980
1043		13.926610
1044		11.069870
1045		11.426962
1046		11.069870
1047		11.069870
1048		9.998591
1049		12.141148
1050		13.569517
1051		11.069870
1052		8.927314
1053		11.069870
1054		11.069870
1055		12.498240
1056		14.997888
1057		11.426962
1058		8.927314
1059		12.855332
1060		11.784055
1061		11.426962
1062		15.354980
1063		12.141148
1064		12.141148
1065		11.426962
1066		12.498240
1067		11.426962
1068		11.784055
1069		12.498240
1070		14.283703
1071		11.784055
1072		8.927314
1073		11.426962
1074		12.141148
1075		8.927314
1076		9.641500
1077		13.569517
1078		13.569517
1079		10.355684
1080		13.212425
1081		13.212425
1082		11.784055
1083		9.641500
1084		12.141148
1085		12.498240
1086		12.855332
1087		12.141148
1088		10.355684
1089		12.498240
1090		9.998591
1091		10.355684
1092		7.856037
1093		11.784055
1094		11.784055
1095		13.212425
1096		16.783350
1097		7.856037
1098		11.069870
1099		10.355684
1100		11.784055
1101		11.069870
1102		12.141148
1103		10.355684
1104		16.069166
1105		13.926610
1106		14.640795
1107		10.712777
1108		17.497536
1109		9.641500
1110		14.283703
1111		15.354980
1112		16.069166
1113		11.069870
1114		9.998591
1115		12.855332
1116		13.926610
1117		11.069870
1118		9.284407
1119		12.855332
1120		14.997888
1121		10.355684
1122		11.784055
1123		17.497536
1124		12.141148
1125		15.712073
1126		13.569517
1127		11.784055
1128		16.069166
1129		12.141148
1130		11.426962
1131		12.498240
1132		11.426962
1133		13.212425
1134		16.069166
1135		16.069166
1136		13.212425
1137		13.569517
1138		13.569517
1139		12.498240
1140		12.855332
1141		15.712073
1142		15.354980
1143		13.926610
1144		16.426258
1145		14.640795
1146		17.140444
1147		9.998591
1148		14.997888
1149		19.997183
1150		12.855332
1151		12.855332
1152		13.926610
1153		15.354980
1154		15.354980
1155		13.926610
1156		12.855332
1157		16.426258
1158		14.640795
1159		12.141148
1160		19.282999
1161		14.640795
1162		18.211721
1163		18.211721
1164		19.997183
1165		14.997888
1166		16.426258
1167		16.426258
1168		18.925905
1169		14.640795
1170		15.712073
1171		16.069166
1172		14.640795
1173		18.925905
1174		16.426258
1175		12.498240
1176		15.712073
1177		17.854628
1178		15.712073
1179		16.783350
1180		14.283703
1181		19.997183
1182		15.354980
1183		10.355684
1184		9.998591
1185		14.997888
1186		19.282999
1187		16.069166
1188		15.354980
1189		14.283703
1190		16.426258
1191		17.140444
1192		16.069166
1193		8.927314
1194		16.783350
1195		20.354277
1196		16.426258
1197		18.211721
1198		14.997888
1199		19.640091
1200		13.569517
1201		18.211721
1202		18.925905
1203		14.283703
1204		16.783350
1205		15.354980
1206		18.568813
1207		17.854628
1208		17.497536
1209		16.783350
1210		13.569517
1211		14.640795
1212		19.282999
1213		17.140444
1214		15.354980
1215		16.783350
1216		11.069870
1217		18.568813
1218		18.925905
1219		14.997888
1220		15.712073
1221		19.282999
1222		18.211721
1223		16.426258
1224		16.783350
1225		17.140444
1226		18.925905
1227		15.712073
1228		17.497536
1229		15.712073
1230		18.925905
1231		18.211721
1232		15.712073
1233		16.426258
1234		17.497536
1235		21.068460
1236		19.997183
1237		18.211721
1238		16.069166
1239		18.568813
1240		14.640795
1241		16.783350
1242		17.854628
1243		16.783350
1244		22.139740
1245		18.925905
1246		17.854628
1247		19.640091
1248		19.282999
1249		11.784055
1250		20.711369
1251		21.425554
1252		19.997183
1253		18.568813
1254		15.712073
1255		15.712073
1256		18.925905
1257		18.568813
1258		17.497536
1259		19.640091
1260		18.211721
1261		17.140444
1262		19.282999
1263		19.997183
1264		20.711369
1265		19.640091
1266		21.068460
1267		12.855332
1268		18.925905
1269		23.211018
1270		21.425554
1271		16.783350
1272		18.568813
1273		19.997183
1274		18.925905
1275		17.140444
1276		16.783350
1277		19.282999
1278		16.783350
1279		20.354277
1280		21.782646
1281		19.997183
1282		22.139740
1283		19.282999
1284		19.640091
1285		20.354277
1286		15.354980
1287		16.783350
1288		14.640795
1289		20.711369
1290		21.425554
1291		26.424850
1292		20.711369
1293		22.139740
1294		17.854628
1295		23.568110
1296		19.282999
1297		22.496832
1298		19.640091
1299		18.568813
1300		15.354980
1301		21.782646
1302		21.068460
1303		17.854628
1304		19.282999
1305		13.926610
1306		21.068460
1307		21.425554
1308		22.496832
1309		25.710665
1310		19.997183
1311		16.783350
1312		16.426258
1313		21.068460
1314		19.640091
1315		19.282999
1316		19.997183
1317		21.068460
1318		16.069166
1319		27.853220
1320		19.640091
1321		22.853924
1322		19.282999
1323		13.212425
1324		20.354277
1325		16.426258
1326		19.640091
1327		22.496832
1328		18.211721
1329		21.068460
1330		15.354980
1331		15.354980
1332		23.568110
1333		17.854628
1334		19.640091
1335		21.425554
1336		23.568110
1337		21.782646
1338		17.854628
1339		22.853924
1340		21.782646
1341		22.496832
1342		20.711369
1343		17.854628
1344		21.782646
1345		18.211721
1346		21.782646
1347		22.139740
1348		22.853924
1349		21.782646
1350		18.568813
1351		18.925905
1352		25.353573
1353		21.425554
1354		19.997183
1355		24.996479
1356		15.354980
1357		25.710665
1358		17.854628
1359		20.354277
1360		23.211018
1361		22.853924
1362		22.139740
1363		22.139740
1364		20.711369
1365		16.069166
1366		26.067757
1367		20.354277
1368		27.853220
1369		23.211018
1370		22.139740
1371		20.354277
1372		25.710665
1373		24.996479
1374		20.711369
1375		23.925201
1376		24.996479
1377		21.782646
1378		22.496832
1379		18.925905
1380		25.353573
1381		23.925201
1382		22.139740
1383		24.639387
1384		26.067757
1385		26.067757
1386		19.997183
1387		26.424850
1388		17.854628
1389		31.424147
1390		19.997183
1391		23.568110
1392		24.282295
1393		22.853924
1394		22.853924
1395		24.639387
1396		17.140444
1397		25.353573
1398		24.639387
1399		21.068460
1400		23.925201
1401		22.496832
1402		24.282295
1403		17.140444
1404		24.639387
1405		23.925201
1406		26.781942
1407		24.639387
1408		22.496832
1409		28.924498
1410		20.711369
1411		16.783350
1412		27.139034
1413		21.782646
1414		27.496128
1415		16.783350
1416		22.853924
1417		15.712073
1418		23.568110
1419		22.496832
1420		23.211018
1421		22.139740
1422		25.710665
1423		19.282999
1424		23.925201
1425		24.996479
1426		22.496832
1427		22.853924
1428		25.710665
1429		22.853924
1430		29.281590
1431		23.211018
1432		25.710665
1433		22.496832
1434		18.925905
1435		22.139740
1436		25.710665
1437		21.425554
1438		26.424850
1439		20.711369
1440		21.068460
1441		26.067757
1442		24.639387
1443		23.925201
1444		29.281590
1445		22.496832
1446		20.711369
1447		22.496832
1448		29.995775
1449		23.211018
1450		18.925905
1451		26.781942
1452		27.139034
1453		25.710665
1454		25.710665
1455		22.139740
1456		24.282295
1457		17.497536
1458		24.996479
1459		23.925201
1460		24.639387
1461		24.282295
1462		26.424850
1463		23.211018
1464		25.710665
1465		23.925201
1466		28.567406
1467		18.568813
1468		27.139034
1469		21.425554
1470		30.352867
1471		29.638683
1472		29.281590
1473		22.853924
1474		25.353573
1475		24.282295
1476		26.424850
1477		20.354277
1478		24.639387
1479		21.425554
1480		24.282295
1481		26.067757
1482		22.853924
1483		16.069166
1484		25.353573
1485		25.353573
1486		25.353573
1487		28.567406
1488		24.639387
1489		30.352867
1490		24.996479
1491		29.638683
1492		27.853220
1493		23.568110
1494		19.282999
1495		28.924498
1496		26.424850
1497		21.068460
1498		27.496128
1499		28.567406
1500		27.139034
1501		21.782646
1502		24.996479
1503		22.853924
1504		22.853924
1505		21.068460
1506		21.782646
1507		23.925201
1508		27.496128
1509		26.781942
1510		21.068460
1511		26.067757
1512		25.353573
1513		31.424147
1514		26.067757
1515		26.067757
1516		26.424850
1517		23.211018
1518		24.282295
1519		22.139740
1520		24.996479
1521		23.568110
1522		24.639387
1523		27.139034
1524		23.568110
1525		22.853924
1526		23.568110
1527		23.568110
1528		24.282295
1529		26.067757
1530		22.853924
1531		30.352867
1532		24.639387
1533		28.567406
1534		27.853220
1535		26.424850
1536		26.067757
1537		26.067757
1538		24.282295
1539		23.211018
1540		27.496128
1541		23.568110
1542		24.996479
1543		32.138332
1544		29.995775
1545		26.781942
1546		27.853220
1547		26.424850
1548		23.568110
1549		20.354277
1550		31.424147
1551		22.853924
1552		25.710665
1553		29.638683
1554		23.568110
1555		27.139034
1556		23.925201
1557		23.211018
1558		29.638683
1559		29.638683
1560		29.995775
1561		31.067053
1562		23.925201
1563		26.424850
1564		29.638683
1565		25.353573
1566		23.925201
1567		33.209610
1568		25.710665
1569		29.638683
1570		30.709961
1571		23.568110
1572		28.567406
1573		29.281590
1574		28.210312
1575		28.210312
1576		24.639387
1577		31.067053
1578		23.925201
1579		30.352867
1580		28.924498
1581		28.924498
1582		19.997183
1583		25.353573
1584		27.496128
1585		33.209610
1586		31.067053
1587		26.067757
1588		30.352867
1589		33.566700
1590		26.067757
1591		25.710665
1592		29.995775
1593		31.781239
1594		33.209610
1595		31.067053
1596		33.566700
1597		34.637978
1598		28.210312
1599		32.138332
1600		26.424850
1601		27.853220
1602		24.639387
1603		25.353573
1604		25.353573
1605		35.352165
1606		37.137627
1607		31.781239
1608		26.424850
1609		29.995775
1610		27.496128
1611		27.139034
1612		25.710665
1613		30.352867
1614		33.923794
1615		27.853220
1616		31.067053
1617		32.495422
1618		26.067757
1619		29.638683
1620		27.496128
1621		30.709961
1622		27.496128
1623		28.924498
1624		25.353573
1625		25.353573
1626		29.281590
1627		31.067053
1628		27.496128
1629		29.638683
1630		26.781942
1631		26.067757
1632		30.709961
1633		28.567406
1634		34.280888
1635		30.352867
1636		29.281590
1637		34.637978
1638		33.209610
1639		29.281590
1640		28.210312
1641		31.424147
1642		30.709961
1643		27.496128
1644		29.638683
1645		31.781239
1646		31.781239
1647		31.067053
1648		34.280888
1649		30.352867
1650		31.067053
1651		29.638683
1652		28.210312
1653		29.281590
1654		22.496832
1655		27.853220
1656		34.995071
1657		34.280888
1658		32.138332
1659		31.067053
1660		27.853220
1661		29.995775
1662		29.638683
1663		33.923794
1664		29.281590
1665		33.923794
1666		28.924498
1667		33.209610
1668		26.781942
1669		30.709961
1670		32.495422
1671		23.568110
1672		35.352165
1673		38.565998
1674		36.780533
1675		32.852516
1676		34.637978
1677		32.138332
1678		26.067757
1679		27.496128
1680		34.637978
1681		33.566700
1682		34.637978
1683		36.780533
1684		32.138332
1685		38.565998
1686		42.494015
1687		30.709961
1688		28.567406
1689		28.924498
1690		31.781239
1691		30.352867
1692		34.637978
1693		34.995071
1694		38.208904
1695		31.067053
1696		38.565998
1697		38.208904
1698		43.208199
1699		37.137627
1700		37.137627
1701		36.423443
1702		39.637276
1703		32.852516
1704		31.424147
1705		33.923794
1706		29.281590
1707		34.637978
1708		36.780533
1709		33.566700
1710		31.424147
1711		31.424147
1712		32.852516
1713		28.567406
1714		36.423443
1715		37.494720
1716		33.923794
1717		37.137627
1718		38.923088
1719		37.137627
1720		31.781239
1721		37.494720
1722		29.281590
1723		36.423443
1724		39.280182
1725		39.280182
1726		39.994366
1727		34.995071
1728		41.065643
1729		34.637978
1730		36.423443
1731		40.708553
1732		39.994366
1733		33.566700
1734		41.779831
1735		38.923088
1736		37.494720
1737		33.923794
1738		34.995071
1739		39.280182
1740		39.280182
1741		42.494015
1742		37.137627
1743		33.923794
1744		33.209610
1745		33.566700
1746		39.280182
1747		37.494720
1748		36.780533
1749		38.208904
1750		42.851109
1751		34.995071
1752		36.423443
1753		37.494720
1754		37.494720
1755		40.351460
1756		38.208904
1757		37.851810
1758		39.994366
1759		41.065643
1760		44.279480
1761		34.280888
1762		34.280888
1763		38.565998
1764		36.423443
1765		40.708553
1766		31.424147
1767		30.352867
1768		39.994366
1769		45.707848
1770		38.208904
1771		41.422737
1772		43.922386
1773		41.065643
1774		31.781239
1775		35.709255
1776		36.780533
1777		38.565998
1778		38.923088
1779		37.851810
1780		48.921680
1781		88.201866
1782		161.762939
1783		262.820129
1784		294.958466
1785		273.889984
1786		189.616150
1787		107.127769
1788		66.776306
1789		59.277367
1790		64.990845
1791		63.562477
1792		60.348644
1793		55.349346
1794		60.705734
1795		60.348644
1796		57.848995
1797		57.491901
1798		60.705734
1799		66.062126
1800		61.777016
1801		61.777016
1802		53.563885
1803		59.634457
1804		62.848293
1805		52.135513
1806		61.777016
1807		56.063534
1808		63.919571
1809		62.848293
1810		62.491199
1811		60.705734
1812		69.275955
1813		66.062126
1814		61.419922
1815		67.847588
1816		72.489792
1817		58.920273
1818		68.918861
1819		61.777016
1820		67.133400
1821		58.206089
1822		69.990143
1823		67.133400
1824		63.205383
1825		71.061424
1826		70.704330
1827		57.848995
1828		65.705032
1829		68.561775
1830		65.347939
1831		71.775604
1832		73.561066
1833		70.704330
1834		58.920273
1835		64.990845
1836		72.132698
1837		57.134811
1838		63.205383
1839		61.419922
1840		70.347237
1841		64.276665
1842		66.776306
1843		69.633049
1844		65.705032
1845		68.918861
1846		66.062126
1847		65.347939
1848		61.062828
1849		69.633049
1850		71.061424
1851		62.134106
1852		70.347237
1853		76.417809
1854		72.489792
1855		79.988731
1856		74.275253
1857		82.488380
1858		71.061424
1859		79.274551
1860		82.488380
1861		73.203979
1862		72.846886
1863		72.132698
1864		64.990845
1865		68.918861
1866		77.846176
1867		91.058601
1868		79.988731
1869		79.274551
1870		72.132698
1871		69.275955
1872		73.561066
1873		73.561066
1874		82.131287
1875		73.918159
1876		84.630936
1877		59.277367
1878		77.489090
1879		73.203979
1880		74.275253
1881		74.632347
1882		77.489090
1883		80.345825
1884		76.060715
1885		77.489090
1886		74.989441
1887		78.560364
1888		76.060715
1889		70.704330
1890		70.704330
1891		79.631645
1892		75.703621
1893		73.561066
1894		72.489792
1895		75.346535
1896		86.416397
1897		78.560364
1898		79.274551
1899		79.274551
1900		78.560364
1901		75.346535
1902		82.488380
1903		85.345123
1904		89.273140
1905		87.844772
1906		93.558250
1907		78.203270
1908		86.773491
1909		77.846176
1910		79.631645
1911		92.844070
1912		88.201866
1913		96.414993
1914		82.131287
1915		87.487679
1916		90.344421
1917		81.060013
1918		94.272438
1919		85.702217
1920		95.700806
1921		86.059311
1922		82.845474
1923		84.273842
1924		81.774200
1925		74.989441
1926		71.418510
1927		76.774902
1928		81.774200
1929		73.918159
1930		81.774200
1931		64.276665
1932		69.633049
1933		78.560364
1934		75.703621
1935		67.490494
1936		74.989441
1937		69.990143
1938		67.133400
1939		63.562477
1940		64.990845
1941		66.419220
1942		54.635162
1943		66.776306
1944		61.419922
1945		69.990143
1946		66.062126
1947		59.634457
1948		61.062828
1949		68.918861
1950		59.991550
1951		58.920273
1952		65.347939
1953		60.705734
1954		63.919571
1955		60.705734
1956		59.991550
1957		68.561775
1958		56.777718
1959		68.561775
1960		66.776306
1961		64.990845
1962		59.991550
1963		61.062828
1964		65.705032
1965		57.491901
1966		58.206089
1967		55.349346
1968		58.920273
1969		54.278069
1970		60.348644
1971		68.561775
1972		63.562477
1973		62.848293
1974		63.562477
1975		56.777718
1976		55.706440
1977		64.633751
1978		62.491199
1979		59.277367
1980		63.205383
1981		54.278069
1982		59.634457
1983		56.777718
1984		58.206089
1985		64.633751
1986		76.417809
1987		126.053673
1988		295.315552
1989		580.632507
1990		871.662964
1991		933.082886
1992		811.671387
1993		493.144836
1994		244.965500
1995		136.766449
1996		97.486267
1997		80.345825
1998		86.773491
1999		77.489090
2000		82.845474
2001		74.989441
2002		74.275253
2003		78.203270
2004		77.489090
2005		73.203979
2006		81.774200
2007		76.417809
2008		88.201866
2009		77.489090
2010		76.774902
2011		87.844772
2012		84.988029
2013		80.702919
2014		84.988029
2015		86.773491
2016		84.988029
2017		71.418510
2018		82.131287
2019		79.631645
2020		86.773491
2021		76.060715
2022		74.275253
2023		90.701515
2024		86.416397
2025		74.632347
2026		81.417107
2027		84.273842
2028		75.703621
2029		80.702919
2030		80.702919
2031		89.630234
2032		82.488380
2033		84.988029
2034		79.274551
2035		81.417107
2036		80.345825
2037		86.416397
2038		77.131996
2039		81.417107
2040		85.702217
2041		79.631645
2042		72.489792
2043		93.915344
2044		92.844070
2045		82.845474
2046		86.059311
2047		86.059311
2048		79.988731
2049		82.488380
2050		79.988731
2051		89.630234
2052		79.988731
2053		73.203979
2054		83.916756
2055		74.632347
2056		79.274551
2057		76.060715
2058		73.918159
2059		80.345825
2060		78.203270
2061		82.845474
2062		77.489090
2063		85.345123
2064		81.417107
2065		67.847588
2066		83.916756
2067		69.275955
2068		71.775604
2069		79.988731
2070		73.203979
2071		68.918861
2072		72.846886
2073		76.417809
2074		81.417107
2075		68.561775
2076		67.133400
2077		78.203270
2078		71.418510
2079		70.704330
2080		67.133400
2081		74.275253
2082		71.775604
2083		68.204681
2084		79.988731
2085		84.988029
2086		75.703621
2087		75.703621
2088		74.989441
2089		77.846176
2090		80.702919
2091		83.559662
2092		72.132698
2093		78.203270
2094		89.630234
2095		88.916046
2096		81.417107
2097		72.132698
2098		80.702919
2099		74.275253
2100		60.705734
2101		64.276665
2102		67.847588
2103		67.133400
2104		58.206089
2105		67.490494
2106		58.206089
2107		56.420624
2108		72.132698
2109		57.134811
2110		66.776306
2111		59.277367
2112		52.849701
2113		64.633751
2114		66.776306
2115		65.347939
2116		59.277367
2117		62.848293
2118		55.349346
2119		56.420624
2120		59.634457
2121		57.848995
2122		51.064236
2123		58.563179
2124		49.992958
2125		53.563885
2126		61.062828
2127		58.206089
2128		48.207497
2129		49.992958
2130		47.136219
2131		52.492607
2132		37.851810
2133		55.349346
2134		48.564590
2135		42.136921
2136		46.064941
2137		42.494015
2138		37.137627
2139		44.279480
2140		35.352165
2141		37.851810
2142		47.493313
2143		37.137627
2144		28.924498
2145		33.923794
2146		33.923794
2147		33.209610
2148		28.567406
2149		29.281590
2150		32.138332
2151		30.709961
2152		28.210312
2153		29.995775
2154		30.352867
2155		25.710665
2156		23.568110
2157		30.352867
2158		23.568110
2159		24.996479
2160		22.496832
2161		22.139740
2162		32.495422
2163		38.565998
2164		36.780533
2165		26.067757
2166		25.353573
2167		22.853924
2168		17.854628
2169		23.211018
2170		19.640091
2171		18.925905
2172		18.211721
2173		17.854628
2174		21.425554
2175		19.640091
2176		23.568110
2177		16.069166
2178		18.925905
2179		18.925905
2180		16.426258
2181		18.568813
2182		9.641500
2183		16.069166
2184		19.640091
2185		16.426258
2186		15.354980
2187		18.211721
2188		19.997183
2189		18.568813
2190		16.069166
2191		14.283703
2192		27.496128
2193		69.633049
2194		192.472900
2195		447.079895
2196		845.952271
2197		1170.906494
2198		1212.329224
2199		937.725098
2200		544.566162
2201		212.112991
2202		74.989441
2203		31.424147
2204		16.426258
2205		9.998591
2206		14.283703
2207		14.997888
2208		14.283703
2209		11.784055
2210		11.426962
2211		9.998591
2212		11.784055
2213		13.926610
2214		11.426962
2215		11.069870
2216		11.784055
2217		16.426258
2218		12.141148
2219		11.426962
2220		13.212425
2221		13.569517
2222		12.141148
2223		13.926610
2224		18.568813
2225		15.354980
2226		14.283703
2227		14.640795
2228		9.998591
2229		12.141148
2230		11.784055
2231		9.998591
2232		14.640795
2233		14.640795
2234		13.569517
2235		12.855332
2236		11.069870
2237		13.569517
2238		10.355684
2239		14.283703
2240		12.498240
2241		9.284407
2242		12.141148
2243		10.712777
2244		13.926610
2245		10.355684
2246		10.712777
2247		14.640795
2248		12.141148
2249		12.855332
2250		8.213129
2251		12.498240
2252		12.855332
2253		15.354980
2254		14.283703
2255		13.212425
2256		13.212425
2257		10.712777
2258		12.498240
2259		12.498240
2260		10.355684
2261		13.212425
2262		13.569517
2263		12.141148
2264		9.641500
2265		11.784055
2266		14.640795
2267		11.069870
2268		13.926610
2269		14.283703
2270		12.498240
2271		13.569517
2272		13.212425
2273		8.570222
2274		9.998591
2275		11.784055
2276		13.926610
2277		13.212425
2278		14.283703
2279		13.212425
2280		12.141148
2281		13.212425
2282		14.997888
2283		13.212425
2284		12.141148
2285		11.426962
2286		11.426962
2287		11.784055
2288		9.641500
2289		13.926610
2290		12.855332
2291		10.712777
2292		10.712777
2293		9.284407
2294		17.140444
2295		9.998591
2296		11.784055
2297		8.570222
2298		8.570222
2299		5.356389
2300		11.426962
2301		9.284407
2302		9.998591
2303		6.427666
2304		9.284407
2305		11.426962
2306		9.998591
2307		10.712777
2308		8.570222
2309		8.570222
2310		14.283703
2311		7.498944
2312		10.712777
2313		7.141851
2314		8.213129
2315		7.856037
2316		4.642203
2317		10.712777
2318		7.856037
2319		7.856037
2320		8.927314
2321		7.141851
2322		6.784759
2323		7.141851
2324		5.356389
2325		6.070574
2326		7.856037
2327		4.642203
2328		4.642203
2329		5.713481
2330		5.713481
2331		3.213833
2332		8.570222
2333		8.213129
2334		6.784759
2335		7.856037
2336		4.642203
2337		8.213129
2338		6.427666
2339		7.498944
2340		7.498944
2341		4.999296
2342		3.213833
2343		7.856037
2344		3.570926
2345		4.999296
2346		5.356389
2347		7.141851
2348		3.213833
2349		4.642203
2350		6.427666
2351		5.356389
2352		6.070574
2353		5.713481
2354		6.070574
2355		4.642203
2356		3.570926
2357		4.642203
2358		3.928018
2359		4.999296
2360		5.713481
2361		6.070574
2362		7.141851
2363		6.784759
2364		4.999296
2365		7.141851
2366		6.070574
2367		12.498240
2368		21.068460
2369		34.995071
2370		45.707848
2371		44.279480
2372		31.781239
2373		21.782646
2374		14.283703
2375		6.427666
2376		5.356389
2377		3.213833
2378		3.570926
2379		5.356389
2380		5.356389
2381		6.070574
2382		6.070574
2383		8.213129
2384		3.928018
2385		4.999296
2386		6.784759
2387		5.356389
2388		4.642203
2389		3.928018
2390		2.856740
2391		6.070574
2392		3.570926
2393		5.356389
2394		5.713481
2395		7.141851
2396		4.999296
2397		5.713481
2398		4.999296
2399		3.213833
2400		5.713481
2401		3.928018
2402		6.427666
2403		7.498944
2404		5.356389
2405		5.356389
2406		6.070574
2407		5.356389
2408		6.427666
2409		4.285111
2410		3.928018
2411		2.856740
2412		4.285111
2413		5.713481
2414		7.141851
2415		4.642203
2416		4.999296
2417		2.499648
2418		6.070574
2419		6.427666
2420		3.928018
2421		3.213833
2422		4.285111
2423		2.856740
2424		1.785463
2425		4.999296
2426		4.285111
2427		4.285111
2428		2.499648
2429		4.642203
2430		2.142555
2431		3.213833
2432		7.141851
2433		1.428370
2434		3.213833
2435		2.142555
2436		2.142555
2437		3.928018
2438		2.142555
2439		1.428370
2440		1.785463
2441		1.785463
2442		0.357093
2443		1.785463
2444		1.428370
2445		0.357093
2446		0.714185
2447		0.357093
2448		0.357093
2449		0.357093
2450		0.000000
2451		0.000000
2452		0.357093
2453		0.000000
2454		0.357093
2455		0.357093
2456		0.000000
2457		0.000000
2458		0.000000
2459		0.714185
2460		0.357093
2461		0.000000
2462		0.000000
2463		0.000000
2464		0.000000
2465		0.000000
2466		0.000000
2467		0.357093
2468		0.000000
2469		0.000000
2470		0.000000
2471		0.000000
2472		0.000000
2473		0.000000
2474		0.000000
2475		0.000000
2476		0.000000
2477		0.000000
2478		0.000000
2479		0.000000
2480		0.000000
2481		0.000000
2482		0.000000
2483		0.000000
2484		0.000000
2485		0.000000
2486		0.000000
2487		0.000000
2488		0.000000
2489		0.000000
2490		0.000000
2491		0.000000
2492		0.000000
2493		0.000000
2494		0.000000
2495		0.000000
2496		0.000000
2497		0.000000
2498		0.000000
2499		0.000000
2500		0.000000
2501		0.000000
2502		0.000000
2503		0.000000
2504		0.000000
2505		0.000000
2506		0.000000
2507		0.000000
2508		0.000000
2509		0.000000
2510		0.000000
2511		0.000000
2512		0.000000
2513		0.000000
2514		0.000000
2515		0.000000
2516		0.000000
2517		0.000000
2518		0.000000
2519		0.000000
2520		0.000000
2521		0.000000
2522		0.000000
2523		0.000000
2524		0.000000
2525		0.000000
2526		0.000000
2527		0.000000
2528		0.000000
2529		0.000000
2530		0.000000
2531		0.000000
2532		0.000000
2533		0.000000
2534		0.000000
2535		0.000000
2536		0.000000
2537		0.000000
2538		0.000000
2539		0.000000
2540		0.000000
2541		0.000000
2542		0.000000
2543		0.000000
2544		0.000000
2545		0.000000
2546		0.000000
2547		0.000000
2548		0.000000
2549		0.000000
2550		0.000000
2551		0.000000
2552		0.000000
2553		0.000000
2554		0.000000
2555		0.000000
2556		0.000000
2557		0.000000
2558		0.000000
2559		0.000000
2560		0.000000
2561		0.000000
2562		0.000000
2563		0.000000
2564		0.000000
2565		0.000000
2566		0.000000
2567		0.000000
2568		0.000000
2569		0.000000
2570		0.000000
2571		0.000000
2572		0.000000
2573		0.000000
2574		0.000000
2575		0.000000
2576		0.000000
2577		0.000000
2578		0.000000
2579		0.000000
2580		0.000000
2581		0.000000
2582		0.000000
2583		0.000000
2584		0.000000
2585		0.000000
2586		0.000000
2587		0.000000
2588		0.000000
2589		0.000000
2590		0.000000
2591		0.000000
2592		0.000000
2593		0.000000
2594		0.000000
2595		0.000000
2596		0.000000
2597		0.000000
2598		0.000000
2599		0.000000
2600		0.000000
2601		0.000000
2602		0.000000
2603		0.000000
2604		0.000000
2605		0.000000
2606		0.000000
2607		0.000000
2608		0.000000
2609		0.000000
2610		0.000000
2611		0.000000
2612		0.000000
2613		0.000000
2614		0.000000
2615		0.000000
2616		0.000000
2617		0.000000
2618		0.000000
2619		0.000000
2620		0.000000
2621		0.000000
2622		0.000000
2623		0.000000
2624		0.000000
2625		0.000000
2626		0.000000
2627		0.000000
2628		0.000000
2629		0.000000
2630		0.000000
2631		0.000000
2632		0.000000
2633		0.000000
2634		0.000000
2635		0.000000
2636		0.000000
2637		0.000000
2638		0.000000
2639		0.000000
2640		0.000000
2641		0.000000
2642		0.000000
2643		0.000000
2644		0.000000
2645		0.000000
2646		0.000000
2647		0.000000
2648		0.000000
2649		0.000000
2650		0.000000
2651		0.000000
2652		0.000000
2653		0.000000
2654		0.000000
2655		0.000000
2656		0.000000
2657		0.000000
2658		0.000000
2659		0.000000
2660		0.000000
2661		0.000000
2662		0.000000
2663		0.000000
2664		0.000000
2665		0.000000
2666		0.000000
2667		0.000000
2668		0.000000
2669		0.000000
2670		0.000000
2671		0.000000
2672		0.000000
2673		0.000000
2674		0.000000
2675		0.000000
2676		0.000000
2677		0.000000
2678		0.000000
2679		0.000000
2680		0.000000
2681		0.000000
2682		0.000000
2683		0.000000
2684		0.000000
2685		0.000000
2686		0.000000
2687		0.000000
2688		0.000000
2689		0.000000
2690		0.000000
2691		0.000000
2692		0.000000
2693		0.000000
2694		0.000000
2695		0.000000
2696		0.000000
2697		0.000000
2698		0.000000
2699		0.000000
2700		0.000000
2701		0.000000
2702		0.000000
2703		0.000000
2704		0.000000
2705		0.000000
2706		0.000000
2707		0.000000
2708		0.000000
2709		0.000000
2710		0.000000
2711		0.000000
2712		0.000000
2713		0.000000
2714		0.000000
2715		0.000000
2716		0.000000
2717		0.000000
2718		0.000000
2719		0.000000
2720		0.000000
2721		0.000000
2722		0.000000
2723		0.000000
2724		0.000000
2725		0.000000
2726		0.000000
2727		0.000000
2728		0.000000
2729		0.000000
2730		0.000000
2731		0.000000
2732		0.000000
2733		0.000000
2734		0.000000
2735		0.000000
2736		0.000000
2737		0.000000
2738		0.000000
2739		0.000000
2740		0.000000
2741		0.000000
2742		0.000000
2743		0.000000
2744		0.000000
2745		0.000000
2746		0.000000
2747		0.000000
2748		0.000000
2749		0.000000
2750		0.000000
2751		0.000000
2752		0.000000
2753		0.000000
2754		0.000000
2755		0.000000
2756		0.000000
2757		0.000000
2758		0.000000
2759		0.000000
2760		0.000000
2761		0.000000
2762		0.000000
2763		0.000000
2764		0.000000
2765		0.000000
2766		0.000000
2767		0.000000
2768		0.000000
2769		0.000000
2770		0.000000
2771		0.000000
2772		0.000000
2773		0.000000
2774		0.000000
2775		0.000000
2776		0.000000
2777		0.000000
2778		0.000000
2779		0.000000
2780		0.000000
2781		0.000000
2782		0.000000
2783		0.000000
2784		0.000000
2785		0.000000
2786		0.000000
2787		0.000000
2788		0.000000
2789		0.000000
2790		0.000000
2791		0.000000
2792		0.000000
2793		0.000000
2794		0.000000
2795		0.000000
2796		0.000000
2797		0.000000
2798		0.000000
2799		0.000000
2800		0.000000
2801		0.000000
2802		0.000000
2803		0.000000
2804		0.000000
2805		0.000000
2806		0.000000
2807		0.000000
2808		0.000000
2809		0.000000
2810		0.000000
2811		0.000000
2812		0.000000
2813		0.000000
2814		0.000000
2815		0.000000
2816		0.000000
2817		0.000000
2818		0.000000
2819		0.000000
2820		0.000000
2821		0.000000
2822		0.000000
2823		0.000000
2824		0.000000
2825		0.000000
2826		0.000000
2827		0.000000
2828		0.000000
2829		0.000000
2830		0.000000
2831		0.000000
2832		0.000000
2833		0.000000
2834		0.000000
2835		0.000000
2836		0.000000
2837		0.000000
2838		0.000000
2839		0.000000
2840		0.000000
2841		0.000000
2842		0.000000
2843		0.000000
2844		0.000000
2845		0.000000
2846		0.000000
2847		0.000000
2848		0.000000
2849		0.000000
2850		0.000000
2851		0.000000
2852		0.000000
2853		0.000000
2854		0.000000
2855		0.000000
2856		0.000000
2857		0.000000
2858		0.000000
2859		0.000000
2860		0.000000
2861		0.000000
2862		0.000000
2863		0.000000
2864		0.000000
2865		0.000000
2866		0.000000
2867		0.000000
2868		0.000000
2869		0.000000
2870		0.000000
2871		0.000000
2872		0.000000
2873		0.000000
2874		0.000000
2875		0.000000
2876		0.000000
2877		0.000000
2878		0.000000
2879		0.000000
2880		0.000000
2881		0.000000
2882		0.000000
2883		0.000000
2884		0.000000
2885		0.000000
2886		0.000000
2887		0.000000
2888		0.000000
2889		0.000000
2890		0.000000
2891		0.000000
2892		0.000000
2893		0.000000
2894		0.000000
2895		0.000000
2896		0.000000
2897		0.000000
2898		0.000000
2899		0.000000
2900		0.000000
2901		0.000000
2902		0.000000
2903		0.000000
2904		0.000000
2905		0.000000
2906		0.000000
2907		0.000000
2908		0.000000
2909		0.000000
2910		0.000000
2911		0.000000
2912		0.000000
2913		0.000000
2914		0.000000
2915		0.000000
2916		0.000000
2917		0.000000
2918		0.000000
2919		0.000000
2920		0.000000
2921		0.000000
2922		0.000000
2923		0.000000
2924		0.000000
2925		0.000000
2926		0.000000
2927		0.000000
2928		0.000000
2929		0.000000
2930		0.000000
2931		0.000000
2932		0.000000
2933		0.000000
2934		0.000000
2935		0.000000
2936		0.000000
2937		0.000000
2938		0.000000
2939		0.000000
2940		0.000000
2941		0.000000
2942		0.000000
2943		0.000000
2944		0.000000
2945		0.000000
2946		0.000000
2947		0.000000
2948		0.000000
2949		0.000000
2950		0.000000
2951		0.000000
2952		0.000000
2953		0.000000
2954		0.000000
2955		0.000000
2956		0.000000
2957		0.000000
2958		0.000000
2959		0.000000
2960		0.000000
2961		0.000000
2962		0.000000
2963		0.000000
2964		0.000000
2965		0.000000
2966		0.000000
2967		0.000000
2968		0.000000
2969		0.000000
2970		0.000000
2971		0.000000
2972		0.000000
2973		0.000000
2974		0.000000
2975		0.000000
2976		0.000000
2977		0.000000
2978		0.000000
2979		0.000000
2980		0.000000
2981		0.000000
2982		0.000000
2983		0.000000
2984		0.000000
2985		0.000000
2986		0.000000
2987		0.000000
2988		0.000000
2989		0.000000
2990		0.000000
2991		0.000000
2992		0.000000
2993		0.000000
2994		0.000000
2995		0.000000
2996		0.000000
2997		0.000000
2998		0.000000
2999		0.000000
3000		0.000000
3001		0.000000
3002		0.000000
3003		0.000000
3004		0.000000
3005		0.000000
3006		0.000000
3007		0.000000
3008		0.000000
3009		0.000000
3010		0.000000
3011		0.000000
3012		0.000000
3013		0.000000
3014		0.000000
3015		0.000000
3016		0.000000
3017		0.000000
3018		0.000000
3019		0.000000
3020		0.000000
3021		0.000000
3022		0.000000
3023		0.000000
3024		0.000000
3025		0.000000
3026		0.000000
3027		0.000000
3028		0.000000
3029		0.000000
3030		0.000000
3031		0.000000
3032		0.000000
3033		0.000000
3034		0.000000
3035		0.000000
3036		0.000000
3037		0.000000
3038		0.000000
3039		0.000000
3040		0.000000
3041		0.000000
3042		0.000000
3043		0.000000
3044		0.000000
3045		0.000000
3046		0.000000
3047		0.000000
3048		0.000000
3049		0.000000
3050		0.000000
3051		0.000000
3052		0.000000
3053		0.000000
3054		0.000000
3055		0.000000
3056		0.000000
3057		0.000000
3058		0.000000
3059		0.000000
3060		0.000000
3061		0.000000
3062		0.000000
3063		0.000000
3064		0.000000
3065		0.000000
3066		0.000000
3067		0.000000
3068		0.000000
3069		0.000000
3070		0.000000
3071		0.000000
3072		0.000000
3073		0.000000
3074		0.000000
3075		0.000000
3076		0.000000
3077		0.000000
3078		0.000000
3079		0.000000
3080		0.000000
3081		0.000000
3082		0.000000
3083		0.000000
3084		0.000000
3085		0.000000
3086		0.000000
3087		0.000000
3088		0.000000
3089		0.000000
3090		0.000000
3091		0.000000
3092		0.000000
3093		0.000000
3094		0.000000
3095		0.000000
3096		0.000000
3097		0.000000
3098		0.000000
3099		0.000000
3100		0.000000
3101		0.000000
3102		0.000000
3103		0.000000
3104		0.000000
3105		0.000000
3106		0.000000
3107		0.000000
3108		0.000000
3109		0.000000
3110		0.000000
3111		0.000000
3112		0.000000
3113		0.000000
3114		0.000000
3115		0.000000
3116		0.000000
3117		0.000000
3118		0.000000
3119		0.000000
3120		0.000000
3121		0.000000
3122		0.000000
3123		0.000000
3124		0.000000
3125		0.000000
3126		0.000000
3127		0.000000
3128		0.000000
3129		0.000000
3130		0.000000
3131		0.000000
3132		0.000000
3133		0.000000
3134		0.000000
3135		0.000000
3136		0.000000
3137		0.000000
3138		0.000000
3139		0.000000
3140		0.000000
3141		0.000000
3142		0.000000
3143		0.000000
3144		0.000000
3145		0.000000
3146		0.000000
3147		0.000000
3148		0.000000
3149		0.000000
3150		0.000000
3151		0.000000
3152		0.000000
3153		0.000000
3154		0.000000
3155		0.000000
3156		0.000000
3157		0.000000
3158		0.000000
3159		0.000000
3160		0.000000
3161		0.000000
3162		0.000000
3163		0.000000
3164		0.000000
3165		0.000000
3166		0.000000
3167		0.000000
3168		0.000000
3169		0.000000
3170		0.000000
3171		0.000000
3172		0.000000
3173		0.000000
3174		0.000000
3175		0.000000
3176		0.000000
3177		0.000000
3178		0.000000
3179		0.000000
3180		0.000000
3181		0.000000
3182		0.000000
3183		0.000000
3184		0.000000
3185		0.000000
3186		0.000000
3187		0.000000
3188		0.000000
3189		0.000000
3190		0.000000
3191		0.000000
3192		0.000000
3193		0.000000
3194		0.000000
3195		0.000000
3196		0.000000
3197		0.000000
3198		0.000000
3199		0.000000
3200		0.000000
3201		0.000000
3202		0.000000
3203		0.000000
3204		0.000000
3205		0.000000
3206		0.000000
3207		0.000000
3208		0.000000
3209		0.000000
3210		0.000000
3211		0.000000
3212		0.000000
3213		0.000000
3214		0.000000
3215		0.000000
3216		0.000000
3217		0.000000
3218		0.000000
3219		0.000000
3220		0.000000
3221		0.000000
3222		0.000000
3223		0.000000
3224		0.000000
3225		0.000000
3226		0.000000
3227		0.000000
3228		0.000000
3229		0.000000
3230		0.000000
3231		0.000000
3232		0.000000
3233		0.000000
3234		0.000000
3235		0.000000
3236		0.000000
3237		0.000000
3238		0.000000
3239		0.000000
3240		0.000000
3241		0.000000
3242		0.000000
3243		0.000000
3244		0.000000
3245		0.000000
3246		0.000000
3247		0.000000
3248		0.000000
3249		0.000000
3250		0.000000
3251		0.000000
3252		0.000000
3253		0.000000
3254		0.000000
3255		0.000000
3256		0.000000
3257		0.000000
3258		0.000000
3259		0.000000
3260		0.000000
3261		0.000000
3262		0.000000
3263		0.000000
3264		0.000000
3265		0.000000
3266		0.000000
3267		0.000000
3268		0.000000
3269		0.000000
3270		0.000000
3271		0.000000
3272		0.000000
3273		0.000000
3274		0.000000
3275		0.000000
3276		0.000000
3277		0.000000
3278		0.000000
3279		0.000000
3280		0.000000
3281		0.000000
3282		0.000000
3283		0.000000
3284		0.000000
3285		0.000000
3286		0.000000
3287		0.000000
3288		0.000000
3289		0.000000
3290		0.000000
3291		0.000000
3292		0.000000
3293		0.000000
3294		0.000000
3295		0.000000
3296		0.000000
3297		0.000000
3298		0.000000
3299		0.000000
3300		0.000000
3301		0.000000
3302		0.000000
3303		0.000000
3304		0.000000
3305		0.000000
3306		0.000000
3307		0.000000
3308		0.000000
3309		0.000000
3310		0.000000
3311		0.000000
3312		0.000000
3313		0.000000
3314		0.000000
3315		0.000000
3316		0.000000
3317		0.000000
3318		0.000000
3319		0.000000
3320		0.000000
3321		0.000000
3322		0.000000
3323		0.000000
3324		0.000000
3325		0.000000
3326		0.000000
3327		0.000000
3328		0.000000
3329		0.000000
3330		0.000000
3331		0.000000
3332		0.000000
3333		0.000000
3334		0.000000
3335		0.000000
3336		0.000000
3337		0.000000
3338		0.000000
3339		0.000000
3340		0.000000
3341		0.000000
3342		0.000000
3343		0.000000
3344		0.000000
3345		0.000000
3346		0.000000
3347		0.000000
3348		0.000000
3349		0.000000
3350		0.000000
3351		0.000000
3352		0.000000
3353		0.000000
3354		0.000000
3355		0.000000
3356		0.000000
3357		0.000000
3358		0.000000
3359		0.000000
3360		0.000000
3361		0.000000
3362		0.000000
3363		0.000000
3364		0.000000
3365		0.000000
3366		0.000000
3367		0.000000
3368		0.000000
3369		0.000000
3370		0.000000
3371		0.000000
3372		0.000000
3373		0.000000
3374		0.000000
3375		0.000000
3376		0.000000
3377		0.000000
3378		0.000000
3379		0.000000
3380		0.000000
3381		0.000000
3382		0.000000
3383		0.000000
3384		0.000000
3385		0.000000
3386		0.000000
3387		0.000000
3388		0.000000
3389		0.000000
3390		0.000000
3391		0.000000
3392		0.000000
3393		0.000000
3394		0.000000
3395		0.000000
3396		0.000000
3397		0.000000
3398		0.000000
3399		0.000000
3400		0.000000
3401		0.000000
3402		0.000000
3403		0.000000
3404		0.000000
3405		0.000000
3406		0.000000
3407		0.000000
3408		0.000000
3409		0.000000
3410		0.000000
3411		0.000000
3412		0.000000
3413		0.000000
3414		0.000000
3415		0.000000
3416		0.000000
3417		0.000000
3418		0.000000
3419		0.000000
3420		0.000000
3421		0.000000
3422		0.000000
3423		0.000000
3424		0.000000
3425		0.000000
3426		0.000000
3427		0.000000
3428		0.000000
3429		0.000000
3430		0.000000
3431		0.000000
3432		0.000000
3433		0.000000
3434		0.000000
3435		0.000000
3436		0.000000
3437		0.000000
3438		0.000000
3439		0.000000
3440		0.000000
3441		0.000000
3442		0.000000
3443		0.000000
3444		0.000000
3445		0.000000
3446		0.000000
3447		0.000000
3448		0.000000
3449		0.000000
3450		0.000000
3451		0.000000
3452		0.000000
3453		0.000000
3454		0.000000
3455		0.000000
3456		0.000000
3457		0.000000
3458		0.000000
3459		0.000000
3460		0.000000
3461		0.000000
3462		0.000000
3463		0.000000
3464		0.000000
3465		0.000000
3466		0.000000
3467		0.000000
3468		0.000000
3469		0.000000
3470		0.000000
3471		0.000000
3472		0.000000
3473		0.000000
3474		0.000000
3475		0.000000
3476		0.000000
3477		0.000000
3478		0.000000
3479		0.000000
3480		0.000000
3481		0.000000
3482		0.000000
3483		0.000000
3484		0.000000
3485		0.000000
3486		0.000000
3487		0.000000
3488		0.000000
3489		0.000000
3490		0.000000
3491		0.000000
3492		0.000000
3493		0.000000
3494		0.000000
3495		0.000000
3496		0.000000
3497		0.000000
3498		0.000000
3499		0.000000
3500		0.000000
3501		0.000000
3502		0.000000
3503		0.000000
3504		0.000000
3505		0.000000
3506		0.000000
3507		0.000000
3508		0.000000
3509		0.000000
3510		0.000000
3511		0.000000
3512		0.000000
3513		0.000000
3514		0.000000
3515		0.000000
3516		0.000000
3517		0.000000
3518		0.000000
3519		0.000000
3520		0.000000
3521		0.000000
3522		0.000000
3523		0.000000
3524		0.000000
3525		0.000000
3526		0.000000
3527		0.000000
3528		0.000000
3529		0.000000
3530		0.000000
3531		0.000000
3532		0.000000
3533		0.000000
3534		0.000000
3535		0.000000
3536		0.000000
3537		0.000000
3538		0.000000
3539		0.000000
3540		0.000000
3541		0.000000
3542		0.000000
3543		0.000000
3544		0.000000
3545		0.000000
3546		0.000000
3547		0.000000
3548		0.000000
3549		0.000000
3550		0.000000
3551		0.000000
3552		0.000000
3553		0.000000
3554		0.000000
3555		0.000000
3556		0.000000
3557		0.000000
3558		0.000000
3559		0.000000
3560		0.000000
3561		0.000000
3562		0.000000
3563		0.000000
3564		0.000000
3565		0.000000
3566		0.000000
3567		0.000000
3568		0.000000
3569		0.000000
3570		0.000000
3571		0.000000
3572		0.000000
3573		0.000000
3574		0.000000
3575		0.000000
3576		0.000000
3577		0.000000
3578		0.000000
3579		0.000000
3580		0.000000
3581		0.000000
3582		0.000000
3583		0.000000
3584		0.000000
3585		0.000000
3586		0.000000
3587		0.000000
3588		0.000000
3589		0.000000
3590		0.000000
3591		0.000000
3592		0.000000
3593		0.000000
3594		0.000000
3595		0.000000
3596		0.000000
3597		0.000000
3598		0.000000
3599		0.000000
3600		0.000000
3601		0.000000
3602		0.000000
3603		0.000000
3604		0.000000
3605		0.000000
3606		0.000000
3607		0.000000
3608		0.000000
3609		0.000000
3610		0.000000
3611		0.000000
3612		0.000000
3613		0.000000
3614		0.000000
3615		0.000000
3616		0.000000
3617		0.000000
3618		0.000000
3619		0.000000
3620		0.000000
3621		0.000000
3622		0.000000
3623		0.000000
3624		0.000000
3625		0.000000
3626		0.000000
3627		0.000000
3628		0.000000
3629		0.000000
3630		0.000000
3631		0.000000
3632		0.000000
3633		0.000000
3634		0.000000
3635		0.000000
3636		0.000000
3637		0.000000
3638		0.000000
3639		0.000000
3640		0.000000
3641		0.000000
3642		0.000000
3643		0.000000
3644		0.000000
3645		0.000000
3646		0.000000
3647		0.000000
3648		0.000000
3649		0.000000
3650		0.000000
3651		0.000000
3652		0.000000
3653		0.000000
3654		0.000000
3655		0.000000
3656		0.000000
3657		0.000000
3658		0.000000
3659		0.000000
3660		0.000000
3661		0.000000
3662		0.000000
3663		0.000000
3664		0.000000
3665		0.000000
3666		0.000000
3667		0.000000
3668		0.000000
3669		0.000000
3670		0.000000
3671		0.000000
3672		0.000000
3673		0.000000
3674		0.000000
3675		0.000000
3676		0.000000
3677		0.000000
3678		0.000000
3679		0.000000
3680		0.000000
3681		0.000000
3682		0.000000
3683		0.000000
3684		0.000000
3685		0.000000
3686		0.000000
3687		0.000000
3688		0.000000
3689		0.000000
3690		0.000000
3691		0.000000
3692		0.000000
3693		0.000000
3694		0.000000
3695		0.000000
3696		0.000000
3697		0.000000
3698		0.000000
3699		0.000000
3700		0.000000
3701		0.000000
3702		0.000000
3703		0.000000
3704		0.000000
3705		0.000000
3706		0.000000
3707		0.000000
3708		0.000000
3709		0.000000
3710		0.000000
3711		0.000000
3712		0.000000
3713		0.000000
3714		0.000000
3715		0.000000
3716		0.000000
3717		0.000000
3718		0.000000
3719		0.000000
3720		0.000000
3721		0.000000
3722		0.000000
3723		0.000000
3724		0.000000
3725		0.000000
3726		0.000000
3727		0.000000
3728		0.000000
3729		0.000000
3730		0.000000
3731		0.000000
3732		0.000000
3733		0.000000
3734		0.000000
3735		0.000000
3736		0.000000
3737		0.000000
3738		0.000000
3739		0.000000
3740		0.000000
3741		0.000000
3742		0.000000
3743		0.000000
3744		0.000000
3745		0.000000
3746		0.000000
3747		0.000000
3748		0.000000
3749		0.000000
3750		0.000000
3751		0.000000
3752		0.000000
3753		0.000000
3754		0.000000
3755		0.000000
3756		0.000000
3757		0.000000
3758		0.000000
3759		0.000000
3760		0.000000
3761		0.000000
3762		0.000000
3763		0.000000
3764		0.000000
3765		0.000000
3766		0.000000
3767		0.000000
3768		0.000000
3769		0.000000
3770		0.000000
3771		0.000000
3772		0.000000
3773		0.000000
3774		0.000000
3775		0.000000
3776		0.000000
3777		0.000000
3778		0.000000
3779		0.000000
3780		0.000000
3781		0.000000
3782		0.000000
3783		0.000000
3784		0.000000
3785		0.000000
3786		0.000000
3787		0.000000
3788		0.000000
3789		0.000000
3790		0.000000
3791		0.000000
3792		0.000000
3793		0.000000
3794		0.000000
3795		0.000000
3796		0.000000
3797		0.000000
3798		0.000000
3799		0.000000
3800		0.000000
3801		0.000000
3802		0.000000
3803		0.000000
3804		0.000000
3805		0.000000
3806		0.000000
3807		0.000000
3808		0.000000
3809		0.000000
3810		0.000000
3811		0.000000
3812		0.000000
3813		0.000000
3814		0.000000
3815		0.000000
3816		0.000000
3817		0.000000
3818		0.000000
3819		0.000000
3820		0.000000
3821		0.000000
3822		0.000000
3823		0.000000
3824		0.000000
3825		0.000000
3826		0.000000
3827		0.000000
3828		0.000000
3829		0.000000
3830		0.000000
3831		0.000000
3832		0.000000
3833		0.000000
3834		0.000000
3835		0.000000
3836		0.000000
3837		0.000000
3838		0.000000
3839		0.000000
3840		0.000000
3841		0.000000
3842		0.000000
3843		0.000000
3844		0.000000
3845		0.000000
3846		0.000000
3847		0.000000
3848		0.000000
3849		0.000000
3850		0.000000
3851		0.000000
3852		0.000000
3853		0.000000
3854		0.000000
3855		0.000000
3856		0.000000
3857		0.000000
3858		0.000000
3859		0.000000
3860		0.000000
3861		0.000000
3862		0.000000
3863		0.000000
3864		0.000000
3865		0.000000
3866		0.000000
3867		0.000000
3868		0.000000
3869		0.000000
3870		0.000000
3871		0.000000
3872		0.000000
3873		0.000000
3874		0.000000
3875		0.000000
3876		0.000000
3877		0.000000
3878		0.000000
3879		0.000000
3880		0.000000
3881		0.000000
3882		0.000000
3883		0.000000
3884		0.000000
3885		0.000000
3886		0.000000
3887		0.000000
3888		0.000000
3889		0.000000
3890		0.000000
3891		0.000000
3892		0.000000
3893		0.000000
3894		0.000000
3895		0.000000
3896		0.000000
3897		0.000000
3898		0.000000
3899		0.000000
3900		0.000000
3901		0.000000
3902		0.000000
3903		0.000000
3904		0.000000
3905		0.000000
3906		0.000000
3907		0.000000
3908		0.000000
3909		0.000000
3910		0.000000
3911		0.000000
3912		0.000000
3913		0.000000
3914		0.000000
3915		0.000000
3916		0.000000
3917		0.000000
3918		0.000000
3919		0.000000
3920		0.000000
3921		0.000000
3922		0.000000
3923		0.000000
3924		0.000000
3925		0.000000
3926		0.000000
3927		0.000000
3928		0.000000
3929		0.000000
3930		0.000000
3931		0.000000
3932		0.000000
3933		0.000000
3934		0.000000
3935		0.000000
3936		0.000000
3937		0.000000
3938		0.000000
3939		0.000000
3940		0.000000
3941		0.000000
3942		0.000000
3943		0.000000
3944		0.000000
3945		0.000000
3946		0.000000
3947		0.000000
3948		0.000000
3949		0.000000
3950		0.000000
3951		0.000000
3952		0.000000
3953		0.000000
3954		0.000000
3955		0.000000
3956		0.000000
3957		0.000000
3958		0.000000
3959		0.000000
3960		0.000000
3961		0.000000
3962		0.000000
3963		0.000000
3964		0.000000
3965		0.000000
3966		0.000000
3967		0.000000
3968		0.000000
3969		0.000000
3970		0.000000
3971		0.000000
3972		0.000000
3973		0.000000
3974		0.000000
3975		0.000000
3976		0.000000
3977		0.000000
3978		0.000000
3979		0.000000
3980		0.000000
3981		0.000000
3982		0.000000
3983		0.000000
3984		0.000000
3985		0.000000
3986		0.000000
3987		0.000000
3988		0.000000
3989		0.000000
3990		0.000000
3991		0.000000
3992		0.000000
3993		0.000000
3994		0.000000
3995		0.000000
3996		0.000000
3997		0.000000
3998		0.000000
3999		0.000000
4000		0.000000
4001		0.000000
4002		0.000000
4003		0.000000
4004		0.000000
4005		0.000000
4006		0.000000
4007		0.000000
4008		0.000000
4009		0.000000
4010		0.000000
4011		0.000000
4012		0.000000
4013		0.000000
4014		0.000000
4015		0.000000
4016		0.000000
4017		0.000000
4018		0.000000
4019		0.000000
4020		0.000000
4021		0.000000
4022		0.000000
4023		0.000000
4024		0.000000
4025		0.000000
4026		0.000000
4027		0.000000
4028		0.000000
4029		0.000000
4030		0.000000
4031		0.000000
4032		0.000000
4033		0.000000
4034		0.000000
4035		0.000000
4036		0.000000
4037		0.000000
4038		0.000000
4039		0.000000
4040		0.000000
4041		0.000000
4042		0.000000
4043		0.000000
4044		0.000000
4045		0.000000
4046		0.000000
4047		0.000000
4048		0.000000
4049		0.000000
4050		0.000000
4051		0.000000
4052		0.000000
4053		0.000000
4054		0.000000
4055		0.000000
4056		0.000000
4057		0.000000
4058		0.000000
4059		0.000000
4060		0.000000
4061		0.000000
4062		0.000000
4063		0.000000
4064		0.000000
4065		0.000000
4066		0.000000
4067		0.000000
4068		0.000000
4069		0.000000
4070		0.000000
4071		0.000000
4072		0.000000
4073		0.000000
4074		0.000000
4075		0.000000
4076		0.000000
4077		0.000000
4078		0.000000
4079		0.000000
4080		0.000000
4081		0.000000
4082		0.000000
4083		0.000000
4084		0.000000
4085		0.000000
4086		0.000000
4087		0.000000
4088		0.000000
4089		0.000000
4090		0.000000
4091		0.000000
4092		0.000000
4093		0.000000
4094		0.000000
4095		0.000000
