0		0.000000
1		0.000000
2		0.000000
3		0.000000
4		0.000000
5		0.000000
6		0.000000
7		0.000000
8		0.000000
9		0.000000
10		0.000000
11		0.000000
12		0.000000
13		0.000000
14		0.000000
15		0.000000
16		0.000000
17		0.000000
18		0.000000
19		0.000000
20		0.000000
21		0.000000
22		0.000000
23		0.000000
24		0.000000
25		0.000000
26		0.000000
27		0.000000
28		0.000000
29		0.000000
30		0.000000
31		0.000000
32		0.000000
33		0.000000
34		0.000000
35		0.000000
36		0.000000
37		0.000000
38		0.000000
39		0.000000
40		0.000000
41		0.000000
42		0.000000
43		0.000000
44		0.000000
45		0.000000
46		0.000000
47		0.000000
48		0.000000
49		0.000000
50		0.000000
51		0.000000
52		0.000000
53		0.000000
54		0.000000
55		0.000000
56		0.000000
57		0.000000
58		0.000000
59		0.000000
60		0.000000
61		0.000000
62		0.000000
63		0.000000
64		0.000000
65		0.000000
66		0.000000
67		0.000000
68		0.000000
69		0.000000
70		0.000000
71		0.000000
72		0.000000
73		0.000000
74		0.000000
75		0.000000
76		0.000000
77		0.000000
78		0.000000
79		0.000000
80		0.000000
81		0.000000
82		0.000000
83		0.000000
84		0.000000
85		0.000000
86		0.000000
87		0.000000
88		0.000000
89		0.000000
90		0.000000
91		0.000000
92		0.000000
93		0.000000
94		0.000000
95		0.000000
96		0.000000
97		0.000000
98		0.000000
99		0.000000
100		0.000000
101		0.000000
102		0.000000
103		0.000000
104		0.000000
105		0.000000
106		0.000000
107		0.000000
108		0.000000
109		111923.390625
110		12968.098633
111		198.420502
112		185.932495
113		168.588058
114		193.217178
115		176.219604
116		168.934937
117		173.444504
118		178.994720
119		166.159836
120		179.341614
121		190.788940
122		185.238724
123		180.729172
124		197.379837
125		183.504272
126		198.073624
127		194.604721
128		191.135834
129		198.420502
130		209.174057
131		210.908508
132		204.317612
133		211.949173
134		226.865402
135		222.355850
136		244.903625
137		225.130951
138		254.269638
139		267.104523
140		230.334290
141		186.973175
142		172.403824
143		186.626282
144		194.951614
145		184.891830
146		188.707611
147		190.788940
148		211.255402
149		192.523392
150		188.360718
151		220.274506
152		218.540070
153		251.494522
154		241.781631
155		256.004089
156		259.126068
157		264.329407
158		295.896301
159		279.939423
160		274.736084
161		312.893860
162		294.855652
163		306.996765
164		303.874756
165		348.970337
166		352.092346
167		356.948792
168		352.786102
169		343.420105
170		368.396118
171		365.621002
172		409.675903
173		397.187897
174		420.776367
175		423.204590
176		432.917480
177		472.115936
178		449.915039
179		488.766602
180		502.295258
181		489.807251
182		1545.043579
183		7813.327637
184		2559.693848
185		258.085419
186		237.618958
187		238.659622
188		256.350983
189		238.312744
190		255.310303
191		291.733643
192		306.302979
193		290.692993
194		289.652313
195		276.817413
196		289.305420
197		287.917877
198		275.776764
199		278.898743
200		259.819855
201		272.307861
202		259.819855
203		265.716980
204		284.102081
205		257.391632
206		237.965851
207		269.879639
208		269.532745
209		271.267181
210		258.085419
211		274.042297
212		269.879639
213		261.554291
214		248.719406
215		244.556747
216		249.760071
217		255.657196
218		246.638077
219		243.169189
220		230.681183
221		226.518509
222		237.272079
223		250.453857
224		235.537628
225		237.272079
226		234.843857
227		234.150070
228		223.396515
229		226.518509
230		220.968292
231		228.599854
232		219.580734
233		213.336731
234		205.358292
235		219.233841
236		217.846283
237		212.296066
238		222.008957
239		212.296066
240		208.133392
241		216.805618
242		197.379837
243		210.561615
244		202.236282
245		210.561615
246		202.236282
247		203.623840
248		194.604721
249		191.829620
250		183.157394
251		196.339172
252		174.832047
253		175.525833
254		172.403824
255		184.891830
256		189.054504
257		170.669388
258		173.791382
259		160.956497
260		178.300949
261		176.566498
262		166.159836
263		172.056946
264		187.320053
265		175.178940
266		175.178940
267		161.997162
268		156.793823
269		180.729172
270		170.322495
271		159.915833
272		146.734039
273		168.241165
274		175.872726
275		180.382278
276		156.100052
277		168.588058
278		163.731613
279		160.609604
280		163.037827
281		154.365601
282		159.568939
283		167.894272
284		164.425385
285		166.506714
286		163.731613
287		163.731613
288		161.650269
289		165.466049
290		155.406265
291		158.875153
292		157.834488
293		148.468491
294		140.836929
295		151.937378
296		157.140717
297		163.731613
298		157.140717
299		152.284271
300		155.406265
301		152.978043
302		153.324936
303		167.894272
304		155.059387
305		153.324936
306		150.202942
307		156.793823
308		144.305817
309		149.509155
310		157.487610
311		151.937378
312		147.427826
313		169.628723
314		195.298508
315		822.820679
316		955.332275
317		223.743408
318		147.427826
319		133.899155
320		151.937378
321		137.368042
322		140.836929
323		144.305817
324		137.021149
325		131.817825
326		129.389603
327		131.817825
328		148.815384
329		156.100052
330		148.121597
331		151.243607
332		139.102493
333		138.755600
334		128.002045
335		154.018707
336		150.896713
337		141.877594
338		131.470932
339		142.224487
340		142.224487
341		148.468491
342		155.406265
343		138.755600
344		135.286713
345		150.896713
346		153.671829
347		152.978043
348		135.980484
349		156.100052
350		142.571381
351		144.999603
352		151.937378
353		146.387161
354		150.896713
355		148.815384
356		159.568939
357		157.834488
358		148.468491
359		160.956497
360		154.712494
361		156.100052
362		148.815384
363		146.734039
364		149.856049
365		158.875153
366		169.975601
367		157.487610
368		150.202942
369		156.446930
370		161.303391
371		152.284271
372		168.934937
373		179.341614
374		155.406265
375		173.444504
376		165.812943
377		159.222046
378		163.384720
379		174.138275
380		159.568939
381		160.609604
382		173.791382
383		168.241165
384		168.588058
385		174.485168
386		183.851166
387		177.260284
388		184.544952
389		209.867844
390		217.846283
391		208.827179
392		185.238724
393		198.767395
394		190.095169
395		205.705170
396		198.767395
397		200.154953
398		189.054504
399		218.886963
400		212.296066
401		214.724289
402		226.518509
403		229.987411
404		236.925186
405		247.331848
406		228.252960
407		202.583176
408		145.346497
409		142.571381
410		132.858490
411		147.427826
412		130.083374
413		133.552261
414		134.246048
415		136.327377
416		127.308258
417		123.839371
418		116.901588
419		123.839371
420		121.411148
421		121.758041
422		111.004478
423		112.392036
424		105.801147
425		104.413589
426		108.229370
427		115.167145
428		101.291588
429		100.250923
430		82.906471
431		102.332253
432		101.291588
433		104.413589
434		96.435143
435		88.456696
436		94.353806
437		84.987801
438		85.681580
439		71.112244
440		82.212692
441		66.602684
442		83.947136
443		83.600250
444		73.193581
445		78.050026
446		72.846687
447		63.480686
448		66.949577
449		71.112244
450		62.440018
451		71.459137
452		64.174461
453		63.827576
454		60.358685
455		54.114685
456		63.480686
457		64.521355
458		62.786907
459		59.664906
460		60.705574
461		59.318020
462		60.705574
463		58.971130
464		59.318020
465		68.684021
466		51.339573
467		49.258236
468		52.727127
469		59.664906
470		54.461571
471		56.889797
472		65.215134
473		49.952015
474		52.727127
475		55.155350
476		53.420906
477		55.502239
478		52.033348
479		49.952015
480		44.401791
481		56.196018
482		43.361126
483		46.136238
484		43.361126
485		45.789349
486		115.167145
487		2128.510986
488		8238.613281
489		5051.744629
490		450.608795
491		28.791786
492		21.160229
493		18.385117
494		20.466452
495		18.038227
496		23.241562
497		17.691339
498		23.588451
499		20.466452
500		20.119562
501		18.732006
502		28.444899
503		27.057343
504		25.322897
505		19.425783
506		17.344450
507		20.813339
508		23.935341
509		26.363564
510		23.241562
511		21.854006
512		17.344450
513		22.894674
514		24.282230
515		24.629118
516		20.813339
517		23.588451
518		23.241562
519		23.241562
520		18.038227
521		15.263116
522		12.488004
523		16.997561
524		21.507118
525		14.569338
526		16.303783
527		21.854006
528		23.935341
529		23.241562
530		18.732006
531		21.854006
532		19.772673
533		21.854006
534		21.854006
535		21.854006
536		16.997561
537		24.282230
538		26.363564
539		18.038227
540		18.732006
541		20.813339
542		21.507118
543		21.507118
544		24.976007
545		27.404230
546		26.363564
547		23.588451
548		26.710453
549		28.098009
550		24.976007
551		23.588451
552		27.751120
553		25.322897
554		33.301342
555		26.363564
556		28.098009
557		31.913788
558		33.648232
559		32.607567
560		36.770233
561		71.459137
562		304.568542
563		330.238312
564		79.090691
565		15.956894
566		12.834893
567		20.119562
568		13.875560
569		16.650671
570		17.344450
571		16.997561
572		15.956894
573		14.222449
574		15.610004
575		13.528671
576		16.650671
577		13.875560
578		13.875560
579		15.610004
580		15.956894
581		10.753559
582		15.610004
583		19.772673
584		15.610004
585		13.875560
586		19.078896
587		14.916226
588		15.263116
589		13.875560
590		14.916226
591		15.263116
592		19.078896
593		11.447337
594		14.916226
595		19.078896
596		9.019114
597		10.059781
598		13.875560
599		13.181782
600		15.610004
601		12.141115
602		18.385117
603		13.181782
604		13.528671
605		16.997561
606		15.263116
607		12.834893
608		14.222449
609		18.385117
610		11.794226
611		11.100448
612		17.344450
613		14.222449
614		13.181782
615		11.100448
616		15.956894
617		15.263116
618		8.672225
619		9.019114
620		12.488004
621		12.488004
622		16.303783
623		10.406670
624		16.303783
625		12.488004
626		18.038227
627		14.569338
628		9.712892
629		13.181782
630		14.222449
631		11.447337
632		12.141115
633		10.753559
634		13.181782
635		13.528671
636		11.447337
637		13.875560
638		11.100448
639		11.447337
640		12.141115
641		9.366003
642		12.834893
643		11.100448
644		13.181782
645		8.672225
646		11.447337
647		13.875560
648		11.447337
649		10.059781
650		10.059781
651		9.366003
652		10.059781
653		10.753559
654		10.059781
655		11.794226
656		11.794226
657		9.712892
658		12.834893
659		9.019114
660		7.631558
661		9.366003
662		12.488004
663		10.406670
664		11.794226
665		10.406670
666		7.631558
667		8.325336
668		9.712892
669		8.325336
670		10.406670
671		9.366003
672		15.610004
673		11.794226
674		11.100448
675		7.631558
676		7.284669
677		11.100448
678		10.753559
679		12.834893
680		10.753559
681		8.325336
682		10.059781
683		12.141115
684		9.366003
685		14.222449
686		10.059781
687		10.406670
688		8.672225
689		10.059781
690		9.366003
691		8.325336
692		11.100448
693		10.753559
694		26.710453
695		53.420906
696		25.322897
697		12.488004
698		7.631558
699		9.019114
700		11.100448
701		7.631558
702		9.019114
703		7.631558
704		8.672225
705		9.366003
706		11.100448
707		5.550224
708		7.284669
709		11.447337
710		11.794226
711		6.937780
712		8.672225
713		10.406670
714		9.366003
715		8.325336
716		7.284669
717		8.672225
718		7.978447
719		7.978447
720		9.019114
721		9.366003
722		10.059781
723		9.019114
724		9.019114
725		6.244002
726		7.978447
727		8.672225
728		9.019114
729		7.978447
730		10.753559
731		8.325336
732		8.672225
733		5.203335
734		10.406670
735		10.406670
736		10.753559
737		9.712892
738		10.059781
739		10.753559
740		6.590891
741		9.712892
742		9.019114
743		9.019114
744		7.631558
745		9.019114
746		6.937780
747		8.325336
748		8.672225
749		11.100448
750		7.631558
751		5.550224
752		7.631558
753		14.222449
754		9.712892
755		8.672225
756		10.753559
757		10.753559
758		7.284669
759		8.325336
760		8.672225
761		8.325336
762		9.712892
763		8.325336
764		11.794226
765		9.366003
766		9.712892
767		5.550224
768		12.141115
769		8.325336
770		9.019114
771		6.937780
772		8.672225
773		9.366003
774		13.181782
775		6.590891
776		9.019114
777		9.019114
778		7.284669
779		6.590891
780		9.712892
781		6.590891
782		8.672225
783		7.284669
784		10.059781
785		6.937780
786		10.059781
787		7.978447
788		7.284669
789		10.406670
790		12.488004
791		10.059781
792		12.488004
793		9.712892
794		10.059781
795		11.447337
796		9.712892
797		7.631558
798		9.712892
799		9.366003
800		7.978447
801		9.366003
802		10.059781
803		6.937780
804		6.590891
805		9.712892
806		9.366003
807		7.978447
808		10.406670
809		7.631558
810		7.284669
811		10.059781
812		9.712892
813		6.937780
814		11.447337
815		10.059781
816		8.325336
817		9.366003
818		7.284669
819		7.284669
820		11.447337
821		9.712892
822		9.366003
823		8.672225
824		7.631558
825		10.059781
826		10.753559
827		8.672225
828		10.753559
829		9.019114
830		9.019114
831		11.100448
832		7.631558
833		11.794226
834		12.141115
835		8.672225
836		11.794226
837		9.366003
838		13.181782
839		7.978447
840		4.162668
841		9.019114
842		10.059781
843		8.672225
844		7.978447
845		12.141115
846		12.141115
847		7.284669
848		8.672225
849		6.244002
850		9.019114
851		12.488004
852		7.631558
853		9.366003
854		9.712892
855		9.712892
856		9.366003
857		8.672225
858		9.712892
859		9.366003
860		9.366003
861		9.019114
862		7.284669
863		10.059781
864		7.631558
865		11.100448
866		10.406670
867		10.059781
868		9.712892
869		10.753559
870		10.059781
871		7.284669
872		7.978447
873		13.181782
874		9.366003
875		10.406670
876		11.447337
877		10.059781
878		11.794226
879		12.141115
880		6.244002
881		12.834893
882		9.712892
883		10.753559
884		11.447337
885		10.059781
886		10.059781
887		11.100448
888		11.794226
889		10.059781
890		9.019114
891		10.406670
892		9.366003
893		11.447337
894		10.753559
895		7.631558
896		7.284669
897		5.550224
898		11.794226
899		5.550224
900		12.141115
901		7.978447
902		4.856446
903		10.059781
904		11.100448
905		12.141115
906		11.794226
907		11.447337
908		14.916226
909		9.366003
910		9.366003
911		8.672225
912		6.937780
913		10.753559
914		10.406670
915		9.019114
916		7.631558
917		8.325336
918		10.753559
919		12.141115
920		10.059781
921		9.019114
922		9.366003
923		12.488004
924		10.406670
925		9.366003
926		11.447337
927		11.794226
928		8.325336
929		7.978447
930		11.100448
931		9.712892
932		14.222449
933		10.059781
934		9.019114
935		8.672225
936		10.753559
937		9.366003
938		8.672225
939		7.631558
940		10.059781
941		12.141115
942		9.366003
943		9.019114
944		9.366003
945		11.100448
946		12.834893
947		7.284669
948		10.059781
949		9.366003
950		9.019114
951		9.019114
952		11.447337
953		10.406670
954		11.100448
955		12.141115
956		9.712892
957		9.019114
958		10.406670
959		11.100448
960		12.488004
961		10.753559
962		11.447337
963		5.897113
964		11.447337
965		11.447337
966		9.712892
967		11.447337
968		11.100448
969		11.100448
970		11.100448
971		14.916226
972		11.794226
973		7.978447
974		12.141115
975		10.059781
976		10.059781
977		10.406670
978		11.447337
979		11.794226
980		11.447337
981		13.875560
982		13.181782
983		11.447337
984		11.794226
985		11.794226
986		10.406670
987		11.794226
988		12.141115
989		15.263116
990		12.488004
991		13.875560
992		13.181782
993		9.366003
994		10.753559
995		11.447337
996		10.059781
997		15.263116
998		12.488004
999		11.447337
1000		12.141115
1001		10.753559
1002		9.019114
1003		9.366003
1004		7.631558
1005		13.181782
1006		10.059781
1007		11.794226
1008		16.303783
1009		9.366003
1010		13.528671
1011		14.916226
1012		11.100448
1013		9.712892
1014		13.181782
1015		14.916226
1016		13.528671
1017		12.834893
1018		9.366003
1019		11.447337
1020		12.488004
1021		11.100448
1022		13.875560
1023		12.834893
1024		11.794226
1025		10.753559
1026		11.447337
1027		6.937780
1028		12.141115
1029		12.488004
1030		11.794226
1031		9.712892
1032		11.447337
1033		12.488004
1034		11.447337
1035		10.406670
1036		12.141115
1037		12.834893
1038		9.712892
1039		14.916226
1040		8.672225
1041		14.916226
1042		13.181782
1043		12.488004
1044		13.875560
1045		13.181782
1046		11.794226
1047		12.141115
1048		10.059781
1049		10.059781
1050		16.650671
1051		13.528671
1052		10.753559
1053		10.406670
1054		12.834893
1055		14.222449
1056		10.753559
1057		12.834893
1058		14.222449
1059		14.222449
1060		16.650671
1061		13.181782
1062		11.100448
1063		11.447337
1064		13.528671
1065		10.059781
1066		13.181782
1067		10.406670
1068		16.650671
1069		14.569338
1070		11.447337
1071		11.794226
1072		16.303783
1073		11.447337
1074		10.753559
1075		13.181782
1076		12.141115
1077		14.569338
1078		13.181782
1079		11.100448
1080		13.875560
1081		11.100448
1082		9.366003
1083		12.834893
1084		14.916226
1085		14.916226
1086		12.141115
1087		14.222449
1088		16.303783
1089		13.181782
1090		11.100448
1091		11.794226
1092		14.569338
1093		17.344450
1094		18.732006
1095		13.181782
1096		11.447337
1097		14.569338
1098		14.569338
1099		8.672225
1100		13.181782
1101		13.181782
1102		8.672225
1103		14.222449
1104		10.753559
1105		11.447337
1106		16.303783
1107		13.875560
1108		11.100448
1109		11.794226
1110		13.875560
1111		11.447337
1112		12.141115
1113		16.650671
1114		13.181782
1115		13.875560
1116		15.956894
1117		16.997561
1118		15.263116
1119		13.528671
1120		17.344450
1121		17.344450
1122		16.650671
1123		13.875560
1124		11.794226
1125		13.181782
1126		13.875560
1127		18.385117
1128		15.263116
1129		12.488004
1130		16.650671
1131		14.569338
1132		12.141115
1133		13.181782
1134		10.753559
1135		18.038227
1136		13.528671
1137		16.303783
1138		15.263116
1139		16.303783
1140		15.610004
1141		14.916226
1142		14.569338
1143		17.691339
1144		22.894674
1145		14.916226
1146		15.610004
1147		13.875560
1148		19.078896
1149		19.425783
1150		16.303783
1151		13.528671
1152		20.813339
1153		14.222449
1154		15.263116
1155		15.610004
1156		14.222449
1157		16.650671
1158		20.119562
1159		13.875560
1160		13.875560
1161		16.303783
1162		14.916226
1163		16.303783
1164		17.691339
1165		18.385117
1166		16.997561
1167		20.119562
1168		13.875560
1169		19.078896
1170		19.078896
1171		15.610004
1172		15.956894
1173		20.466452
1174		18.732006
1175		18.038227
1176		15.956894
1177		20.119562
1178		16.650671
1179		13.181782
1180		20.466452
1181		16.303783
1182		18.385117
1183		20.119562
1184		19.425783
1185		15.956894
1186		17.344450
1187		17.344450
1188		15.263116
1189		16.997561
1190		21.507118
1191		17.691339
1192		18.385117
1193		16.303783
1194		16.650671
1195		18.038227
1196		18.038227
1197		21.160229
1198		19.425783
1199		15.610004
1200		18.038227
1201		15.263116
1202		20.119562
1203		16.650671
1204		17.691339
1205		18.038227
1206		21.160229
1207		14.916226
1208		18.732006
1209		16.650671
1210		22.547785
1211		21.507118
1212		19.425783
1213		13.875560
1214		16.650671
1215		22.547785
1216		22.200895
1217		14.222449
1218		20.813339
1219		18.385117
1220		17.344450
1221		15.263116
1222		20.466452
1223		16.997561
1224		15.263116
1225		15.956894
1226		17.344450
1227		24.629118
1228		20.466452
1229		17.344450
1230		20.119562
1231		16.650671
1232		18.385117
1233		22.200895
1234		18.732006
1235		18.385117
1236		22.200895
1237		18.732006
1238		19.772673
1239		22.894674
1240		14.916226
1241		17.344450
1242		18.732006
1243		18.038227
1244		20.466452
1245		19.425783
1246		19.772673
1247		15.956894
1248		22.547785
1249		15.263116
1250		18.385117
1251		18.385117
1252		22.894674
1253		19.078896
1254		17.344450
1255		20.466452
1256		18.732006
1257		20.466452
1258		21.507118
1259		23.935341
1260		18.385117
1261		26.363564
1262		19.772673
1263		16.997561
1264		15.263116
1265		21.854006
1266		17.691339
1267		21.854006
1268		16.997561
1269		19.078896
1270		14.222449
1271		20.813339
1272		19.078896
1273		19.078896
1274		14.569338
1275		20.119562
1276		17.691339
1277		20.119562
1278		18.732006
1279		15.610004
1280		22.547785
1281		19.772673
1282		20.466452
1283		17.344450
1284		17.344450
1285		20.119562
1286		18.385117
1287		21.854006
1288		17.344450
1289		23.241562
1290		22.200895
1291		21.160229
1292		20.466452
1293		21.160229
1294		23.935341
1295		18.732006
1296		18.038227
1297		19.078896
1298		16.997561
1299		22.200895
1300		19.078896
1301		22.200895
1302		20.466452
1303		22.200895
1304		24.976007
1305		19.078896
1306		20.466452
1307		22.200895
1308		23.241562
1309		21.854006
1310		19.425783
1311		19.772673
1312		19.772673
1313		19.772673
1314		16.650671
1315		22.894674
1316		20.813339
1317		19.078896
1318		19.425783
1319		23.935341
1320		24.282230
1321		21.854006
1322		23.241562
1323		20.119562
1324		22.547785
1325		19.078896
1326		20.813339
1327		22.547785
1328		20.813339
1329		22.547785
1330		25.322897
1331		19.772673
1332		21.507118
1333		21.160229
1334		22.547785
1335		22.547785
1336		19.425783
1337		23.935341
1338		21.160229
1339		22.547785
1340		19.425783
1341		23.241562
1342		21.854006
1343		24.976007
1344		21.160229
1345		27.057343
1346		24.629118
1347		21.854006
1348		27.751120
1349		24.629118
1350		21.160229
1351		21.854006
1352		26.363564
1353		26.710453
1354		27.751120
1355		24.629118
1356		23.588451
1357		24.629118
1358		25.669786
1359		24.976007
1360		19.425783
1361		27.751120
1362		24.629118
1363		17.691339
1364		27.057343
1365		25.669786
1366		22.200895
1367		23.935341
1368		24.282230
1369		22.547785
1370		16.650671
1371		20.466452
1372		24.976007
1373		27.751120
1374		24.976007
1375		22.200895
1376		28.444899
1377		25.322897
1378		20.813339
1379		27.057343
1380		20.466452
1381		23.935341
1382		28.791786
1383		28.791786
1384		27.057343
1385		21.854006
1386		22.547785
1387		28.444899
1388		23.241562
1389		28.791786
1390		24.629118
1391		28.098009
1392		26.710453
1393		22.547785
1394		26.710453
1395		22.894674
1396		29.485565
1397		24.976007
1398		19.425783
1399		25.322897
1400		24.629118
1401		21.854006
1402		26.710453
1403		22.894674
1404		27.404230
1405		24.282230
1406		27.751120
1407		24.629118
1408		24.282230
1409		19.425783
1410		29.485565
1411		21.854006
1412		20.813339
1413		29.485565
1414		28.791786
1415		32.954456
1416		32.260677
1417		20.813339
1418		25.322897
1419		26.016674
1420		28.444899
1421		25.669786
1422		28.098009
1423		26.016674
1424		22.894674
1425		30.526232
1426		26.710453
1427		28.098009
1428		27.751120
1429		25.669786
1430		25.669786
1431		25.322897
1432		28.444899
1433		20.813339
1434		26.016674
1435		24.976007
1436		30.526232
1437		27.404230
1438		30.179342
1439		26.363564
1440		24.976007
1441		22.894674
1442		21.507118
1443		27.751120
1444		23.588451
1445		23.935341
1446		26.710453
1447		21.854006
1448		28.098009
1449		31.220009
1450		26.710453
1451		30.873121
1452		25.669786
1453		27.057343
1454		29.485565
1455		27.404230
1456		22.200895
1457		31.220009
1458		22.894674
1459		29.485565
1460		29.485565
1461		27.751120
1462		31.566898
1463		28.444899
1464		25.322897
1465		27.057343
1466		27.057343
1467		25.322897
1468		23.935341
1469		23.588451
1470		25.669786
1471		30.179342
1472		34.342010
1473		33.995121
1474		30.526232
1475		24.629118
1476		27.751120
1477		29.832453
1478		26.363564
1479		21.507118
1480		31.220009
1481		29.832453
1482		26.016674
1483		27.751120
1484		26.363564
1485		27.751120
1486		21.160229
1487		26.363564
1488		24.629118
1489		28.098009
1490		21.854006
1491		33.301342
1492		26.016674
1493		23.588451
1494		22.200895
1495		23.935341
1496		22.894674
1497		28.098009
1498		29.832453
1499		30.526232
1500		26.363564
1501		26.363564
1502		30.873121
1503		31.220009
1504		31.566898
1505		30.526232
1506		26.363564
1507		28.791786
1508		26.710453
1509		27.057343
1510		22.547785
1511		26.710453
1512		34.342010
1513		29.138676
1514		26.016674
1515		31.913788
1516		22.894674
1517		32.260677
1518		32.954456
1519		36.076454
1520		31.220009
1521		27.404230
1522		30.526232
1523		25.669786
1524		31.913788
1525		28.791786
1526		32.260677
1527		27.751120
1528		31.913788
1529		29.832453
1530		29.485565
1531		32.607567
1532		35.035789
1533		23.241562
1534		28.098009
1535		32.607567
1536		27.751120
1537		24.629118
1538		27.751120
1539		30.526232
1540		21.507118
1541		30.179342
1542		33.995121
1543		36.770233
1544		31.566898
1545		29.832453
1546		33.301342
1547		30.526232
1548		32.954456
1549		30.526232
1550		29.832453
1551		33.648232
1552		30.873121
1553		30.526232
1554		25.322897
1555		31.220009
1556		36.423344
1557		28.098009
1558		25.322897
1559		31.913788
1560		26.016674
1561		28.791786
1562		32.607567
1563		32.954456
1564		29.485565
1565		33.995121
1566		27.404230
1567		31.913788
1568		27.404230
1569		33.301342
1570		32.954456
1571		31.566898
1572		32.954456
1573		30.526232
1574		26.363564
1575		32.260677
1576		29.138676
1577		36.076454
1578		31.913788
1579		29.485565
1580		28.098009
1581		30.179342
1582		29.832453
1583		26.710453
1584		26.710453
1585		30.526232
1586		35.382679
1587		31.913788
1588		29.832453
1589		36.423344
1590		29.485565
1591		28.791786
1592		37.117123
1593		35.382679
1594		33.995121
1595		36.076454
1596		35.729568
1597		31.220009
1598		33.648232
1599		35.382679
1600		36.076454
1601		31.220009
1602		28.098009
1603		28.444899
1604		35.729568
1605		35.035789
1606		32.607567
1607		32.954456
1608		32.607567
1609		32.260677
1610		33.648232
1611		36.076454
1612		37.117123
1613		30.179342
1614		36.423344
1615		28.444899
1616		33.301342
1617		36.423344
1618		32.607567
1619		37.464012
1620		33.301342
1621		31.566898
1622		33.301342
1623		28.444899
1624		35.382679
1625		29.832453
1626		32.954456
1627		37.810902
1628		36.076454
1629		35.382679
1630		28.098009
1631		37.464012
1632		39.545345
1633		39.892235
1634		28.791786
1635		38.851566
1636		33.995121
1637		30.179342
1638		36.423344
1639		35.382679
1640		37.117123
1641		43.014236
1642		36.770233
1643		36.770233
1644		34.342010
1645		38.851566
1646		34.342010
1647		40.586014
1648		40.239124
1649		29.832453
1650		33.648232
1651		35.729568
1652		42.320457
1653		34.342010
1654		39.545345
1655		33.301342
1656		35.382679
1657		35.035789
1658		36.770233
1659		36.770233
1660		34.688900
1661		37.810902
1662		43.708012
1663		37.464012
1664		40.239124
1665		36.770233
1666		44.401791
1667		37.464012
1668		37.117123
1669		32.260677
1670		40.586014
1671		40.239124
1672		37.810902
1673		39.892235
1674		37.464012
1675		34.688900
1676		38.157791
1677		38.504677
1678		41.626678
1679		35.035789
1680		35.035789
1681		34.688900
1682		40.586014
1683		37.117123
1684		39.545345
1685		39.892235
1686		35.035789
1687		39.545345
1688		35.382679
1689		37.464012
1690		38.504677
1691		44.054901
1692		39.545345
1693		32.954456
1694		39.198456
1695		44.401791
1696		37.117123
1697		36.423344
1698		41.279789
1699		36.076454
1700		43.014236
1701		34.342010
1702		37.810902
1703		40.586014
1704		49.605125
1705		45.789349
1706		45.789349
1707		65.562019
1708		131.817825
1709		246.984970
1710		282.020752
1711		277.858093
1712		189.748276
1713		109.616920
1714		69.377800
1715		60.705574
1716		64.174461
1717		57.930462
1718		59.318020
1719		64.521355
1720		61.052464
1721		58.277351
1722		62.440018
1723		49.952015
1724		61.399353
1725		62.440018
1726		49.605125
1727		61.399353
1728		57.583572
1729		60.358685
1730		53.420906
1731		52.727127
1732		48.217571
1733		53.767796
1734		64.174461
1735		56.542908
1736		67.643356
1737		66.602684
1738		68.337135
1739		62.786907
1740		56.196018
1741		54.461571
1742		68.684021
1743		56.542908
1744		56.196018
1745		50.645794
1746		62.093132
1747		60.011795
1748		53.074017
1749		64.174461
1750		58.624241
1751		68.337135
1752		64.174461
1753		67.296463
1754		64.868240
1755		59.664906
1756		62.093132
1757		68.684021
1758		61.399353
1759		60.705574
1760		66.949577
1761		62.440018
1762		74.928024
1763		64.174461
1764		64.521355
1765		66.949577
1766		68.684021
1767		65.562019
1768		65.215134
1769		69.030907
1770		58.277351
1771		61.052464
1772		70.418465
1773		65.215134
1774		61.746243
1775		70.765358
1776		70.765358
1777		69.030907
1778		70.765358
1779		86.028473
1780		65.215134
1781		76.315582
1782		85.681580
1783		79.090691
1784		84.640915
1785		84.640915
1786		77.703133
1787		71.112244
1788		69.030907
1789		74.581131
1790		67.990242
1791		71.806023
1792		63.133797
1793		70.765358
1794		80.825134
1795		75.621803
1796		75.274910
1797		73.887360
1798		71.112244
1799		71.806023
1800		79.090691
1801		69.377800
1802		73.193581
1803		75.621803
1804		74.234245
1805		75.968689
1806		77.703133
1807		80.131355
1808		66.949577
1809		73.887360
1810		75.621803
1811		66.255798
1812		78.396912
1813		75.621803
1814		63.480686
1815		74.581131
1816		78.743805
1817		85.681580
1818		82.559578
1819		75.274910
1820		78.743805
1821		80.131355
1822		73.887360
1823		79.784470
1824		82.212692
1825		72.846687
1826		79.784470
1827		79.437576
1828		82.559578
1829		71.112244
1830		74.928024
1831		72.152908
1832		83.947136
1833		101.291588
1834		79.437576
1835		84.987801
1836		79.784470
1837		84.987801
1838		86.028473
1839		90.538025
1840		88.456696
1841		82.906471
1842		85.681580
1843		86.722252
1844		88.109802
1845		87.762917
1846		86.028473
1847		87.762917
1848		88.803581
1849		75.274910
1850		77.356247
1851		75.274910
1852		74.234245
1853		63.480686
1854		75.968689
1855		71.459137
1856		79.090691
1857		70.071579
1858		71.459137
1859		75.274910
1860		74.234245
1861		70.071579
1862		87.416023
1863		74.581131
1864		80.825134
1865		74.581131
1866		67.643356
1867		66.602684
1868		60.358685
1869		58.624241
1870		65.562019
1871		68.684021
1872		68.684021
1873		66.949577
1874		61.746243
1875		69.377800
1876		61.399353
1877		67.990242
1878		67.990242
1879		62.786907
1880		60.358685
1881		60.011795
1882		68.684021
1883		71.459137
1884		62.440018
1885		66.949577
1886		54.808460
1887		61.399353
1888		64.174461
1889		68.684021
1890		70.765358
1891		67.643356
1892		57.583572
1893		71.112244
1894		57.583572
1895		66.949577
1896		57.930462
1897		61.746243
1898		66.602684
1899		70.765358
1900		56.889797
1901		60.705574
1902		60.358685
1903		58.971130
1904		58.971130
1905		61.746243
1906		65.908913
1907		61.052464
1908		57.930462
1909		60.705574
1910		59.318020
1911		61.399353
1912		76.315582
1913		109.963814
1914		229.640518
1915		493.276154
1916		771.134216
1917		980.308289
1918		832.533569
1919		520.333496
1920		276.470520
1921		140.490036
1922		89.497360
1923		83.253357
1924		82.212692
1925		83.253357
1926		81.172028
1927		78.050026
1928		91.578697
1929		72.499802
1930		87.069138
1931		95.047585
1932		80.131355
1933		82.906471
1934		85.334694
1935		93.313141
1936		86.028473
1937		89.844254
1938		95.047585
1939		86.375359
1940		88.456696
1941		90.191139
1942		92.619362
1943		81.172028
1944		82.906471
1945		79.437576
1946		92.619362
1947		85.334694
1948		88.803581
1949		90.884918
1950		84.640915
1951		91.231804
1952		90.538025
1953		82.559578
1954		94.006920
1955		79.784470
1956		81.865807
1957		81.865807
1958		74.581131
1959		76.315582
1960		84.294029
1961		78.396912
1962		89.150475
1963		83.600250
1964		84.294029
1965		76.662468
1966		87.069138
1967		94.006920
1968		83.253357
1969		81.865807
1970		76.662468
1971		84.294029
1972		89.844254
1973		89.497360
1974		92.272476
1975		79.437576
1976		83.253357
1977		81.172028
1978		74.928024
1979		89.150475
1980		80.131355
1981		74.581131
1982		86.028473
1983		92.619362
1984		83.947136
1985		87.762917
1986		84.640915
1987		96.435143
1988		94.006920
1989		94.006920
1990		115.167145
1991		113.779594
1992		112.045143
1993		103.372917
1994		88.803581
1995		90.884918
1996		77.703133
1997		84.640915
1998		83.600250
1999		72.499802
2000		82.212692
2001		87.762917
2002		78.396912
2003		84.294029
2004		82.212692
2005		76.662468
2006		85.681580
2007		81.172028
2008		74.581131
2009		78.396912
2010		78.396912
2011		81.865807
2012		98.516472
2013		80.131355
2014		84.640915
2015		81.518913
2016		81.865807
2017		73.193581
2018		84.640915
2019		89.150475
2020		90.884918
2021		88.109802
2022		81.172028
2023		91.578697
2024		92.619362
2025		86.028473
2026		77.356247
2027		71.112244
2028		73.887360
2029		78.050026
2030		67.990242
2031		67.990242
2032		76.315582
2033		60.358685
2034		71.806023
2035		67.643356
2036		67.296463
2037		70.418465
2038		69.724686
2039		65.215134
2040		68.684021
2041		61.746243
2042		66.255798
2043		58.277351
2044		72.152908
2045		60.705574
2046		67.643356
2047		64.174461
2048		54.461571
2049		63.133797
2050		60.011795
2051		61.052464
2052		63.827576
2053		68.684021
2054		61.052464
2055		53.767796
2056		56.196018
2057		52.380238
2058		59.664906
2059		49.258236
2060		46.483124
2061		45.095570
2062		46.483124
2063		49.605125
2064		44.401791
2065		45.789349
2066		47.870682
2067		40.932903
2068		39.198456
2069		42.667347
2070		51.339573
2071		39.198456
2072		42.320457
2073		34.688900
2074		34.688900
2075		39.545345
2076		38.504677
2077		37.464012
2078		35.382679
2079		33.995121
2080		30.179342
2081		30.873121
2082		27.751120
2083		29.138676
2084		30.526232
2085		29.485565
2086		28.791786
2087		28.444899
2088		39.198456
2089		44.748680
2090		36.423344
2091		30.179342
2092		36.423344
2093		24.629118
2094		25.322897
2095		24.976007
2096		24.282230
2097		24.282230
2098		26.710453
2099		24.976007
2100		22.894674
2101		23.241562
2102		21.160229
2103		20.466452
2104		23.935341
2105		23.241562
2106		15.956894
2107		18.732006
2108		19.425783
2109		17.691339
2110		20.466452
2111		20.119562
2112		16.303783
2113		17.691339
2114		18.385117
2115		20.119562
2116		16.303783
2117		21.507118
2118		27.751120
2119		49.952015
2120		143.265152
2121		380.537231
2122		772.521790
2123		1130.511230
2124		1279.326660
2125		1054.195679
2126		623.012634
2127		288.611633
2128		100.944695
2129		37.117123
2130		18.732006
2131		15.956894
2132		15.263116
2133		21.160229
2134		13.181782
2135		14.569338
2136		18.038227
2137		13.181782
2138		17.691339
2139		16.997561
2140		15.956894
2141		19.772673
2142		18.385117
2143		19.772673
2144		14.222449
2145		13.528671
2146		15.610004
2147		17.691339
2148		18.385117
2149		16.997561
2150		16.997561
2151		16.303783
2152		17.344450
2153		19.425783
2154		18.385117
2155		10.753559
2156		13.181782
2157		10.753559
2158		12.488004
2159		13.181782
2160		14.916226
2161		15.956894
2162		14.569338
2163		12.488004
2164		13.528671
2165		11.100448
2166		18.385117
2167		11.447337
2168		13.181782
2169		12.141115
2170		14.222449
2171		12.488004
2172		15.610004
2173		18.732006
2174		14.916226
2175		11.447337
2176		14.916226
2177		14.222449
2178		16.303783
2179		19.425783
2180		18.732006
2181		15.610004
2182		18.732006
2183		18.385117
2184		14.569338
2185		15.956894
2186		19.078896
2187		16.650671
2188		16.650671
2189		18.038227
2190		14.916226
2191		19.772673
2192		15.263116
2193		18.385117
2194		20.119562
2195		26.363564
2196		46.136238
2197		61.052464
2198		70.071579
2199		68.337135
2200		38.851566
2201		28.791786
2202		17.691339
2203		12.834893
2204		14.222449
2205		15.956894
2206		13.528671
2207		14.569338
2208		13.528671
2209		14.916226
2210		13.181782
2211		12.834893
2212		16.303783
2213		15.956894
2214		15.610004
2215		14.222449
2216		13.528671
2217		12.834893
2218		13.528671
2219		12.834893
2220		10.753559
2221		12.488004
2222		9.366003
2223		10.753559
2224		13.528671
2225		11.447337
2226		12.141115
2227		7.631558
2228		11.794226
2229		10.406670
2230		11.794226
2231		8.325336
2232		9.366003
2233		9.712892
2234		11.447337
2235		9.712892
2236		9.019114
2237		7.978447
2238		9.019114
2239		10.406670
2240		7.284669
2241		10.753559
2242		5.897113
2243		12.834893
2244		8.325336
2245		12.141115
2246		6.590891
2247		8.672225
2248		8.325336
2249		6.937780
2250		7.631558
2251		8.325336
2252		6.590891
2253		7.978447
2254		7.978447
2255		7.284669
2256		9.019114
2257		8.325336
2258		7.284669
2259		7.631558
2260		9.712892
2261		5.550224
2262		6.590891
2263		8.672225
2264		6.590891
2265		5.203335
2266		6.937780
2267		8.672225
2268		6.937780
2269		6.590891
2270		5.897113
2271		7.631558
2272		8.672225
2273		6.590891
2274		9.019114
2275		4.856446
2276		6.937780
2277		4.162668
2278		7.631558
2279		9.019114
2280		5.550224
2281		4.509557
2282		4.509557
2283		6.244002
2284		4.856446
2285		6.937780
2286		3.815779
2287		4.856446
2288		9.366003
2289		5.897113
2290		3.815779
2291		7.284669
2292		7.978447
2293		9.366003
2294		21.160229
2295		29.832453
2296		38.851566
2297		47.176903
2298		28.444899
2299		15.610004
2300		10.406670
2301		7.978447
2302		3.815779
2303		7.631558
2304		5.550224
2305		5.550224
2306		3.815779
2307		7.631558
2308		7.631558
2309		5.550224
2310		6.244002
2311		5.550224
2312		5.203335
2313		6.244002
2314		4.856446
2315		4.856446
2316		5.550224
2317		6.937780
2318		7.284669
2319		4.162668
2320		5.203335
2321		6.590891
2322		6.590891
2323		4.856446
2324		7.631558
2325		7.978447
2326		4.856446
2327		4.509557
2328		7.978447
2329		5.550224
2330		6.244002
2331		5.203335
2332		6.590891
2333		6.590891
2334		4.509557
2335		4.509557
2336		2.775112
2337		6.590891
2338		3.815779
2339		6.937780
2340		4.162668
2341		4.856446
2342		4.162668
2343		2.775112
2344		3.815779
2345		5.203335
2346		3.122001
2347		5.897113
2348		4.856446
2349		6.937780
2350		2.775112
2351		5.897113
2352		3.122001
2353		3.468890
2354		3.815779
2355		2.775112
2356		1.734445
2357		3.468890
2358		2.081334
2359		3.815779
2360		4.162668
2361		3.468890
2362		4.162668
2363		2.081334
2364		1.734445
2365		1.387556
2366		2.081334
2367		3.122001
2368		2.428223
2369		2.428223
2370		2.428223
2371		3.122001
2372		3.122001
2373		1.040667
2374		1.040667
2375		0.693778
2376		0.346889
2377		0.346889
2378		0.693778
2379		0.693778
2380		0.000000
2381		0.693778
2382		2.081334
2383		0.693778
2384		0.346889
2385		1.734445
2386		1.734445
2387		0.693778
2388		0.000000
2389		1.387556
2390		0.346889
2391		0.693778
2392		0.346889
2393		0.000000
2394		0.000000
2395		0.346889
2396		0.000000
2397		0.346889
2398		0.000000
2399		1.040667
2400		1.040667
2401		0.693778
2402		0.346889
2403		0.000000
2404		0.346889
2405		0.346889
2406		0.000000
2407		1.040667
2408		0.346889
2409		0.346889
2410		0.346889
2411		0.693778
2412		1.040667
2413		0.000000
2414		0.000000
2415		0.000000
2416		1.040667
2417		0.000000
2418		0.000000
2419		0.346889
2420		0.346889
2421		0.000000
2422		0.000000
2423		0.346889
2424		0.000000
2425		0.000000
2426		0.346889
2427		0.693778
2428		0.000000
2429		0.000000
2430		1.040667
2431		0.346889
2432		0.000000
2433		0.346889
2434		0.000000
2435		0.000000
2436		0.346889
2437		0.000000
2438		0.346889
2439		0.346889
2440		0.000000
2441		0.693778
2442		0.000000
2443		0.346889
2444		0.000000
2445		0.000000
2446		0.000000
2447		0.000000
2448		0.000000
2449		0.000000
2450		0.000000
2451		0.000000
2452		0.000000
2453		0.000000
2454		0.000000
2455		0.000000
2456		0.000000
2457		0.000000
2458		0.000000
2459		0.000000
2460		0.000000
2461		0.000000
2462		0.000000
2463		0.000000
2464		0.000000
2465		0.000000
2466		0.000000
2467		0.000000
2468		0.000000
2469		0.000000
2470		0.000000
2471		0.000000
2472		0.000000
2473		0.000000
2474		0.000000
2475		0.000000
2476		0.000000
2477		0.000000
2478		0.000000
2479		0.000000
2480		0.000000
2481		0.000000
2482		0.000000
2483		0.000000
2484		0.000000
2485		0.000000
2486		0.000000
2487		0.000000
2488		0.000000
2489		0.000000
2490		0.000000
2491		0.000000
2492		0.000000
2493		0.000000
2494		0.000000
2495		0.000000
2496		0.000000
2497		0.000000
2498		0.000000
2499		0.000000
2500		0.000000
2501		0.000000
2502		0.000000
2503		0.000000
2504		0.000000
2505		0.000000
2506		0.000000
2507		0.000000
2508		0.000000
2509		0.000000
2510		0.000000
2511		0.000000
2512		0.000000
2513		0.000000
2514		0.000000
2515		0.000000
2516		0.000000
2517		0.000000
2518		0.000000
2519		0.000000
2520		0.000000
2521		0.000000
2522		0.000000
2523		0.000000
2524		0.000000
2525		0.000000
2526		0.000000
2527		0.000000
2528		0.000000
2529		0.000000
2530		0.000000
2531		0.000000
2532		0.000000
2533		0.000000
2534		0.000000
2535		0.000000
2536		0.000000
2537		0.000000
2538		0.000000
2539		0.000000
2540		0.000000
2541		0.000000
2542		0.000000
2543		0.000000
2544		0.000000
2545		0.000000
2546		0.000000
2547		0.000000
2548		0.000000
2549		0.000000
2550		0.000000
2551		0.000000
2552		0.000000
2553		0.000000
2554		0.000000
2555		0.000000
2556		0.000000
2557		0.000000
2558		0.000000
2559		0.000000
2560		0.000000
2561		0.000000
2562		0.000000
2563		0.000000
2564		0.000000
2565		0.000000
2566		0.000000
2567		0.000000
2568		0.000000
2569		0.000000
2570		0.000000
2571		0.000000
2572		0.000000
2573		0.000000
2574		0.000000
2575		0.000000
2576		0.000000
2577		0.000000
2578		0.000000
2579		0.000000
2580		0.000000
2581		0.000000
2582		0.000000
2583		0.000000
2584		0.000000
2585		0.000000
2586		0.000000
2587		0.000000
2588		0.000000
2589		0.000000
2590		0.000000
2591		0.000000
2592		0.000000
2593		0.000000
2594		0.000000
2595		0.000000
2596		0.000000
2597		0.000000
2598		0.000000
2599		0.000000
2600		0.000000
2601		0.000000
2602		0.000000
2603		0.000000
2604		0.000000
2605		0.000000
2606		0.000000
2607		0.000000
2608		0.000000
2609		0.000000
2610		0.000000
2611		0.000000
2612		0.000000
2613		0.000000
2614		0.000000
2615		0.000000
2616		0.000000
2617		0.000000
2618		0.000000
2619		0.000000
2620		0.000000
2621		0.000000
2622		0.000000
2623		0.000000
2624		0.000000
2625		0.000000
2626		0.000000
2627		0.000000
2628		0.000000
2629		0.000000
2630		0.000000
2631		0.000000
2632		0.000000
2633		0.000000
2634		0.000000
2635		0.000000
2636		0.000000
2637		0.000000
2638		0.000000
2639		0.000000
2640		0.000000
2641		0.000000
2642		0.000000
2643		0.000000
2644		0.000000
2645		0.000000
2646		0.000000
2647		0.000000
2648		0.000000
2649		0.000000
2650		0.000000
2651		0.000000
2652		0.000000
2653		0.000000
2654		0.000000
2655		0.000000
2656		0.000000
2657		0.000000
2658		0.000000
2659		0.000000
2660		0.000000
2661		0.000000
2662		0.000000
2663		0.000000
2664		0.000000
2665		0.000000
2666		0.000000
2667		0.000000
2668		0.000000
2669		0.000000
2670		0.000000
2671		0.000000
2672		0.000000
2673		0.000000
2674		0.000000
2675		0.000000
2676		0.000000
2677		0.000000
2678		0.000000
2679		0.000000
2680		0.000000
2681		0.000000
2682		0.000000
2683		0.000000
2684		0.000000
2685		0.000000
2686		0.000000
2687		0.000000
2688		0.000000
2689		0.000000
2690		0.000000
2691		0.000000
2692		0.000000
2693		0.000000
2694		0.000000
2695		0.000000
2696		0.000000
2697		0.000000
2698		0.000000
2699		0.000000
2700		0.000000
2701		0.000000
2702		0.000000
2703		0.000000
2704		0.000000
2705		0.000000
2706		0.000000
2707		0.000000
2708		0.000000
2709		0.000000
2710		0.000000
2711		0.000000
2712		0.000000
2713		0.000000
2714		0.000000
2715		0.000000
2716		0.000000
2717		0.000000
2718		0.000000
2719		0.000000
2720		0.000000
2721		0.000000
2722		0.000000
2723		0.000000
2724		0.000000
2725		0.000000
2726		0.000000
2727		0.000000
2728		0.000000
2729		0.000000
2730		0.000000
2731		0.000000
2732		0.000000
2733		0.000000
2734		0.000000
2735		0.000000
2736		0.000000
2737		0.000000
2738		0.000000
2739		0.000000
2740		0.000000
2741		0.000000
2742		0.000000
2743		0.000000
2744		0.000000
2745		0.000000
2746		0.000000
2747		0.000000
2748		0.000000
2749		0.000000
2750		0.000000
2751		0.000000
2752		0.000000
2753		0.000000
2754		0.000000
2755		0.000000
2756		0.000000
2757		0.000000
2758		0.000000
2759		0.000000
2760		0.000000
2761		0.000000
2762		0.000000
2763		0.000000
2764		0.000000
2765		0.000000
2766		0.000000
2767		0.000000
2768		0.000000
2769		0.000000
2770		0.000000
2771		0.000000
2772		0.000000
2773		0.000000
2774		0.000000
2775		0.000000
2776		0.000000
2777		0.000000
2778		0.000000
2779		0.000000
2780		0.000000
2781		0.000000
2782		0.000000
2783		0.000000
2784		0.000000
2785		0.000000
2786		0.000000
2787		0.000000
2788		0.000000
2789		0.000000
2790		0.000000
2791		0.000000
2792		0.000000
2793		0.000000
2794		0.000000
2795		0.000000
2796		0.000000
2797		0.000000
2798		0.000000
2799		0.000000
2800		0.000000
2801		0.000000
2802		0.000000
2803		0.000000
2804		0.000000
2805		0.000000
2806		0.000000
2807		0.000000
2808		0.000000
2809		0.000000
2810		0.000000
2811		0.000000
2812		0.000000
2813		0.000000
2814		0.000000
2815		0.000000
2816		0.000000
2817		0.000000
2818		0.000000
2819		0.000000
2820		0.000000
2821		0.000000
2822		0.000000
2823		0.000000
2824		0.000000
2825		0.000000
2826		0.000000
2827		0.000000
2828		0.000000
2829		0.000000
2830		0.000000
2831		0.000000
2832		0.000000
2833		0.000000
2834		0.000000
2835		0.000000
2836		0.000000
2837		0.000000
2838		0.000000
2839		0.000000
2840		0.000000
2841		0.000000
2842		0.000000
2843		0.000000
2844		0.000000
2845		0.000000
2846		0.000000
2847		0.000000
2848		0.000000
2849		0.000000
2850		0.000000
2851		0.000000
2852		0.000000
2853		0.000000
2854		0.000000
2855		0.000000
2856		0.000000
2857		0.000000
2858		0.000000
2859		0.000000
2860		0.000000
2861		0.000000
2862		0.000000
2863		0.000000
2864		0.000000
2865		0.000000
2866		0.000000
2867		0.000000
2868		0.000000
2869		0.000000
2870		0.000000
2871		0.000000
2872		0.000000
2873		0.000000
2874		0.000000
2875		0.000000
2876		0.000000
2877		0.000000
2878		0.000000
2879		0.000000
2880		0.000000
2881		0.000000
2882		0.000000
2883		0.000000
2884		0.000000
2885		0.000000
2886		0.000000
2887		0.000000
2888		0.000000
2889		0.000000
2890		0.000000
2891		0.000000
2892		0.000000
2893		0.000000
2894		0.000000
2895		0.000000
2896		0.000000
2897		0.000000
2898		0.000000
2899		0.000000
2900		0.000000
2901		0.000000
2902		0.000000
2903		0.000000
2904		0.000000
2905		0.000000
2906		0.000000
2907		0.000000
2908		0.000000
2909		0.000000
2910		0.000000
2911		0.000000
2912		0.000000
2913		0.000000
2914		0.000000
2915		0.000000
2916		0.000000
2917		0.000000
2918		0.000000
2919		0.000000
2920		0.000000
2921		0.000000
2922		0.000000
2923		0.000000
2924		0.000000
2925		0.000000
2926		0.000000
2927		0.000000
2928		0.000000
2929		0.000000
2930		0.000000
2931		0.000000
2932		0.000000
2933		0.000000
2934		0.000000
2935		0.000000
2936		0.000000
2937		0.000000
2938		0.000000
2939		0.000000
2940		0.000000
2941		0.000000
2942		0.000000
2943		0.000000
2944		0.000000
2945		0.000000
2946		0.000000
2947		0.000000
2948		0.000000
2949		0.000000
2950		0.000000
2951		0.000000
2952		0.000000
2953		0.000000
2954		0.000000
2955		0.000000
2956		0.000000
2957		0.000000
2958		0.000000
2959		0.000000
2960		0.000000
2961		0.000000
2962		0.000000
2963		0.000000
2964		0.000000
2965		0.000000
2966		0.000000
2967		0.000000
2968		0.000000
2969		0.000000
2970		0.000000
2971		0.000000
2972		0.000000
2973		0.000000
2974		0.000000
2975		0.000000
2976		0.000000
2977		0.000000
2978		0.000000
2979		0.000000
2980		0.000000
2981		0.000000
2982		0.000000
2983		0.000000
2984		0.000000
2985		0.000000
2986		0.000000
2987		0.000000
2988		0.000000
2989		0.000000
2990		0.000000
2991		0.000000
2992		0.000000
2993		0.000000
2994		0.000000
2995		0.000000
2996		0.000000
2997		0.000000
2998		0.000000
2999		0.000000
3000		0.000000
3001		0.000000
3002		0.000000
3003		0.000000
3004		0.000000
3005		0.000000
3006		0.000000
3007		0.000000
3008		0.000000
3009		0.000000
3010		0.000000
3011		0.000000
3012		0.000000
3013		0.000000
3014		0.000000
3015		0.000000
3016		0.000000
3017		0.000000
3018		0.000000
3019		0.000000
3020		0.000000
3021		0.000000
3022		0.000000
3023		0.000000
3024		0.000000
3025		0.000000
3026		0.000000
3027		0.000000
3028		0.000000
3029		0.000000
3030		0.000000
3031		0.000000
3032		0.000000
3033		0.000000
3034		0.000000
3035		0.000000
3036		0.000000
3037		0.000000
3038		0.000000
3039		0.000000
3040		0.000000
3041		0.000000
3042		0.000000
3043		0.000000
3044		0.000000
3045		0.000000
3046		0.000000
3047		0.000000
3048		0.000000
3049		0.000000
3050		0.000000
3051		0.000000
3052		0.000000
3053		0.000000
3054		0.000000
3055		0.000000
3056		0.000000
3057		0.000000
3058		0.000000
3059		0.000000
3060		0.000000
3061		0.000000
3062		0.000000
3063		0.000000
3064		0.000000
3065		0.000000
3066		0.000000
3067		0.000000
3068		0.000000
3069		0.000000
3070		0.000000
3071		0.000000
3072		0.000000
3073		0.000000
3074		0.000000
3075		0.000000
3076		0.000000
3077		0.000000
3078		0.000000
3079		0.000000
3080		0.000000
3081		0.000000
3082		0.000000
3083		0.000000
3084		0.000000
3085		0.000000
3086		0.000000
3087		0.000000
3088		0.000000
3089		0.000000
3090		0.000000
3091		0.000000
3092		0.000000
3093		0.000000
3094		0.000000
3095		0.000000
3096		0.000000
3097		0.000000
3098		0.000000
3099		0.000000
3100		0.000000
3101		0.000000
3102		0.000000
3103		0.000000
3104		0.000000
3105		0.000000
3106		0.000000
3107		0.000000
3108		0.000000
3109		0.000000
3110		0.000000
3111		0.000000
3112		0.000000
3113		0.000000
3114		0.000000
3115		0.000000
3116		0.000000
3117		0.000000
3118		0.000000
3119		0.000000
3120		0.000000
3121		0.000000
3122		0.000000
3123		0.000000
3124		0.000000
3125		0.000000
3126		0.000000
3127		0.000000
3128		0.000000
3129		0.000000
3130		0.000000
3131		0.000000
3132		0.000000
3133		0.000000
3134		0.000000
3135		0.000000
3136		0.000000
3137		0.000000
3138		0.000000
3139		0.000000
3140		0.000000
3141		0.000000
3142		0.000000
3143		0.000000
3144		0.000000
3145		0.000000
3146		0.000000
3147		0.000000
3148		0.000000
3149		0.000000
3150		0.000000
3151		0.000000
3152		0.000000
3153		0.000000
3154		0.000000
3155		0.000000
3156		0.000000
3157		0.000000
3158		0.000000
3159		0.000000
3160		0.000000
3161		0.000000
3162		0.000000
3163		0.000000
3164		0.000000
3165		0.000000
3166		0.000000
3167		0.000000
3168		0.000000
3169		0.000000
3170		0.000000
3171		0.000000
3172		0.000000
3173		0.000000
3174		0.000000
3175		0.000000
3176		0.000000
3177		0.000000
3178		0.000000
3179		0.000000
3180		0.000000
3181		0.000000
3182		0.000000
3183		0.000000
3184		0.000000
3185		0.000000
3186		0.000000
3187		0.000000
3188		0.000000
3189		0.000000
3190		0.000000
3191		0.000000
3192		0.000000
3193		0.000000
3194		0.000000
3195		0.000000
3196		0.000000
3197		0.000000
3198		0.000000
3199		0.000000
3200		0.000000
3201		0.000000
3202		0.000000
3203		0.000000
3204		0.000000
3205		0.000000
3206		0.000000
3207		0.000000
3208		0.000000
3209		0.000000
3210		0.000000
3211		0.000000
3212		0.000000
3213		0.000000
3214		0.000000
3215		0.000000
3216		0.000000
3217		0.000000
3218		0.000000
3219		0.000000
3220		0.000000
3221		0.000000
3222		0.000000
3223		0.000000
3224		0.000000
3225		0.000000
3226		0.000000
3227		0.000000
3228		0.000000
3229		0.000000
3230		0.000000
3231		0.000000
3232		0.000000
3233		0.000000
3234		0.000000
3235		0.000000
3236		0.000000
3237		0.000000
3238		0.000000
3239		0.000000
3240		0.000000
3241		0.000000
3242		0.000000
3243		0.000000
3244		0.000000
3245		0.000000
3246		0.000000
3247		0.000000
3248		0.000000
3249		0.000000
3250		0.000000
3251		0.000000
3252		0.000000
3253		0.000000
3254		0.000000
3255		0.000000
3256		0.000000
3257		0.000000
3258		0.000000
3259		0.000000
3260		0.000000
3261		0.000000
3262		0.000000
3263		0.000000
3264		0.000000
3265		0.000000
3266		0.000000
3267		0.000000
3268		0.000000
3269		0.000000
3270		0.000000
3271		0.000000
3272		0.000000
3273		0.000000
3274		0.000000
3275		0.000000
3276		0.000000
3277		0.000000
3278		0.000000
3279		0.000000
3280		0.000000
3281		0.000000
3282		0.000000
3283		0.000000
3284		0.000000
3285		0.000000
3286		0.000000
3287		0.000000
3288		0.000000
3289		0.000000
3290		0.000000
3291		0.000000
3292		0.000000
3293		0.000000
3294		0.000000
3295		0.000000
3296		0.000000
3297		0.000000
3298		0.000000
3299		0.000000
3300		0.000000
3301		0.000000
3302		0.000000
3303		0.000000
3304		0.000000
3305		0.000000
3306		0.000000
3307		0.000000
3308		0.000000
3309		0.000000
3310		0.000000
3311		0.000000
3312		0.000000
3313		0.000000
3314		0.000000
3315		0.000000
3316		0.000000
3317		0.000000
3318		0.000000
3319		0.000000
3320		0.000000
3321		0.000000
3322		0.000000
3323		0.000000
3324		0.000000
3325		0.000000
3326		0.000000
3327		0.000000
3328		0.000000
3329		0.000000
3330		0.000000
3331		0.000000
3332		0.000000
3333		0.000000
3334		0.000000
3335		0.000000
3336		0.000000
3337		0.000000
3338		0.000000
3339		0.000000
3340		0.000000
3341		0.000000
3342		0.000000
3343		0.000000
3344		0.000000
3345		0.000000
3346		0.000000
3347		0.000000
3348		0.000000
3349		0.000000
3350		0.000000
3351		0.000000
3352		0.000000
3353		0.000000
3354		0.000000
3355		0.000000
3356		0.000000
3357		0.000000
3358		0.000000
3359		0.000000
3360		0.000000
3361		0.000000
3362		0.000000
3363		0.000000
3364		0.000000
3365		0.000000
3366		0.000000
3367		0.000000
3368		0.000000
3369		0.000000
3370		0.000000
3371		0.000000
3372		0.000000
3373		0.000000
3374		0.000000
3375		0.000000
3376		0.000000
3377		0.000000
3378		0.000000
3379		0.000000
3380		0.000000
3381		0.000000
3382		0.000000
3383		0.000000
3384		0.000000
3385		0.000000
3386		0.000000
3387		0.000000
3388		0.000000
3389		0.000000
3390		0.000000
3391		0.000000
3392		0.000000
3393		0.000000
3394		0.000000
3395		0.000000
3396		0.000000
3397		0.000000
3398		0.000000
3399		0.000000
3400		0.000000
3401		0.000000
3402		0.000000
3403		0.000000
3404		0.000000
3405		0.000000
3406		0.000000
3407		0.000000
3408		0.000000
3409		0.000000
3410		0.000000
3411		0.000000
3412		0.000000
3413		0.000000
3414		0.000000
3415		0.000000
3416		0.000000
3417		0.000000
3418		0.000000
3419		0.000000
3420		0.000000
3421		0.000000
3422		0.000000
3423		0.000000
3424		0.000000
3425		0.000000
3426		0.000000
3427		0.000000
3428		0.000000
3429		0.000000
3430		0.000000
3431		0.000000
3432		0.000000
3433		0.000000
3434		0.000000
3435		0.000000
3436		0.000000
3437		0.000000
3438		0.000000
3439		0.000000
3440		0.000000
3441		0.000000
3442		0.000000
3443		0.000000
3444		0.000000
3445		0.000000
3446		0.000000
3447		0.000000
3448		0.000000
3449		0.000000
3450		0.000000
3451		0.000000
3452		0.000000
3453		0.000000
3454		0.000000
3455		0.000000
3456		0.000000
3457		0.000000
3458		0.000000
3459		0.000000
3460		0.000000
3461		0.000000
3462		0.000000
3463		0.000000
3464		0.000000
3465		0.000000
3466		0.000000
3467		0.000000
3468		0.000000
3469		0.000000
3470		0.000000
3471		0.000000
3472		0.000000
3473		0.000000
3474		0.000000
3475		0.000000
3476		0.000000
3477		0.000000
3478		0.000000
3479		0.000000
3480		0.000000
3481		0.000000
3482		0.000000
3483		0.000000
3484		0.000000
3485		0.000000
3486		0.000000
3487		0.000000
3488		0.000000
3489		0.000000
3490		0.000000
3491		0.000000
3492		0.000000
3493		0.000000
3494		0.000000
3495		0.000000
3496		0.000000
3497		0.000000
3498		0.000000
3499		0.000000
3500		0.000000
3501		0.000000
3502		0.000000
3503		0.000000
3504		0.000000
3505		0.000000
3506		0.000000
3507		0.000000
3508		0.000000
3509		0.000000
3510		0.000000
3511		0.000000
3512		0.000000
3513		0.000000
3514		0.000000
3515		0.000000
3516		0.000000
3517		0.000000
3518		0.000000
3519		0.000000
3520		0.000000
3521		0.000000
3522		0.000000
3523		0.000000
3524		0.000000
3525		0.000000
3526		0.000000
3527		0.000000
3528		0.000000
3529		0.000000
3530		0.000000
3531		0.000000
3532		0.000000
3533		0.000000
3534		0.000000
3535		0.000000
3536		0.000000
3537		0.000000
3538		0.000000
3539		0.000000
3540		0.000000
3541		0.000000
3542		0.000000
3543		0.000000
3544		0.000000
3545		0.000000
3546		0.000000
3547		0.000000
3548		0.000000
3549		0.000000
3550		0.000000
3551		0.000000
3552		0.000000
3553		0.000000
3554		0.000000
3555		0.000000
3556		0.000000
3557		0.000000
3558		0.000000
3559		0.000000
3560		0.000000
3561		0.000000
3562		0.000000
3563		0.000000
3564		0.000000
3565		0.000000
3566		0.000000
3567		0.000000
3568		0.000000
3569		0.000000
3570		0.000000
3571		0.000000
3572		0.000000
3573		0.000000
3574		0.000000
3575		0.000000
3576		0.000000
3577		0.000000
3578		0.000000
3579		0.000000
3580		0.000000
3581		0.000000
3582		0.000000
3583		0.000000
3584		0.000000
3585		0.000000
3586		0.000000
3587		0.000000
3588		0.000000
3589		0.000000
3590		0.000000
3591		0.000000
3592		0.000000
3593		0.000000
3594		0.000000
3595		0.000000
3596		0.000000
3597		0.000000
3598		0.000000
3599		0.000000
3600		0.000000
3601		0.000000
3602		0.000000
3603		0.000000
3604		0.000000
3605		0.000000
3606		0.000000
3607		0.000000
3608		0.000000
3609		0.000000
3610		0.000000
3611		0.000000
3612		0.000000
3613		0.000000
3614		0.000000
3615		0.000000
3616		0.000000
3617		0.000000
3618		0.000000
3619		0.000000
3620		0.000000
3621		0.000000
3622		0.000000
3623		0.000000
3624		0.000000
3625		0.000000
3626		0.000000
3627		0.000000
3628		0.000000
3629		0.000000
3630		0.000000
3631		0.000000
3632		0.000000
3633		0.000000
3634		0.000000
3635		0.000000
3636		0.000000
3637		0.000000
3638		0.000000
3639		0.000000
3640		0.000000
3641		0.000000
3642		0.000000
3643		0.000000
3644		0.000000
3645		0.000000
3646		0.000000
3647		0.000000
3648		0.000000
3649		0.000000
3650		0.000000
3651		0.000000
3652		0.000000
3653		0.000000
3654		0.000000
3655		0.000000
3656		0.000000
3657		0.000000
3658		0.000000
3659		0.000000
3660		0.000000
3661		0.000000
3662		0.000000
3663		0.000000
3664		0.000000
3665		0.000000
3666		0.000000
3667		0.000000
3668		0.000000
3669		0.000000
3670		0.000000
3671		0.000000
3672		0.000000
3673		0.000000
3674		0.000000
3675		0.000000
3676		0.000000
3677		0.000000
3678		0.000000
3679		0.000000
3680		0.000000
3681		0.000000
3682		0.000000
3683		0.000000
3684		0.000000
3685		0.000000
3686		0.000000
3687		0.000000
3688		0.000000
3689		0.000000
3690		0.000000
3691		0.000000
3692		0.000000
3693		0.000000
3694		0.000000
3695		0.000000
3696		0.000000
3697		0.000000
3698		0.000000
3699		0.000000
3700		0.000000
3701		0.000000
3702		0.000000
3703		0.000000
3704		0.000000
3705		0.000000
3706		0.000000
3707		0.000000
3708		0.000000
3709		0.000000
3710		0.000000
3711		0.000000
3712		0.000000
3713		0.000000
3714		0.000000
3715		0.000000
3716		0.000000
3717		0.000000
3718		0.000000
3719		0.000000
3720		0.000000
3721		0.000000
3722		0.000000
3723		0.000000
3724		0.000000
3725		0.000000
3726		0.000000
3727		0.000000
3728		0.000000
3729		0.000000
3730		0.000000
3731		0.000000
3732		0.000000
3733		0.000000
3734		0.000000
3735		0.000000
3736		0.000000
3737		0.000000
3738		0.000000
3739		0.000000
3740		0.000000
3741		0.000000
3742		0.000000
3743		0.000000
3744		0.000000
3745		0.000000
3746		0.000000
3747		0.000000
3748		0.000000
3749		0.000000
3750		0.000000
3751		0.000000
3752		0.000000
3753		0.000000
3754		0.000000
3755		0.000000
3756		0.000000
3757		0.000000
3758		0.000000
3759		0.000000
3760		0.000000
3761		0.000000
3762		0.000000
3763		0.000000
3764		0.000000
3765		0.000000
3766		0.000000
3767		0.000000
3768		0.000000
3769		0.000000
3770		0.000000
3771		0.000000
3772		0.000000
3773		0.000000
3774		0.000000
3775		0.000000
3776		0.000000
3777		0.000000
3778		0.000000
3779		0.000000
3780		0.000000
3781		0.000000
3782		0.000000
3783		0.000000
3784		0.000000
3785		0.000000
3786		0.000000
3787		0.000000
3788		0.000000
3789		0.000000
3790		0.000000
3791		0.000000
3792		0.000000
3793		0.000000
3794		0.000000
3795		0.000000
3796		0.000000
3797		0.000000
3798		0.000000
3799		0.000000
3800		0.000000
3801		0.000000
3802		0.000000
3803		0.000000
3804		0.000000
3805		0.000000
3806		0.000000
3807		0.000000
3808		0.000000
3809		0.000000
3810		0.000000
3811		0.000000
3812		0.000000
3813		0.000000
3814		0.000000
3815		0.000000
3816		0.000000
3817		0.000000
3818		0.000000
3819		0.000000
3820		0.000000
3821		0.000000
3822		0.000000
3823		0.000000
3824		0.000000
3825		0.000000
3826		0.000000
3827		0.000000
3828		0.000000
3829		0.000000
3830		0.000000
3831		0.000000
3832		0.000000
3833		0.000000
3834		0.000000
3835		0.000000
3836		0.000000
3837		0.000000
3838		0.000000
3839		0.000000
3840		0.000000
3841		0.000000
3842		0.000000
3843		0.000000
3844		0.000000
3845		0.000000
3846		0.000000
3847		0.000000
3848		0.000000
3849		0.000000
3850		0.000000
3851		0.000000
3852		0.000000
3853		0.000000
3854		0.000000
3855		0.000000
3856		0.000000
3857		0.000000
3858		0.000000
3859		0.000000
3860		0.000000
3861		0.000000
3862		0.000000
3863		0.000000
3864		0.000000
3865		0.000000
3866		0.000000
3867		0.000000
3868		0.000000
3869		0.000000
3870		0.000000
3871		0.000000
3872		0.000000
3873		0.000000
3874		0.000000
3875		0.000000
3876		0.000000
3877		0.000000
3878		0.000000
3879		0.000000
3880		0.000000
3881		0.000000
3882		0.000000
3883		0.000000
3884		0.000000
3885		0.000000
3886		0.000000
3887		0.000000
3888		0.000000
3889		0.000000
3890		0.000000
3891		0.000000
3892		0.000000
3893		0.000000
3894		0.000000
3895		0.000000
3896		0.000000
3897		0.000000
3898		0.000000
3899		0.000000
3900		0.000000
3901		0.000000
3902		0.000000
3903		0.000000
3904		0.000000
3905		0.000000
3906		0.000000
3907		0.000000
3908		0.000000
3909		0.000000
3910		0.000000
3911		0.000000
3912		0.000000
3913		0.000000
3914		0.000000
3915		0.000000
3916		0.000000
3917		0.000000
3918		0.000000
3919		0.000000
3920		0.000000
3921		0.000000
3922		0.000000
3923		0.000000
3924		0.000000
3925		0.000000
3926		0.000000
3927		0.000000
3928		0.000000
3929		0.000000
3930		0.000000
3931		0.000000
3932		0.000000
3933		0.000000
3934		0.000000
3935		0.000000
3936		0.000000
3937		0.000000
3938		0.000000
3939		0.000000
3940		0.000000
3941		0.000000
3942		0.000000
3943		0.000000
3944		0.000000
3945		0.000000
3946		0.000000
3947		0.000000
3948		0.000000
3949		0.000000
3950		0.000000
3951		0.000000
3952		0.000000
3953		0.000000
3954		0.000000
3955		0.000000
3956		0.000000
3957		0.000000
3958		0.000000
3959		0.000000
3960		0.000000
3961		0.000000
3962		0.000000
3963		0.000000
3964		0.000000
3965		0.000000
3966		0.000000
3967		0.000000
3968		0.000000
3969		0.000000
3970		0.000000
3971		0.000000
3972		0.000000
3973		0.000000
3974		0.000000
3975		0.000000
3976		0.000000
3977		0.000000
3978		0.000000
3979		0.000000
3980		0.000000
3981		0.000000
3982		0.000000
3983		0.000000
3984		0.000000
3985		0.000000
3986		0.000000
3987		0.000000
3988		0.000000
3989		0.000000
3990		0.000000
3991		0.000000
3992		0.000000
3993		0.000000
3994		0.000000
3995		0.000000
3996		0.000000
3997		0.000000
3998		0.000000
3999		0.000000
4000		0.000000
4001		0.000000
4002		0.000000
4003		0.000000
4004		0.000000
4005		0.000000
4006		0.000000
4007		0.000000
4008		0.000000
4009		0.000000
4010		0.000000
4011		0.000000
4012		0.000000
4013		0.000000
4014		0.000000
4015		0.000000
4016		0.000000
4017		0.000000
4018		0.000000
4019		0.000000
4020		0.000000
4021		0.000000
4022		0.000000
4023		0.000000
4024		0.000000
4025		0.000000
4026		0.000000
4027		0.000000
4028		0.000000
4029		0.000000
4030		0.000000
4031		0.000000
4032		0.000000
4033		0.000000
4034		0.000000
4035		0.000000
4036		0.000000
4037		0.000000
4038		0.000000
4039		0.000000
4040		0.000000
4041		0.000000
4042		0.000000
4043		0.000000
4044		0.000000
4045		0.000000
4046		0.000000
4047		0.000000
4048		0.000000
4049		0.000000
4050		0.000000
4051		0.000000
4052		0.000000
4053		0.000000
4054		0.000000
4055		0.000000
4056		0.000000
4057		0.000000
4058		0.000000
4059		0.000000
4060		0.000000
4061		0.000000
4062		0.000000
4063		0.000000
4064		0.000000
4065		0.000000
4066		0.000000
4067		0.000000
4068		0.000000
4069		0.000000
4070		0.000000
4071		0.000000
4072		0.000000
4073		0.000000
4074		0.000000
4075		0.000000
4076		0.000000
4077		0.000000
4078		0.000000
4079		0.000000
4080		0.000000
4081		0.000000
4082		0.000000
4083		0.000000
4084		0.000000
4085		0.000000
4086		0.000000
4087		0.000000
4088		0.000000
4089		0.000000
4090		0.000000
4091		0.000000
4092		0.000000
4093		0.000000
4094		0.000000
4095		0.000000
