0		0.000000
1		0.000000
2		0.000000
3		0.000000
4		0.000000
5		0.000000
6		0.000000
7		0.000000
8		0.000000
9		0.000000
10		0.000000
11		0.000000
12		0.000000
13		0.000000
14		0.000000
15		0.000000
16		0.000000
17		0.000000
18		0.000000
19		0.000000
20		0.000000
21		0.000000
22		0.000000
23		0.000000
24		0.000000
25		0.000000
26		0.000000
27		0.000000
28		0.000000
29		0.000000
30		0.000000
31		0.000000
32		0.000000
33		0.000000
34		0.000000
35		0.000000
36		0.000000
37		0.000000
38		0.000000
39		0.000000
40		0.000000
41		0.000000
42		0.000000
43		0.000000
44		0.000000
45		0.000000
46		0.000000
47		0.000000
48		0.000000
49		0.000000
50		0.000000
51		0.000000
52		0.000000
53		0.000000
54		0.000000
55		0.000000
56		0.000000
57		0.000000
58		0.000000
59		0.000000
60		0.000000
61		0.000000
62		0.000000
63		0.000000
64		0.000000
65		0.000000
66		0.000000
67		0.000000
68		0.000000
69		0.000000
70		0.000000
71		0.000000
72		0.000000
73		0.000000
74		0.000000
75		0.000000
76		0.000000
77		0.000000
78		0.000000
79		0.000000
80		0.000000
81		0.000000
82		0.000000
83		0.000000
84		0.000000
85		0.000000
86		0.000000
87		0.000000
88		0.000000
89		0.000000
90		0.000000
91		0.000000
92		0.000000
93		0.000000
94		0.000000
95		0.000000
96		0.000000
97		0.000000
98		0.000000
99		0.000000
100		0.000000
101		0.000000
102		0.000000
103		0.000000
104		0.000000
105		0.000000
106		0.000000
107		0.000000
108		0.000000
109		78955.968750
110		9236.775391
111		125.014053
112		107.377220
113		108.155312
114		119.826752
115		104.783562
116		110.748962
117		112.045792
118		113.861351
119		112.823891
120		115.417542
121		114.380081
122		118.270554
123		114.898811
124		111.267693
125		116.973732
126		122.420403
127		112.823891
128		123.717224
129		119.048653
130		116.195633
131		118.529922
132		117.492462
133		118.529922
134		125.792152
135		118.789291
136		133.313736
137		122.161034
138		120.086113
139		120.345482
140		120.864212
141		125.532784
142		127.348343
143		135.907394
144		137.722946
145		132.795013
146		130.460724
147		141.094696
148		142.132156
149		142.650894
150		142.391525
151		149.135025
152		147.319473
153		145.763275
154		151.728668
155		154.062958
156		159.768997
157		160.028366
158		161.843918
159		167.549957
160		162.622009
161		171.181076
162		171.440430
163		173.515350
164		182.333771
165		180.518219
166		180.258850
167		178.702667
168		182.333771
169		184.149338
170		188.039810
171		178.183929
172		171.440430
173		177.665207
174		179.480759
175		200.748703
176		186.742981
177		185.446152
178		186.742981
179		180.777588
180		189.077271
181		200.489349
182		199.192520
183		190.374100
184		201.786163
185		199.711243
186		209.826492
187		198.155060
188		199.970612
189		201.008072
190		202.045532
191		215.273163
192		237.319214
193		224.091583
194		248.471924
195		245.359528
196		245.878265
197		238.875397
198		228.500793
199		236.800476
200		239.653503
201		241.728424
202		221.757294
203		226.685242
204		220.719833
205		237.059845
206		221.757294
207		222.276031
208		218.904282
209		227.463333
210		220.719833
211		222.016663
212		218.126175
213		223.313492
214		223.572845
215		203.082993
216		209.826492
217		208.010941
218		205.936020
219		195.820770
220		203.601730
221		204.120453
222		191.411560
223		177.924561
224		187.261719
225		183.630600
226		188.558548
227		185.705521
228		183.630600
229		183.111877
230		186.224258
231		177.924561
232		181.555679
233		182.852509
234		174.034088
235		178.702667
236		163.918839
237		162.103287
238		167.809326
239		172.477890
240		163.400116
241		159.250275
242		166.253128
243		162.622009
244		163.400116
245		163.918839
246		157.694077
247		163.659485
248		154.062958
249		149.653748
250		152.247406
251		154.322327
252		159.509628
253		134.091843
254		142.910263
255		144.985184
256		134.091843
257		150.172485
258		140.057236
259		150.172485
260		149.653748
261		150.431854
262		120.864212
263		137.204224
264		140.316605
265		135.388672
266		135.907394
267		138.501053
268		133.573105
269		129.423264
270		139.538513
271		130.720093
272		134.869934
273		123.457863
274		129.163895
275		122.679764
276		128.904526
277		123.717224
278		125.273422
279		129.682632
280		122.161034
281		130.201355
282		128.904526
283		128.645172
284		126.829613
285		132.016922
286		130.720093
287		132.276276
288		128.126434
289		118.529922
290		118.011192
291		126.051514
292		130.720093
293		130.979462
294		136.944855
295		126.570244
296		116.714363
297		122.679764
298		122.420403
299		120.604843
300		123.976593
301		106.858482
302		120.345482
303		120.086113
304		119.308022
305		122.679764
306		116.973732
307		127.088974
308		111.527061
309		121.901672
310		117.751823
311		118.789291
312		106.599121
313		114.898811
314		146.281998
315		598.614990
316		679.277588
317		178.183929
318		111.008331
319		107.895950
320		115.158173
321		115.158173
322		122.161034
323		114.120712
324		110.489601
325		114.120712
326		115.936272
327		117.492462
328		104.005470
329		113.601982
330		105.302292
331		116.195633
332		113.601982
333		113.861351
334		108.674042
335		108.414680
336		113.083252
337		104.524200
338		114.898811
339		111.527061
340		123.457863
341		102.449280
342		111.008331
343		120.086113
344		105.042931
345		103.486740
346		99.077530
347		106.339752
348		115.417542
349		104.005470
350		109.192772
351		112.045792
352		115.676903
353		115.158173
354		116.714363
355		104.005470
356		108.933411
357		118.011192
358		114.898811
359		114.639442
360		112.045792
361		122.679764
362		112.305153
363		114.380081
364		108.674042
365		115.158173
366		116.455002
367		114.639442
368		111.267693
369		111.527061
370		112.045792
371		130.201355
372		112.045792
373		111.786423
374		121.382942
375		121.382942
376		128.385803
377		124.235962
378		115.936272
379		127.088974
380		115.417542
381		121.382942
382		125.532784
383		125.273422
384		123.457863
385		134.091843
386		124.495323
387		119.567383
388		125.273422
389		134.091843
390		130.979462
391		123.976593
392		128.904526
393		125.792152
394		124.495323
395		119.308022
396		128.904526
397		123.717224
398		131.757553
399		136.426132
400		134.869934
401		136.426132
402		130.720093
403		147.319473
404		137.463593
405		143.428986
406		144.207077
407		120.345482
408		122.420403
409		120.086113
410		108.933411
411		116.455002
412		116.714363
413		121.123573
414		123.717224
415		121.901672
416		130.720093
417		122.939133
418		120.345482
419		124.235962
420		126.570244
421		139.797867
422		118.789291
423		113.601982
424		128.385803
425		129.942001
426		132.795013
427		123.457863
428		121.901672
429		126.570244
430		135.129303
431		125.792152
432		132.016922
433		133.832474
434		125.532784
435		132.795013
436		130.979462
437		146.541367
438		129.942001
439		121.901672
440		120.345482
441		108.155312
442		118.529922
443		123.976593
444		113.083252
445		99.077530
446		112.305153
447		116.455002
448		112.045792
449		109.970871
450		110.489601
451		108.155312
452		122.420403
453		113.601982
454		119.826752
455		107.636581
456		112.305153
457		119.567383
458		125.532784
459		126.051514
460		111.527061
461		127.867073
462		111.008331
463		99.336891
464		98.558800
465		92.852760
466		90.777840
467		102.189911
468		98.558800
469		97.261971
470		101.671181
471		96.224510
472		93.371490
473		91.296570
474		89.221649
475		91.296570
476		87.146729
477		97.780701
478		86.887360
479		93.630859
480		94.927681
481		85.849899
482		86.627998
483		93.630859
484		88.184189
485		89.740379
486		105.821022
487		499.796844
488		1828.265747
489		1121.235962
490		174.552811
491		91.555939
492		80.143867
493		97.780701
494		95.705780
495		80.143867
496		78.847038
497		74.697197
498		69.769257
499		72.881638
500		68.731796
501		70.287987
502		69.769257
503		65.100677
504		61.728931
505		59.654011
506		60.950836
507		61.988297
508		62.247662
509		60.432106
510		51.354321
511		61.988297
512		62.766392
513		54.726070
514		58.875912
515		54.726070
516		53.429241
517		53.688610
518		56.800991
519		52.391781
520		204.898560
521		1215.126221
522		1581.090576
523		371.929779
524		59.394646
525		56.282261
526		52.910511
527		51.094955
528		46.945110
529		50.057495
530		47.723206
531		54.985435
532		43.832729
533		47.204475
534		49.020035
535		45.648285
536		43.832729
537		45.388920
538		50.057495
539		43.313999
540		46.426380
541		42.535904
542		43.832729
543		52.132416
544		91.296570
545		629.998230
546		1679.908813
547		892.216492
548		112.823891
549		49.279400
550		34.495579
551		42.017170
552		40.201614
553		45.388920
554		40.201614
555		39.164154
556		39.423519
557		42.276539
558		44.351460
559		39.942249
560		38.386059
561		37.348598
562		37.089233
563		39.682884
564		42.017170
565		42.795269
566		40.201614
567		44.870190
568		43.832729
569		35.533039
570		40.979710
571		40.460979
572		39.682884
573		40.201614
574		42.795269
575		36.311134
576		36.570499
577		49.020035
578		323.428467
579		1382.157471
580		1220.313477
581		250.287476
582		35.792404
583		35.014309
584		38.904789
585		41.498440
586		45.648285
587		35.273674
588		37.867329
589		37.607964
590		34.754944
591		37.607964
592		32.939388
593		35.533039
594		40.979710
595		39.682884
596		36.570499
597		35.014309
598		40.201614
599		35.273674
600		37.089233
601		35.533039
602		31.123831
603		34.236214
604		44.610825
605		35.792404
606		39.682884
607		38.126694
608		36.570499
609		38.126694
610		38.904789
611		40.460979
612		35.533039
613		40.720345
614		35.273674
615		38.126694
616		38.645424
617		41.498440
618		36.570499
619		38.126694
620		37.867329
621		46.167015
622		40.201614
623		36.570499
624		34.236214
625		41.757805
626		37.607964
627		39.164154
628		39.423519
629		40.201614
630		37.348598
631		49.538765
632		46.945110
633		41.239075
634		37.867329
635		39.164154
636		35.273674
637		39.942249
638		37.607964
639		37.348598
640		40.460979
641		38.386059
642		39.942249
643		38.126694
644		37.867329
645		43.313999
646		36.829868
647		30.605101
648		35.273674
649		40.460979
650		40.979710
651		43.573364
652		36.570499
653		28.270813
654		32.161293
655		39.942249
656		31.901926
657		38.126694
658		42.795269
659		38.126694
660		42.795269
661		40.201614
662		43.054634
663		41.498440
664		38.386059
665		43.832729
666		37.607964
667		37.867329
668		42.017170
669		38.126694
670		37.348598
671		35.792404
672		45.388920
673		38.126694
674		38.904789
675		38.904789
676		38.645424
677		39.164154
678		37.089233
679		40.979710
680		44.092094
681		31.123831
682		45.388920
683		35.792404
684		33.976849
685		40.720345
686		31.383196
687		40.201614
688		36.570499
689		33.198753
690		37.607964
691		38.386059
692		39.682884
693		33.458118
694		40.201614
695		43.573364
696		36.570499
697		38.645424
698		38.126694
699		37.607964
700		33.458118
701		33.976849
702		32.939388
703		40.720345
704		37.089233
705		34.754944
706		38.904789
707		32.680023
708		37.348598
709		33.976849
710		32.939388
711		33.976849
712		33.717484
713		32.939388
714		35.014309
715		35.533039
716		33.717484
717		34.495579
718		36.570499
719		38.386059
720		38.386059
721		35.792404
722		31.383196
723		38.126694
724		34.236214
725		35.014309
726		33.717484
727		43.832729
728		43.573364
729		42.795269
730		45.907650
731		39.423519
732		33.458118
733		34.754944
734		38.126694
735		34.495579
736		30.086370
737		35.273674
738		39.423519
739		38.126694
740		34.495579
741		33.458118
742		38.386059
743		40.460979
744		32.680023
745		38.645424
746		38.645424
747		36.051769
748		35.533039
749		40.201614
750		53.688610
751		106.599121
752		113.083252
753		70.287987
754		40.460979
755		39.423519
756		38.386059
757		36.829868
758		39.423519
759		43.054634
760		40.201614
761		37.607964
762		43.313999
763		39.682884
764		37.348598
765		36.570499
766		33.717484
767		40.979710
768		44.092094
769		39.164154
770		37.867329
771		42.795269
772		38.645424
773		46.685745
774		40.979710
775		33.717484
776		36.570499
777		38.904789
778		39.164154
779		46.945110
780		43.832729
781		41.498440
782		39.423519
783		43.313999
784		42.795269
785		38.904789
786		46.685745
787		49.020035
788		45.388920
789		43.054634
790		36.570499
791		38.126694
792		45.648285
793		35.533039
794		40.460979
795		41.498440
796		38.904789
797		40.979710
798		37.607964
799		42.017170
800		38.386059
801		51.094955
802		42.276539
803		47.463840
804		42.276539
805		46.167015
806		42.795269
807		43.832729
808		42.535904
809		46.685745
810		36.570499
811		41.757805
812		44.351460
813		38.645424
814		43.054634
815		39.423519
816		38.126694
817		45.388920
818		43.832729
819		47.982574
820		41.498440
821		43.573364
822		45.388920
823		39.942249
824		46.426380
825		46.167015
826		41.498440
827		48.241940
828		40.201614
829		43.832729
830		48.241940
831		54.985435
832		47.204475
833		49.538765
834		45.907650
835		47.463840
836		48.501305
837		49.279400
838		48.241940
839		51.613686
840		50.057495
841		56.022896
842		49.279400
843		50.057495
844		46.167015
845		54.207340
846		42.795269
847		44.610825
848		49.020035
849		50.057495
850		56.282261
851		54.726070
852		58.357182
853		53.947975
854		58.616547
855		54.207340
856		57.579086
857		53.688610
858		58.357182
859		58.875912
860		56.541626
861		57.838451
862		58.616547
863		59.654011
864		68.472427
865		58.875912
866		54.466705
867		50.057495
868		47.204475
869		46.167015
870		42.795269
871		46.945110
872		59.135277
873		53.947975
874		42.535904
875		45.648285
876		44.351460
877		39.942249
878		40.979710
879		41.239075
880		38.645424
881		41.239075
882		43.054634
883		42.276539
884		30.086370
885		37.867329
886		38.645424
887		41.757805
888		33.717484
889		38.126694
890		32.680023
891		37.089233
892		33.198753
893		34.495579
894		31.901926
895		37.348598
896		32.680023
897		36.051769
898		36.311134
899		29.048908
900		37.607964
901		32.680023
902		31.901926
903		36.570499
904		27.233353
905		29.048908
906		26.973988
907		34.236214
908		30.864466
909		28.789543
910		25.158430
911		28.789543
912		27.492718
913		27.752083
914		24.120970
915		22.305412
916		26.195890
917		18.674299
918		21.527317
919		22.305412
920		19.193029
921		15.043185
922		25.417795
923		23.861603
924		23.861603
925		19.452394
926		23.861603
927		22.564777
928		26.714621
929		25.677160
930		21.786682
931		19.193029
932		21.008585
933		21.008585
934		21.008585
935		19.971125
936		17.896202
937		18.674299
938		20.489855
939		18.674299
940		19.452394
941		18.933664
942		15.302550
943		19.193029
944		23.342873
945		19.193029
946		19.971125
947		23.861603
948		16.599377
949		14.783819
950		21.786682
951		19.193029
952		20.749220
953		17.377472
954		18.933664
955		26.714621
956		112.564522
957		612.361389
958		1476.307007
959		1328.728271
960		454.926666
961		78.847038
962		18.155567
963		20.749220
964		13.486994
965		17.118107
966		20.230490
967		16.340012
968		12.968263
969		19.193029
970		15.302550
971		18.155567
972		14.265089
973		16.080647
974		18.155567
975		16.080647
976		16.080647
977		16.340012
978		21.267952
979		19.452394
980		15.561915
981		17.118107
982		17.118107
983		16.599377
984		16.340012
985		19.193029
986		16.340012
987		19.193029
988		14.005724
989		17.118107
990		16.340012
991		18.933664
992		14.783819
993		17.377472
994		14.783819
995		15.043185
996		16.599377
997		16.858742
998		19.711760
999		15.561915
1000		19.971125
1001		17.636837
1002		16.080647
1003		17.118107
1004		15.302550
1005		20.489855
1006		17.377472
1007		16.858742
1008		18.155567
1009		14.524454
1010		16.599377
1011		14.783819
1012		18.155567
1013		17.377472
1014		16.340012
1015		16.858742
1016		15.043185
1017		18.414934
1018		18.933664
1019		14.265089
1020		18.414934
1021		17.118107
1022		14.524454
1023		16.340012
1024		17.896202
1025		19.452394
1026		17.377472
1027		13.746359
1028		19.452394
1029		13.746359
1030		16.858742
1031		15.043185
1032		17.118107
1033		17.377472
1034		19.193029
1035		21.008585
1036		16.080647
1037		14.783819
1038		19.971125
1039		17.118107
1040		15.561915
1041		20.230490
1042		19.711760
1043		18.674299
1044		22.046047
1045		17.377472
1046		15.561915
1047		18.933664
1048		19.452394
1049		16.340012
1050		19.452394
1051		20.489855
1052		18.674299
1053		14.783819
1054		15.302550
1055		18.155567
1056		21.008585
1057		21.786682
1058		15.043185
1059		16.858742
1060		16.858742
1061		13.746359
1062		18.933664
1063		18.155567
1064		20.489855
1065		23.083508
1066		19.711760
1067		19.193029
1068		21.008585
1069		21.267952
1070		20.489855
1071		18.155567
1072		22.305412
1073		16.080647
1074		18.155567
1075		18.414934
1076		17.118107
1077		20.230490
1078		14.783819
1079		17.377472
1080		21.267952
1081		17.118107
1082		19.452394
1083		17.636837
1084		20.749220
1085		22.305412
1086		17.377472
1087		17.636837
1088		17.896202
1089		18.674299
1090		17.636837
1091		16.080647
1092		17.636837
1093		19.452394
1094		17.636837
1095		21.527317
1096		17.377472
1097		17.118107
1098		20.749220
1099		20.489855
1100		18.933664
1101		18.155567
1102		25.158430
1103		19.711760
1104		21.786682
1105		19.193029
1106		17.118107
1107		20.489855
1108		17.636837
1109		17.636837
1110		24.639700
1111		20.749220
1112		19.452394
1113		21.267952
1114		21.267952
1115		19.452394
1116		20.749220
1117		15.821280
1118		16.858742
1119		24.380335
1120		19.452394
1121		16.080647
1122		18.155567
1123		17.636837
1124		22.305412
1125		18.155567
1126		17.118107
1127		25.417795
1128		18.933664
1129		22.564777
1130		20.749220
1131		20.749220
1132		17.636837
1133		22.046047
1134		15.561915
1135		22.046047
1136		24.120970
1137		21.527317
1138		18.674299
1139		20.749220
1140		19.193029
1141		19.971125
1142		20.489855
1143		24.380335
1144		19.452394
1145		22.305412
1146		25.677160
1147		21.267952
1148		20.230490
1149		20.230490
1150		22.305412
1151		19.711760
1152		21.267952
1153		16.858742
1154		24.380335
1155		19.971125
1156		19.193029
1157		18.933664
1158		25.677160
1159		18.414934
1160		23.083508
1161		24.120970
1162		23.083508
1163		24.899065
1164		24.639700
1165		25.158430
1166		23.602238
1167		23.342873
1168		20.230490
1169		21.527317
1170		21.008585
1171		23.342873
1172		21.267952
1173		19.193029
1174		19.452394
1175		19.452394
1176		18.414934
1177		23.602238
1178		22.564777
1179		23.083508
1180		19.711760
1181		22.824142
1182		18.674299
1183		18.155567
1184		21.527317
1185		20.489855
1186		18.933664
1187		21.527317
1188		20.489855
1189		20.489855
1190		20.749220
1191		22.305412
1192		20.749220
1193		27.752083
1194		23.083508
1195		26.714621
1196		22.305412
1197		23.083508
1198		20.749220
1199		21.008585
1200		18.933664
1201		23.083508
1202		25.936525
1203		19.971125
1204		23.861603
1205		26.455256
1206		22.305412
1207		23.602238
1208		20.489855
1209		24.639700
1210		28.011448
1211		23.342873
1212		21.786682
1213		27.233353
1214		25.417795
1215		22.046047
1216		20.230490
1217		22.046047
1218		24.639700
1219		26.195890
1220		21.786682
1221		21.008585
1222		21.527317
1223		22.046047
1224		27.752083
1225		27.492718
1226		21.527317
1227		20.749220
1228		29.048908
1229		24.380335
1230		23.861603
1231		27.492718
1232		21.786682
1233		24.639700
1234		19.452394
1235		24.899065
1236		23.083508
1237		22.046047
1238		26.195890
1239		26.195890
1240		23.602238
1241		23.861603
1242		25.936525
1243		25.677160
1244		26.195890
1245		25.417795
1246		23.342873
1247		23.342873
1248		23.342873
1249		24.120970
1250		29.048908
1251		25.158430
1252		22.305412
1253		25.158430
1254		20.749220
1255		23.342873
1256		23.342873
1257		26.714621
1258		27.492718
1259		23.342873
1260		25.936525
1261		23.083508
1262		26.973988
1263		30.345736
1264		29.827005
1265		25.677160
1266		29.567638
1267		21.786682
1268		30.605101
1269		30.864466
1270		25.417795
1271		25.417795
1272		25.936525
1273		18.414934
1274		26.195890
1275		27.233353
1276		24.380335
1277		25.936525
1278		24.120970
1279		29.827005
1280		26.195890
1281		24.380335
1282		23.083508
1283		28.011448
1284		23.342873
1285		26.714621
1286		22.564777
1287		24.639700
1288		26.973988
1289		32.680023
1290		28.789543
1291		26.973988
1292		28.270813
1293		26.195890
1294		28.011448
1295		23.342873
1296		28.011448
1297		34.495579
1298		22.564777
1299		25.417795
1300		23.861603
1301		25.158430
1302		29.048908
1303		26.973988
1304		29.308273
1305		29.567638
1306		29.567638
1307		28.011448
1308		23.861603
1309		28.789543
1310		29.827005
1311		50.835590
1312		94.149590
1313		161.843918
1314		178.702667
1315		141.613434
1316		78.068939
1317		52.651146
1318		39.164154
1319		36.570499
1320		43.054634
1321		36.829868
1322		40.979710
1323		36.570499
1324		43.573364
1325		33.976849
1326		37.607964
1327		34.236214
1328		39.164154
1329		41.239075
1330		44.870190
1331		42.535904
1332		33.976849
1333		33.976849
1334		41.498440
1335		39.423519
1336		47.982574
1337		39.942249
1338		43.054634
1339		43.313999
1340		34.754944
1341		45.388920
1342		44.351460
1343		35.792404
1344		40.720345
1345		39.164154
1346		37.867329
1347		49.020035
1348		38.645424
1349		42.535904
1350		43.573364
1351		40.979710
1352		39.682884
1353		43.832729
1354		48.241940
1355		48.241940
1356		47.204475
1357		44.610825
1358		49.020035
1359		42.017170
1360		39.942249
1361		44.092094
1362		37.867329
1363		45.388920
1364		48.241940
1365		42.535904
1366		41.498440
1367		45.388920
1368		45.907650
1369		44.870190
1370		43.573364
1371		46.685745
1372		41.239075
1373		38.645424
1374		39.682884
1375		43.832729
1376		46.426380
1377		43.573364
1378		48.760670
1379		55.504166
1380		41.757805
1381		39.682884
1382		47.723206
1383		54.207340
1384		46.426380
1385		53.169876
1386		49.538765
1387		44.092094
1388		53.429241
1389		49.798130
1390		51.873051
1391		50.316860
1392		50.057495
1393		48.501305
1394		47.982574
1395		46.167015
1396		50.057495
1397		49.798130
1398		47.204475
1399		45.907650
1400		54.985435
1401		51.094955
1402		43.573364
1403		52.132416
1404		45.388920
1405		45.907650
1406		46.685745
1407		54.207340
1408		42.017170
1409		54.985435
1410		44.092094
1411		51.613686
1412		49.020035
1413		56.282261
1414		50.316860
1415		52.132416
1416		45.129555
1417		57.319721
1418		52.910511
1419		53.947975
1420		50.057495
1421		58.875912
1422		54.726070
1423		51.873051
1424		51.613686
1425		47.463840
1426		48.760670
1427		53.169876
1428		51.354321
1429		54.466705
1430		53.429241
1431		56.022896
1432		57.579086
1433		56.541626
1434		53.947975
1435		53.947975
1436		57.579086
1437		58.097816
1438		53.688610
1439		50.316860
1440		60.691471
1441		54.985435
1442		52.910511
1443		51.354321
1444		57.319721
1445		56.282261
1446		60.691471
1447		55.504166
1448		58.616547
1449		58.097816
1450		60.691471
1451		57.579086
1452		58.357182
1453		53.169876
1454		50.316860
1455		48.760670
1456		53.688610
1457		46.685745
1458		47.204475
1459		47.982574
1460		53.429241
1461		47.204475
1462		48.760670
1463		52.651146
1464		53.688610
1465		54.207340
1466		50.835590
1467		51.873051
1468		49.279400
1469		45.907650
1470		43.313999
1471		46.167015
1472		53.688610
1473		55.763531
1474		42.276539
1475		49.538765
1476		45.129555
1477		47.463840
1478		47.982574
1479		40.460979
1480		46.426380
1481		45.907650
1482		53.429241
1483		49.279400
1484		44.610825
1485		45.648285
1486		47.463840
1487		43.054634
1488		49.279400
1489		47.204475
1490		52.391781
1491		45.648285
1492		48.760670
1493		46.945110
1494		46.426380
1495		48.760670
1496		49.538765
1497		53.947975
1498		51.094955
1499		48.760670
1500		50.316860
1501		50.057495
1502		54.726070
1503		53.947975
1504		48.501305
1505		43.832729
1506		49.279400
1507		44.092094
1508		42.535904
1509		53.947975
1510		49.279400
1511		48.501305
1512		47.463840
1513		52.651146
1514		48.241940
1515		52.132416
1516		52.910511
1517		82.996880
1518		175.849640
1519		385.157410
1520		596.799438
1521		580.459473
1522		404.869171
1523		196.598862
1524		98.040070
1525		65.619408
1526		58.097816
1527		56.800991
1528		63.025757
1529		57.319721
1530		57.319721
1531		62.247662
1532		57.579086
1533		53.169876
1534		62.766392
1535		60.432106
1536		56.800991
1537		64.322586
1538		57.838451
1539		67.434967
1540		62.766392
1541		70.806717
1542		61.469566
1543		67.175598
1544		68.731796
1545		63.803852
1546		59.913376
1547		63.285122
1548		64.581947
1549		66.916237
1550		56.800991
1551		64.063217
1552		68.731796
1553		61.469566
1554		60.691471
1555		61.988297
1556		61.728931
1557		63.803852
1558		72.881638
1559		65.360046
1560		64.581947
1561		60.172741
1562		60.691471
1563		73.400368
1564		64.841316
1565		65.619408
1566		63.025757
1567		61.988297
1568		69.769257
1569		71.066078
1570		61.728931
1571		70.547348
1572		66.138138
1573		67.434967
1574		72.103539
1575		63.285122
1576		57.060356
1577		65.100677
1578		61.728931
1579		59.394646
1580		62.507027
1581		63.025757
1582		68.213066
1583		56.541626
1584		77.290848
1585		70.287987
1586		66.397507
1587		57.838451
1588		65.100677
1589		59.394646
1590		65.878777
1591		77.809578
1592		73.919098
1593		64.322586
1594		69.769257
1595		67.953697
1596		68.991158
1597		63.025757
1598		65.360046
1599		70.287987
1600		67.953697
1601		63.025757
1602		61.469566
1603		69.769257
1604		65.878777
1605		78.587669
1606		66.656868
1607		67.175598
1608		75.994019
1609		70.806717
1610		65.360046
1611		71.844177
1612		70.547348
1613		72.881638
1614		65.100677
1615		73.400368
1616		74.956558
1617		76.512749
1618		75.475288
1619		71.584808
1620		80.403229
1621		72.103539
1622		79.625137
1623		77.550209
1624		75.215927
1625		77.290848
1626		75.994019
1627		70.287987
1628		85.590538
1629		80.921959
1630		68.213066
1631		65.878777
1632		59.913376
1633		53.169876
1634		62.766392
1635		64.322586
1636		57.838451
1637		56.541626
1638		63.025757
1639		59.135277
1640		53.688610
1641		57.838451
1642		67.434967
1643		58.616547
1644		56.022896
1645		58.616547
1646		60.691471
1647		60.172741
1648		57.579086
1649		59.654011
1650		58.097816
1651		54.726070
1652		50.057495
1653		54.726070
1654		55.244801
1655		63.803852
1656		57.060356
1657		50.835590
1658		51.613686
1659		53.169876
1660		46.685745
1661		48.501305
1662		48.501305
1663		39.942249
1664		53.688610
1665		40.979710
1666		42.017170
1667		47.982574
1668		43.573364
1669		43.313999
1670		36.311134
1671		40.460979
1672		30.345736
1673		34.754944
1674		37.867329
1675		37.607964
1676		32.680023
1677		38.645424
1678		35.014309
1679		28.789543
1680		32.939388
1681		30.864466
1682		26.973988
1683		25.158430
1684		29.567638
1685		31.642561
1686		24.639700
1687		25.158430
1688		17.896202
1689		24.899065
1690		25.677160
1691		21.008585
1692		21.786682
1693		25.677160
1694		24.120970
1695		27.752083
1696		21.008585
1697		22.305412
1698		19.452394
1699		25.417795
1700		18.674299
1701		17.896202
1702		17.896202
1703		24.899065
1704		22.046047
1705		19.971125
1706		21.267952
1707		16.858742
1708		22.564777
1709		17.896202
1710		18.674299
1711		22.305412
1712		18.414934
1713		20.489855
1714		17.377472
1715		14.265089
1716		15.043185
1717		21.267952
1718		15.043185
1719		18.674299
1720		15.561915
1721		15.561915
1722		25.677160
1723		63.803852
1724		172.996628
1725		537.664185
1726		1047.316895
1727		1397.978760
1728		1319.391113
1729		785.357971
1730		347.030701
1731		112.823891
1732		35.792404
1733		19.971125
1734		16.080647
1735		14.783819
1736		16.599377
1737		16.599377
1738		17.377472
1739		13.486994
1740		19.711760
1741		17.636837
1742		14.524454
1743		17.118107
1744		16.080647
1745		18.414934
1746		18.155567
1747		13.746359
1748		19.971125
1749		16.080647
1750		20.230490
1751		18.414934
1752		16.858742
1753		16.340012
1754		13.227628
1755		17.636837
1756		14.783819
1757		20.489855
1758		15.561915
1759		19.711760
1760		13.227628
1761		15.302550
1762		12.968263
1763		14.524454
1764		12.968263
1765		15.302550
1766		16.080647
1767		14.265089
1768		16.599377
1769		16.340012
1770		18.414934
1771		15.821280
1772		16.340012
1773		14.524454
1774		15.561915
1775		16.340012
1776		18.155567
1777		18.155567
1778		16.599377
1779		15.043185
1780		17.896202
1781		11.152706
1782		14.783819
1783		16.858742
1784		19.452394
1785		18.155567
1786		17.636837
1787		17.636837
1788		18.155567
1789		20.489855
1790		13.486994
1791		19.971125
1792		18.155567
1793		16.858742
1794		16.080647
1795		14.524454
1796		18.933664
1797		16.340012
1798		16.340012
1799		13.486994
1800		16.340012
1801		13.746359
1802		16.340012
1803		11.671436
1804		14.005724
1805		13.486994
1806		16.599377
1807		16.340012
1808		16.340012
1809		16.858742
1810		20.230490
1811		16.080647
1812		15.561915
1813		19.193029
1814		22.824142
1815		19.711760
1816		19.711760
1817		17.118107
1818		17.118107
1819		17.118107
1820		18.414934
1821		17.118107
1822		18.933664
1823		13.486994
1824		19.193029
1825		15.043185
1826		13.227628
1827		19.452394
1828		15.302550
1829		13.227628
1830		18.155567
1831		17.377472
1832		12.708898
1833		16.080647
1834		13.486994
1835		15.821280
1836		13.746359
1837		16.858742
1838		17.377472
1839		13.746359
1840		12.708898
1841		15.043185
1842		17.118107
1843		17.118107
1844		14.265089
1845		16.599377
1846		22.824142
1847		18.155567
1848		15.302550
1849		11.152706
1850		14.265089
1851		15.561915
1852		13.746359
1853		16.340012
1854		13.746359
1855		16.340012
1856		11.930801
1857		15.043185
1858		12.190167
1859		15.302550
1860		13.746359
1861		10.633976
1862		11.412071
1863		14.005724
1864		15.561915
1865		12.449533
1866		14.783819
1867		14.524454
1868		11.152706
1869		15.561915
1870		12.190167
1871		13.227628
1872		15.561915
1873		13.227628
1874		16.080647
1875		11.930801
1876		13.746359
1877		8.299688
1878		15.821280
1879		11.152706
1880		11.671436
1881		10.893341
1882		11.412071
1883		13.746359
1884		16.599377
1885		11.152706
1886		10.893341
1887		15.302550
1888		13.227628
1889		12.190167
1890		11.671436
1891		12.190167
1892		13.227628
1893		14.783819
1894		14.783819
1895		10.893341
1896		12.708898
1897		11.412071
1898		14.005724
1899		22.046047
1900		22.305412
1901		19.971125
1902		16.080647
1903		12.968263
1904		10.893341
1905		13.227628
1906		10.115245
1907		16.080647
1908		10.633976
1909		12.190167
1910		14.265089
1911		11.930801
1912		10.374610
1913		12.449533
1914		8.040323
1915		12.449533
1916		12.449533
1917		13.746359
1918		8.818419
1919		12.449533
1920		11.412071
1921		12.968263
1922		11.671436
1923		9.337150
1924		11.152706
1925		12.708898
1926		10.374610
1927		13.227628
1928		10.633976
1929		8.559053
1930		14.005724
1931		10.893341
1932		15.302550
1933		21.267952
1934		23.083508
1935		16.858742
1936		13.227628
1937		13.227628
1938		10.633976
1939		11.152706
1940		12.968263
1941		9.855880
1942		13.227628
1943		10.633976
1944		9.337150
1945		10.374610
1946		11.412071
1947		8.818419
1948		11.152706
1949		12.190167
1950		10.374610
1951		10.633976
1952		9.337150
1953		9.855880
1954		10.374610
1955		8.299688
1956		20.489855
1957		19.452394
1958		19.971125
1959		14.005724
1960		10.893341
1961		9.337150
1962		14.005724
1963		13.227628
1964		11.671436
1965		11.671436
1966		9.337150
1967		8.299688
1968		9.855880
1969		9.337150
1970		10.115245
1971		10.633976
1972		8.559053
1973		12.968263
1974		7.521593
1975		11.412071
1976		11.930801
1977		11.930801
1978		8.040323
1979		9.596515
1980		7.521593
1981		11.152706
1982		10.893341
1983		7.262227
1984		12.708898
1985		11.152706
1986		6.743497
1987		8.299688
1988		12.449533
1989		12.190167
1990		17.118107
1991		17.377472
1992		17.636837
1993		14.005724
1994		10.893341
1995		9.337150
1996		10.633976
1997		10.115245
1998		9.855880
1999		11.412071
2000		9.337150
2001		11.930801
2002		5.965401
2003		10.374610
2004		10.893341
2005		10.633976
2006		9.077784
2007		8.818419
2008		9.337150
2009		10.893341
2010		7.521593
2011		9.596515
2012		7.262227
2013		8.818419
2014		8.818419
2015		9.337150
2016		9.077784
2017		9.855880
2018		9.855880
2019		8.299688
2020		9.337150
2021		8.040323
2022		8.299688
2023		9.077784
2024		11.152706
2025		8.299688
2026		8.559053
2027		7.780958
2028		8.040323
2029		8.818419
2030		4.668575
2031		6.484131
2032		8.040323
2033		9.596515
2034		9.337150
2035		6.743497
2036		9.077784
2037		8.040323
2038		7.002862
2039		8.040323
2040		10.633976
2041		7.780958
2042		8.299688
2043		6.484131
2044		8.299688
2045		5.446671
2046		5.965401
2047		9.596515
2048		7.780958
2049		5.965401
2050		7.002862
2051		10.115245
2052		7.780958
2053		10.633976
2054		6.484131
2055		7.521593
2056		8.559053
2057		9.077784
2058		7.262227
2059		9.337150
2060		9.077784
2061		8.818419
2062		7.262227
2063		7.780958
2064		6.484131
2065		8.818419
2066		8.040323
2067		5.706036
2068		6.484131
2069		7.521593
2070		6.484131
2071		8.559053
2072		6.743497
2073		9.337150
2074		7.002862
2075		6.743497
2076		7.262227
2077		8.299688
2078		5.965401
2079		6.224766
2080		6.224766
2081		7.002862
2082		4.149844
2083		4.149844
2084		11.671436
2085		5.187305
2086		3.631114
2087		8.559053
2088		7.002862
2089		4.668575
2090		5.706036
2091		5.965401
2092		6.484131
2093		6.743497
2094		6.224766
2095		5.187305
2096		5.706036
2097		6.224766
2098		5.706036
2099		6.484131
2100		6.484131
2101		4.668575
2102		5.965401
2103		8.299688
2104		9.337150
2105		10.115245
2106		19.193029
2107		21.527317
2108		19.452394
2109		10.374610
2110		7.002862
2111		4.927940
2112		4.668575
2113		3.631114
2114		2.853018
2115		6.224766
2116		4.668575
2117		4.927940
2118		3.631114
2119		2.853018
2120		3.371748
2121		4.668575
2122		4.927940
2123		3.890479
2124		3.371748
2125		3.112383
2126		3.371748
2127		4.409209
2128		3.631114
2129		4.927940
2130		3.112383
2131		4.149844
2132		2.074922
2133		3.631114
2134		5.187305
2135		4.149844
2136		4.149844
2137		7.002862
2138		12.708898
2139		21.267952
2140		18.933664
2141		21.267952
2142		15.561915
2143		8.299688
2144		5.446671
2145		4.409209
2146		3.112383
2147		3.112383
2148		3.890479
2149		2.593652
2150		3.890479
2151		4.668575
2152		4.409209
2153		3.890479
2154		3.112383
2155		3.890479
2156		2.853018
2157		2.334287
2158		3.112383
2159		2.334287
2160		6.743497
2161		5.446671
2162		10.633976
2163		15.302550
2164		20.230490
2165		20.230490
2166		14.265089
2167		8.559053
2168		4.409209
2169		2.334287
2170		3.112383
2171		2.593652
2172		3.631114
2173		0.518731
2174		2.593652
2175		3.371748
2176		1.815557
2177		3.112383
2178		3.112383
2179		1.815557
2180		3.112383
2181		2.074922
2182		3.112383
2183		2.853018
2184		1.815557
2185		3.631114
2186		2.593652
2187		2.334287
2188		2.334287
2189		2.593652
2190		2.853018
2191		3.890479
2192		3.371748
2193		2.074922
2194		2.334287
2195		4.668575
2196		11.671436
2197		16.340012
2198		18.674299
2199		17.118107
2200		11.152706
2201		6.484131
2202		4.668575
2203		2.853018
2204		2.334287
2205		2.853018
2206		2.334287
2207		2.853018
2208		1.815557
2209		1.556192
2210		1.556192
2211		4.149844
2212		1.815557
2213		2.853018
2214		3.890479
2215		3.112383
2216		2.593652
2217		4.409209
2218		2.593652
2219		2.074922
2220		3.112383
2221		3.890479
2222		3.371748
2223		2.593652
2224		2.334287
2225		2.853018
2226		1.815557
2227		2.593652
2228		2.593652
2229		3.890479
2230		1.556192
2231		1.556192
2232		2.853018
2233		2.334287
2234		1.815557
2235		1.815557
2236		1.815557
2237		3.631114
2238		2.334287
2239		2.593652
2240		1.556192
2241		3.371748
2242		2.074922
2243		3.112383
2244		1.296826
2245		3.890479
2246		1.815557
2247		2.334287
2248		1.296826
2249		2.334287
2250		1.296826
2251		2.853018
2252		2.593652
2253		1.815557
2254		2.074922
2255		3.371748
2256		3.890479
2257		2.853018
2258		1.556192
2259		2.074922
2260		2.074922
2261		3.112383
2262		2.853018
2263		1.296826
2264		1.815557
2265		2.853018
2266		2.074922
2267		3.112383
2268		2.334287
2269		3.112383
2270		1.815557
2271		2.593652
2272		2.853018
2273		1.556192
2274		2.334287
2275		2.074922
2276		1.296826
2277		2.853018
2278		3.112383
2279		1.815557
2280		4.149844
2281		2.334287
2282		2.853018
2283		3.371748
2284		2.334287
2285		3.371748
2286		2.074922
2287		2.074922
2288		2.593652
2289		0.518731
2290		1.556192
2291		3.112383
2292		2.593652
2293		2.593652
2294		2.074922
2295		2.074922
2296		2.853018
2297		1.815557
2298		2.334287
2299		3.112383
2300		1.556192
2301		1.556192
2302		2.593652
2303		1.556192
2304		1.815557
2305		1.815557
2306		1.556192
2307		2.853018
2308		1.815557
2309		1.296826
2310		1.815557
2311		1.556192
2312		1.296826
2313		1.296826
2314		1.296826
2315		1.037461
2316		1.556192
2317		3.631114
2318		1.037461
2319		1.556192
2320		2.593652
2321		1.296826
2322		2.853018
2323		2.074922
2324		1.815557
2325		1.556192
2326		0.259365
2327		1.815557
2328		2.593652
2329		0.518731
2330		1.556192
2331		0.778096
2332		1.037461
2333		2.074922
2334		1.296826
2335		1.556192
2336		2.334287
2337		1.556192
2338		1.037461
2339		2.074922
2340		2.593652
2341		2.334287
2342		0.778096
2343		1.815557
2344		1.815557
2345		1.037461
2346		2.074922
2347		1.037461
2348		2.334287
2349		0.778096
2350		0.778096
2351		0.259365
2352		0.778096
2353		1.037461
2354		1.296826
2355		1.556192
2356		3.112383
2357		1.296826
2358		0.778096
2359		1.815557
2360		0.778096
2361		1.296826
2362		2.593652
2363		2.334287
2364		0.778096
2365		1.037461
2366		1.556192
2367		2.853018
2368		4.668575
2369		6.224766
2370		7.262227
2371		8.818419
2372		5.446671
2373		2.593652
2374		4.668575
2375		2.074922
2376		1.815557
2377		1.296826
2378		1.296826
2379		0.000000
2380		1.037461
2381		0.259365
2382		0.778096
2383		1.037461
2384		1.037461
2385		1.037461
2386		0.778096
2387		1.556192
2388		0.518731
2389		0.778096
2390		1.296826
2391		2.593652
2392		1.037461
2393		0.518731
2394		1.556192
2395		1.037461
2396		1.037461
2397		1.037461
2398		0.778096
2399		0.518731
2400		0.778096
2401		2.334287
2402		1.815557
2403		1.815557
2404		0.518731
2405		1.815557
2406		0.518731
2407		1.037461
2408		1.037461
2409		1.037461
2410		1.037461
2411		3.112383
2412		0.778096
2413		1.037461
2414		0.778096
2415		2.074922
2416		1.296826
2417		1.296826
2418		1.556192
2419		1.815557
2420		0.778096
2421		0.518731
2422		0.778096
2423		1.296826
2424		1.037461
2425		1.037461
2426		1.037461
2427		0.259365
2428		1.037461
2429		0.518731
2430		0.259365
2431		0.778096
2432		0.778096
2433		0.259365
2434		0.518731
2435		0.778096
2436		0.000000
2437		0.000000
2438		0.778096
2439		0.259365
2440		0.259365
2441		0.259365
2442		0.259365
2443		0.518731
2444		0.000000
2445		0.518731
2446		0.000000
2447		0.000000
2448		0.000000
2449		0.000000
2450		0.000000
2451		0.000000
2452		0.000000
2453		0.000000
2454		0.000000
2455		0.000000
2456		0.000000
2457		0.259365
2458		0.000000
2459		0.000000
2460		0.000000
2461		0.000000
2462		0.000000
2463		0.000000
2464		0.000000
2465		0.000000
2466		0.000000
2467		0.259365
2468		0.000000
2469		0.000000
2470		0.000000
2471		0.000000
2472		0.000000
2473		0.000000
2474		0.000000
2475		0.000000
2476		0.000000
2477		0.000000
2478		0.000000
2479		0.000000
2480		0.000000
2481		0.000000
2482		0.000000
2483		0.000000
2484		0.000000
2485		0.000000
2486		0.000000
2487		0.000000
2488		0.000000
2489		0.000000
2490		0.000000
2491		0.000000
2492		0.000000
2493		0.000000
2494		0.000000
2495		0.000000
2496		0.000000
2497		0.000000
2498		0.000000
2499		0.000000
2500		0.000000
2501		0.000000
2502		0.000000
2503		0.000000
2504		0.000000
2505		0.000000
2506		0.000000
2507		0.000000
2508		0.000000
2509		0.000000
2510		0.000000
2511		0.000000
2512		0.000000
2513		0.000000
2514		0.000000
2515		0.000000
2516		0.000000
2517		0.000000
2518		0.000000
2519		0.000000
2520		0.000000
2521		0.000000
2522		0.000000
2523		0.000000
2524		0.000000
2525		0.000000
2526		0.000000
2527		0.000000
2528		0.000000
2529		0.000000
2530		0.000000
2531		0.000000
2532		0.000000
2533		0.000000
2534		0.000000
2535		0.000000
2536		0.000000
2537		0.000000
2538		0.000000
2539		0.000000
2540		0.000000
2541		0.000000
2542		0.000000
2543		0.000000
2544		0.000000
2545		0.000000
2546		0.000000
2547		0.000000
2548		0.000000
2549		0.000000
2550		0.000000
2551		0.000000
2552		0.000000
2553		0.000000
2554		0.000000
2555		0.000000
2556		0.000000
2557		0.000000
2558		0.000000
2559		0.000000
2560		0.000000
2561		0.000000
2562		0.000000
2563		0.000000
2564		0.000000
2565		0.000000
2566		0.000000
2567		0.000000
2568		0.000000
2569		0.000000
2570		0.000000
2571		0.000000
2572		0.000000
2573		0.000000
2574		0.000000
2575		0.000000
2576		0.000000
2577		0.000000
2578		0.000000
2579		0.000000
2580		0.000000
2581		0.000000
2582		0.000000
2583		0.000000
2584		0.000000
2585		0.000000
2586		0.000000
2587		0.000000
2588		0.000000
2589		0.000000
2590		0.000000
2591		0.000000
2592		0.000000
2593		0.000000
2594		0.000000
2595		0.000000
2596		0.000000
2597		0.000000
2598		0.000000
2599		0.000000
2600		0.000000
2601		0.000000
2602		0.000000
2603		0.000000
2604		0.000000
2605		0.000000
2606		0.000000
2607		0.000000
2608		0.000000
2609		0.000000
2610		0.000000
2611		0.000000
2612		0.000000
2613		0.000000
2614		0.000000
2615		0.000000
2616		0.000000
2617		0.000000
2618		0.000000
2619		0.000000
2620		0.000000
2621		0.000000
2622		0.000000
2623		0.000000
2624		0.000000
2625		0.000000
2626		0.000000
2627		0.000000
2628		0.000000
2629		0.000000
2630		0.000000
2631		0.000000
2632		0.000000
2633		0.000000
2634		0.000000
2635		0.000000
2636		0.000000
2637		0.000000
2638		0.000000
2639		0.000000
2640		0.000000
2641		0.000000
2642		0.000000
2643		0.000000
2644		0.000000
2645		0.000000
2646		0.000000
2647		0.000000
2648		0.000000
2649		0.000000
2650		0.000000
2651		0.000000
2652		0.000000
2653		0.000000
2654		0.000000
2655		0.000000
2656		0.000000
2657		0.000000
2658		0.000000
2659		0.000000
2660		0.000000
2661		0.000000
2662		0.000000
2663		0.000000
2664		0.000000
2665		0.000000
2666		0.000000
2667		0.000000
2668		0.000000
2669		0.000000
2670		0.000000
2671		0.000000
2672		0.000000
2673		0.000000
2674		0.000000
2675		0.000000
2676		0.000000
2677		0.000000
2678		0.000000
2679		0.000000
2680		0.000000
2681		0.000000
2682		0.000000
2683		0.000000
2684		0.000000
2685		0.000000
2686		0.000000
2687		0.000000
2688		0.000000
2689		0.000000
2690		0.000000
2691		0.000000
2692		0.000000
2693		0.000000
2694		0.000000
2695		0.000000
2696		0.000000
2697		0.000000
2698		0.000000
2699		0.000000
2700		0.000000
2701		0.000000
2702		0.000000
2703		0.000000
2704		0.000000
2705		0.000000
2706		0.000000
2707		0.000000
2708		0.000000
2709		0.000000
2710		0.000000
2711		0.000000
2712		0.000000
2713		0.000000
2714		0.000000
2715		0.000000
2716		0.000000
2717		0.000000
2718		0.000000
2719		0.000000
2720		0.000000
2721		0.000000
2722		0.000000
2723		0.000000
2724		0.000000
2725		0.000000
2726		0.000000
2727		0.000000
2728		0.000000
2729		0.000000
2730		0.000000
2731		0.000000
2732		0.000000
2733		0.000000
2734		0.000000
2735		0.000000
2736		0.000000
2737		0.000000
2738		0.000000
2739		0.000000
2740		0.000000
2741		0.000000
2742		0.000000
2743		0.000000
2744		0.000000
2745		0.000000
2746		0.000000
2747		0.000000
2748		0.000000
2749		0.000000
2750		0.000000
2751		0.000000
2752		0.000000
2753		0.000000
2754		0.000000
2755		0.000000
2756		0.000000
2757		0.000000
2758		0.000000
2759		0.000000
2760		0.000000
2761		0.000000
2762		0.000000
2763		0.000000
2764		0.000000
2765		0.000000
2766		0.000000
2767		0.000000
2768		0.000000
2769		0.000000
2770		0.000000
2771		0.000000
2772		0.000000
2773		0.000000
2774		0.000000
2775		0.000000
2776		0.000000
2777		0.000000
2778		0.000000
2779		0.000000
2780		0.000000
2781		0.000000
2782		0.000000
2783		0.000000
2784		0.000000
2785		0.000000
2786		0.000000
2787		0.000000
2788		0.000000
2789		0.000000
2790		0.000000
2791		0.000000
2792		0.000000
2793		0.000000
2794		0.000000
2795		0.000000
2796		0.000000
2797		0.000000
2798		0.000000
2799		0.000000
2800		0.000000
2801		0.000000
2802		0.000000
2803		0.000000
2804		0.000000
2805		0.000000
2806		0.000000
2807		0.000000
2808		0.000000
2809		0.000000
2810		0.000000
2811		0.000000
2812		0.000000
2813		0.000000
2814		0.000000
2815		0.000000
2816		0.000000
2817		0.000000
2818		0.000000
2819		0.000000
2820		0.000000
2821		0.000000
2822		0.000000
2823		0.000000
2824		0.000000
2825		0.000000
2826		0.000000
2827		0.000000
2828		0.000000
2829		0.000000
2830		0.000000
2831		0.000000
2832		0.000000
2833		0.000000
2834		0.000000
2835		0.000000
2836		0.000000
2837		0.000000
2838		0.000000
2839		0.000000
2840		0.000000
2841		0.000000
2842		0.000000
2843		0.000000
2844		0.000000
2845		0.000000
2846		0.000000
2847		0.000000
2848		0.000000
2849		0.000000
2850		0.000000
2851		0.000000
2852		0.000000
2853		0.000000
2854		0.000000
2855		0.000000
2856		0.000000
2857		0.000000
2858		0.000000
2859		0.000000
2860		0.000000
2861		0.000000
2862		0.000000
2863		0.000000
2864		0.000000
2865		0.000000
2866		0.000000
2867		0.000000
2868		0.000000
2869		0.000000
2870		0.000000
2871		0.000000
2872		0.000000
2873		0.000000
2874		0.000000
2875		0.000000
2876		0.000000
2877		0.000000
2878		0.000000
2879		0.000000
2880		0.000000
2881		0.000000
2882		0.000000
2883		0.000000
2884		0.000000
2885		0.000000
2886		0.000000
2887		0.000000
2888		0.000000
2889		0.000000
2890		0.000000
2891		0.000000
2892		0.000000
2893		0.000000
2894		0.000000
2895		0.000000
2896		0.000000
2897		0.000000
2898		0.000000
2899		0.000000
2900		0.000000
2901		0.000000
2902		0.000000
2903		0.000000
2904		0.000000
2905		0.000000
2906		0.000000
2907		0.000000
2908		0.000000
2909		0.000000
2910		0.000000
2911		0.000000
2912		0.000000
2913		0.000000
2914		0.000000
2915		0.000000
2916		0.000000
2917		0.000000
2918		0.000000
2919		0.000000
2920		0.000000
2921		0.000000
2922		0.000000
2923		0.000000
2924		0.000000
2925		0.000000
2926		0.000000
2927		0.000000
2928		0.000000
2929		0.000000
2930		0.000000
2931		0.000000
2932		0.000000
2933		0.000000
2934		0.000000
2935		0.000000
2936		0.000000
2937		0.000000
2938		0.000000
2939		0.000000
2940		0.000000
2941		0.000000
2942		0.000000
2943		0.000000
2944		0.000000
2945		0.000000
2946		0.000000
2947		0.000000
2948		0.000000
2949		0.000000
2950		0.000000
2951		0.000000
2952		0.000000
2953		0.000000
2954		0.000000
2955		0.000000
2956		0.000000
2957		0.000000
2958		0.000000
2959		0.000000
2960		0.000000
2961		0.000000
2962		0.000000
2963		0.000000
2964		0.000000
2965		0.000000
2966		0.000000
2967		0.000000
2968		0.000000
2969		0.000000
2970		0.000000
2971		0.000000
2972		0.000000
2973		0.000000
2974		0.000000
2975		0.000000
2976		0.000000
2977		0.000000
2978		0.000000
2979		0.000000
2980		0.000000
2981		0.000000
2982		0.000000
2983		0.000000
2984		0.000000
2985		0.000000
2986		0.000000
2987		0.000000
2988		0.000000
2989		0.000000
2990		0.000000
2991		0.000000
2992		0.000000
2993		0.000000
2994		0.000000
2995		0.000000
2996		0.000000
2997		0.000000
2998		0.000000
2999		0.000000
3000		0.000000
3001		0.000000
3002		0.000000
3003		0.000000
3004		0.000000
3005		0.000000
3006		0.000000
3007		0.000000
3008		0.000000
3009		0.000000
3010		0.000000
3011		0.000000
3012		0.000000
3013		0.000000
3014		0.000000
3015		0.000000
3016		0.000000
3017		0.000000
3018		0.000000
3019		0.000000
3020		0.000000
3021		0.000000
3022		0.000000
3023		0.000000
3024		0.000000
3025		0.000000
3026		0.000000
3027		0.000000
3028		0.000000
3029		0.000000
3030		0.000000
3031		0.000000
3032		0.000000
3033		0.000000
3034		0.000000
3035		0.000000
3036		0.000000
3037		0.000000
3038		0.000000
3039		0.000000
3040		0.000000
3041		0.000000
3042		0.000000
3043		0.000000
3044		0.000000
3045		0.000000
3046		0.000000
3047		0.000000
3048		0.000000
3049		0.000000
3050		0.000000
3051		0.000000
3052		0.000000
3053		0.000000
3054		0.000000
3055		0.000000
3056		0.000000
3057		0.000000
3058		0.000000
3059		0.000000
3060		0.000000
3061		0.000000
3062		0.000000
3063		0.000000
3064		0.000000
3065		0.000000
3066		0.000000
3067		0.000000
3068		0.000000
3069		0.000000
3070		0.000000
3071		0.000000
3072		0.000000
3073		0.000000
3074		0.000000
3075		0.000000
3076		0.000000
3077		0.000000
3078		0.000000
3079		0.000000
3080		0.000000
3081		0.000000
3082		0.000000
3083		0.000000
3084		0.000000
3085		0.000000
3086		0.000000
3087		0.000000
3088		0.000000
3089		0.000000
3090		0.000000
3091		0.000000
3092		0.000000
3093		0.000000
3094		0.000000
3095		0.000000
3096		0.000000
3097		0.000000
3098		0.000000
3099		0.000000
3100		0.000000
3101		0.000000
3102		0.000000
3103		0.000000
3104		0.000000
3105		0.000000
3106		0.000000
3107		0.000000
3108		0.000000
3109		0.000000
3110		0.000000
3111		0.000000
3112		0.000000
3113		0.000000
3114		0.000000
3115		0.000000
3116		0.000000
3117		0.000000
3118		0.000000
3119		0.000000
3120		0.000000
3121		0.000000
3122		0.000000
3123		0.000000
3124		0.000000
3125		0.000000
3126		0.000000
3127		0.000000
3128		0.000000
3129		0.000000
3130		0.000000
3131		0.000000
3132		0.000000
3133		0.000000
3134		0.000000
3135		0.000000
3136		0.000000
3137		0.000000
3138		0.000000
3139		0.000000
3140		0.000000
3141		0.000000
3142		0.000000
3143		0.000000
3144		0.000000
3145		0.000000
3146		0.000000
3147		0.000000
3148		0.000000
3149		0.000000
3150		0.000000
3151		0.000000
3152		0.000000
3153		0.000000
3154		0.000000
3155		0.000000
3156		0.000000
3157		0.000000
3158		0.000000
3159		0.000000
3160		0.000000
3161		0.000000
3162		0.000000
3163		0.000000
3164		0.000000
3165		0.000000
3166		0.000000
3167		0.000000
3168		0.000000
3169		0.000000
3170		0.000000
3171		0.000000
3172		0.000000
3173		0.000000
3174		0.000000
3175		0.000000
3176		0.000000
3177		0.000000
3178		0.000000
3179		0.000000
3180		0.000000
3181		0.000000
3182		0.000000
3183		0.000000
3184		0.000000
3185		0.000000
3186		0.000000
3187		0.000000
3188		0.000000
3189		0.000000
3190		0.000000
3191		0.000000
3192		0.000000
3193		0.000000
3194		0.000000
3195		0.000000
3196		0.000000
3197		0.000000
3198		0.000000
3199		0.000000
3200		0.000000
3201		0.000000
3202		0.000000
3203		0.000000
3204		0.000000
3205		0.000000
3206		0.000000
3207		0.000000
3208		0.000000
3209		0.000000
3210		0.000000
3211		0.000000
3212		0.000000
3213		0.000000
3214		0.000000
3215		0.000000
3216		0.000000
3217		0.000000
3218		0.000000
3219		0.000000
3220		0.000000
3221		0.000000
3222		0.000000
3223		0.000000
3224		0.000000
3225		0.000000
3226		0.000000
3227		0.000000
3228		0.000000
3229		0.000000
3230		0.000000
3231		0.000000
3232		0.000000
3233		0.000000
3234		0.000000
3235		0.000000
3236		0.000000
3237		0.000000
3238		0.000000
3239		0.000000
3240		0.000000
3241		0.000000
3242		0.000000
3243		0.000000
3244		0.000000
3245		0.000000
3246		0.000000
3247		0.000000
3248		0.000000
3249		0.000000
3250		0.000000
3251		0.000000
3252		0.000000
3253		0.000000
3254		0.000000
3255		0.000000
3256		0.000000
3257		0.000000
3258		0.000000
3259		0.000000
3260		0.000000
3261		0.000000
3262		0.000000
3263		0.000000
3264		0.000000
3265		0.000000
3266		0.000000
3267		0.000000
3268		0.000000
3269		0.000000
3270		0.000000
3271		0.000000
3272		0.000000
3273		0.000000
3274		0.000000
3275		0.000000
3276		0.000000
3277		0.000000
3278		0.000000
3279		0.000000
3280		0.000000
3281		0.000000
3282		0.000000
3283		0.000000
3284		0.000000
3285		0.000000
3286		0.000000
3287		0.000000
3288		0.000000
3289		0.000000
3290		0.000000
3291		0.000000
3292		0.000000
3293		0.000000
3294		0.000000
3295		0.000000
3296		0.000000
3297		0.000000
3298		0.000000
3299		0.000000
3300		0.000000
3301		0.000000
3302		0.000000
3303		0.000000
3304		0.000000
3305		0.000000
3306		0.000000
3307		0.000000
3308		0.000000
3309		0.000000
3310		0.000000
3311		0.000000
3312		0.000000
3313		0.000000
3314		0.000000
3315		0.000000
3316		0.000000
3317		0.000000
3318		0.000000
3319		0.000000
3320		0.000000
3321		0.000000
3322		0.000000
3323		0.000000
3324		0.000000
3325		0.000000
3326		0.000000
3327		0.000000
3328		0.000000
3329		0.000000
3330		0.000000
3331		0.000000
3332		0.000000
3333		0.000000
3334		0.000000
3335		0.000000
3336		0.000000
3337		0.000000
3338		0.000000
3339		0.000000
3340		0.000000
3341		0.000000
3342		0.000000
3343		0.000000
3344		0.000000
3345		0.000000
3346		0.000000
3347		0.000000
3348		0.000000
3349		0.000000
3350		0.000000
3351		0.000000
3352		0.000000
3353		0.000000
3354		0.000000
3355		0.000000
3356		0.000000
3357		0.000000
3358		0.000000
3359		0.000000
3360		0.000000
3361		0.000000
3362		0.000000
3363		0.000000
3364		0.000000
3365		0.000000
3366		0.000000
3367		0.000000
3368		0.000000
3369		0.000000
3370		0.000000
3371		0.000000
3372		0.000000
3373		0.000000
3374		0.000000
3375		0.000000
3376		0.000000
3377		0.000000
3378		0.000000
3379		0.000000
3380		0.000000
3381		0.000000
3382		0.000000
3383		0.000000
3384		0.000000
3385		0.000000
3386		0.000000
3387		0.000000
3388		0.000000
3389		0.000000
3390		0.000000
3391		0.000000
3392		0.000000
3393		0.000000
3394		0.000000
3395		0.000000
3396		0.000000
3397		0.000000
3398		0.000000
3399		0.000000
3400		0.000000
3401		0.000000
3402		0.000000
3403		0.000000
3404		0.000000
3405		0.000000
3406		0.000000
3407		0.000000
3408		0.000000
3409		0.000000
3410		0.000000
3411		0.000000
3412		0.000000
3413		0.000000
3414		0.000000
3415		0.000000
3416		0.000000
3417		0.000000
3418		0.000000
3419		0.000000
3420		0.000000
3421		0.000000
3422		0.000000
3423		0.000000
3424		0.000000
3425		0.000000
3426		0.000000
3427		0.000000
3428		0.000000
3429		0.000000
3430		0.000000
3431		0.000000
3432		0.000000
3433		0.000000
3434		0.000000
3435		0.000000
3436		0.000000
3437		0.000000
3438		0.000000
3439		0.000000
3440		0.000000
3441		0.000000
3442		0.000000
3443		0.000000
3444		0.000000
3445		0.000000
3446		0.000000
3447		0.000000
3448		0.000000
3449		0.000000
3450		0.000000
3451		0.000000
3452		0.000000
3453		0.000000
3454		0.000000
3455		0.000000
3456		0.000000
3457		0.000000
3458		0.000000
3459		0.000000
3460		0.000000
3461		0.000000
3462		0.000000
3463		0.000000
3464		0.000000
3465		0.000000
3466		0.000000
3467		0.000000
3468		0.000000
3469		0.000000
3470		0.000000
3471		0.000000
3472		0.000000
3473		0.000000
3474		0.000000
3475		0.000000
3476		0.000000
3477		0.000000
3478		0.000000
3479		0.000000
3480		0.000000
3481		0.000000
3482		0.000000
3483		0.000000
3484		0.000000
3485		0.000000
3486		0.000000
3487		0.000000
3488		0.000000
3489		0.000000
3490		0.000000
3491		0.000000
3492		0.000000
3493		0.000000
3494		0.000000
3495		0.000000
3496		0.000000
3497		0.000000
3498		0.000000
3499		0.000000
3500		0.000000
3501		0.000000
3502		0.000000
3503		0.000000
3504		0.000000
3505		0.000000
3506		0.000000
3507		0.000000
3508		0.000000
3509		0.000000
3510		0.000000
3511		0.000000
3512		0.000000
3513		0.000000
3514		0.000000
3515		0.000000
3516		0.000000
3517		0.000000
3518		0.000000
3519		0.000000
3520		0.000000
3521		0.000000
3522		0.000000
3523		0.000000
3524		0.000000
3525		0.000000
3526		0.000000
3527		0.000000
3528		0.000000
3529		0.000000
3530		0.000000
3531		0.000000
3532		0.000000
3533		0.000000
3534		0.000000
3535		0.000000
3536		0.000000
3537		0.000000
3538		0.000000
3539		0.000000
3540		0.000000
3541		0.000000
3542		0.000000
3543		0.000000
3544		0.000000
3545		0.000000
3546		0.000000
3547		0.000000
3548		0.000000
3549		0.000000
3550		0.000000
3551		0.000000
3552		0.000000
3553		0.000000
3554		0.000000
3555		0.000000
3556		0.000000
3557		0.000000
3558		0.000000
3559		0.000000
3560		0.000000
3561		0.000000
3562		0.000000
3563		0.000000
3564		0.000000
3565		0.000000
3566		0.000000
3567		0.000000
3568		0.000000
3569		0.000000
3570		0.000000
3571		0.000000
3572		0.000000
3573		0.000000
3574		0.000000
3575		0.000000
3576		0.000000
3577		0.000000
3578		0.000000
3579		0.000000
3580		0.000000
3581		0.000000
3582		0.000000
3583		0.000000
3584		0.000000
3585		0.000000
3586		0.000000
3587		0.000000
3588		0.000000
3589		0.000000
3590		0.000000
3591		0.000000
3592		0.000000
3593		0.000000
3594		0.000000
3595		0.000000
3596		0.000000
3597		0.000000
3598		0.000000
3599		0.000000
3600		0.000000
3601		0.000000
3602		0.000000
3603		0.000000
3604		0.000000
3605		0.000000
3606		0.000000
3607		0.000000
3608		0.000000
3609		0.000000
3610		0.000000
3611		0.000000
3612		0.000000
3613		0.000000
3614		0.000000
3615		0.000000
3616		0.000000
3617		0.000000
3618		0.000000
3619		0.000000
3620		0.000000
3621		0.000000
3622		0.000000
3623		0.000000
3624		0.000000
3625		0.000000
3626		0.000000
3627		0.000000
3628		0.000000
3629		0.000000
3630		0.000000
3631		0.000000
3632		0.000000
3633		0.000000
3634		0.000000
3635		0.000000
3636		0.000000
3637		0.000000
3638		0.000000
3639		0.000000
3640		0.000000
3641		0.000000
3642		0.000000
3643		0.000000
3644		0.000000
3645		0.000000
3646		0.000000
3647		0.000000
3648		0.000000
3649		0.000000
3650		0.000000
3651		0.000000
3652		0.000000
3653		0.000000
3654		0.000000
3655		0.000000
3656		0.000000
3657		0.000000
3658		0.000000
3659		0.000000
3660		0.000000
3661		0.000000
3662		0.000000
3663		0.000000
3664		0.000000
3665		0.000000
3666		0.000000
3667		0.000000
3668		0.000000
3669		0.000000
3670		0.000000
3671		0.000000
3672		0.000000
3673		0.000000
3674		0.000000
3675		0.000000
3676		0.000000
3677		0.000000
3678		0.000000
3679		0.000000
3680		0.000000
3681		0.000000
3682		0.000000
3683		0.000000
3684		0.000000
3685		0.000000
3686		0.000000
3687		0.000000
3688		0.000000
3689		0.000000
3690		0.000000
3691		0.000000
3692		0.000000
3693		0.000000
3694		0.000000
3695		0.000000
3696		0.000000
3697		0.000000
3698		0.000000
3699		0.000000
3700		0.000000
3701		0.000000
3702		0.000000
3703		0.000000
3704		0.000000
3705		0.000000
3706		0.000000
3707		0.000000
3708		0.000000
3709		0.000000
3710		0.000000
3711		0.000000
3712		0.000000
3713		0.000000
3714		0.000000
3715		0.000000
3716		0.000000
3717		0.000000
3718		0.000000
3719		0.000000
3720		0.000000
3721		0.000000
3722		0.000000
3723		0.000000
3724		0.000000
3725		0.000000
3726		0.000000
3727		0.000000
3728		0.000000
3729		0.000000
3730		0.000000
3731		0.000000
3732		0.000000
3733		0.000000
3734		0.000000
3735		0.000000
3736		0.000000
3737		0.000000
3738		0.000000
3739		0.000000
3740		0.000000
3741		0.000000
3742		0.000000
3743		0.000000
3744		0.000000
3745		0.000000
3746		0.000000
3747		0.000000
3748		0.000000
3749		0.000000
3750		0.000000
3751		0.000000
3752		0.000000
3753		0.000000
3754		0.000000
3755		0.000000
3756		0.000000
3757		0.000000
3758		0.000000
3759		0.000000
3760		0.000000
3761		0.000000
3762		0.000000
3763		0.000000
3764		0.000000
3765		0.000000
3766		0.000000
3767		0.000000
3768		0.000000
3769		0.000000
3770		0.000000
3771		0.000000
3772		0.000000
3773		0.000000
3774		0.000000
3775		0.000000
3776		0.000000
3777		0.000000
3778		0.000000
3779		0.000000
3780		0.000000
3781		0.000000
3782		0.000000
3783		0.000000
3784		0.000000
3785		0.000000
3786		0.000000
3787		0.000000
3788		0.000000
3789		0.000000
3790		0.000000
3791		0.000000
3792		0.000000
3793		0.000000
3794		0.000000
3795		0.000000
3796		0.000000
3797		0.000000
3798		0.000000
3799		0.000000
3800		0.000000
3801		0.000000
3802		0.000000
3803		0.000000
3804		0.000000
3805		0.000000
3806		0.000000
3807		0.000000
3808		0.000000
3809		0.000000
3810		0.000000
3811		0.000000
3812		0.000000
3813		0.000000
3814		0.000000
3815		0.000000
3816		0.000000
3817		0.000000
3818		0.000000
3819		0.000000
3820		0.000000
3821		0.000000
3822		0.000000
3823		0.000000
3824		0.000000
3825		0.000000
3826		0.000000
3827		0.000000
3828		0.000000
3829		0.000000
3830		0.000000
3831		0.000000
3832		0.000000
3833		0.000000
3834		0.000000
3835		0.000000
3836		0.000000
3837		0.000000
3838		0.000000
3839		0.000000
3840		0.000000
3841		0.000000
3842		0.000000
3843		0.000000
3844		0.000000
3845		0.000000
3846		0.000000
3847		0.000000
3848		0.000000
3849		0.000000
3850		0.000000
3851		0.000000
3852		0.000000
3853		0.000000
3854		0.000000
3855		0.000000
3856		0.000000
3857		0.000000
3858		0.000000
3859		0.000000
3860		0.000000
3861		0.000000
3862		0.000000
3863		0.000000
3864		0.000000
3865		0.000000
3866		0.000000
3867		0.000000
3868		0.000000
3869		0.000000
3870		0.000000
3871		0.000000
3872		0.000000
3873		0.000000
3874		0.000000
3875		0.000000
3876		0.000000
3877		0.000000
3878		0.000000
3879		0.000000
3880		0.000000
3881		0.000000
3882		0.000000
3883		0.000000
3884		0.000000
3885		0.000000
3886		0.000000
3887		0.000000
3888		0.000000
3889		0.000000
3890		0.000000
3891		0.000000
3892		0.000000
3893		0.000000
3894		0.000000
3895		0.000000
3896		0.000000
3897		0.000000
3898		0.000000
3899		0.000000
3900		0.000000
3901		0.000000
3902		0.000000
3903		0.000000
3904		0.000000
3905		0.000000
3906		0.000000
3907		0.000000
3908		0.000000
3909		0.000000
3910		0.000000
3911		0.000000
3912		0.000000
3913		0.000000
3914		0.000000
3915		0.000000
3916		0.000000
3917		0.000000
3918		0.000000
3919		0.000000
3920		0.000000
3921		0.000000
3922		0.000000
3923		0.000000
3924		0.000000
3925		0.000000
3926		0.000000
3927		0.000000
3928		0.000000
3929		0.000000
3930		0.000000
3931		0.000000
3932		0.000000
3933		0.000000
3934		0.000000
3935		0.000000
3936		0.000000
3937		0.000000
3938		0.000000
3939		0.000000
3940		0.000000
3941		0.000000
3942		0.000000
3943		0.000000
3944		0.000000
3945		0.000000
3946		0.000000
3947		0.000000
3948		0.000000
3949		0.000000
3950		0.000000
3951		0.000000
3952		0.000000
3953		0.000000
3954		0.000000
3955		0.000000
3956		0.000000
3957		0.000000
3958		0.000000
3959		0.000000
3960		0.000000
3961		0.000000
3962		0.000000
3963		0.000000
3964		0.000000
3965		0.000000
3966		0.000000
3967		0.000000
3968		0.000000
3969		0.000000
3970		0.000000
3971		0.000000
3972		0.000000
3973		0.000000
3974		0.000000
3975		0.000000
3976		0.000000
3977		0.000000
3978		0.000000
3979		0.000000
3980		0.000000
3981		0.000000
3982		0.000000
3983		0.000000
3984		0.000000
3985		0.000000
3986		0.000000
3987		0.000000
3988		0.000000
3989		0.000000
3990		0.000000
3991		0.000000
3992		0.000000
3993		0.000000
3994		0.000000
3995		0.000000
3996		0.000000
3997		0.000000
3998		0.000000
3999		0.000000
4000		0.000000
4001		0.000000
4002		0.000000
4003		0.000000
4004		0.000000
4005		0.000000
4006		0.000000
4007		0.000000
4008		0.000000
4009		0.000000
4010		0.000000
4011		0.000000
4012		0.000000
4013		0.000000
4014		0.000000
4015		0.000000
4016		0.000000
4017		0.000000
4018		0.000000
4019		0.000000
4020		0.000000
4021		0.000000
4022		0.000000
4023		0.000000
4024		0.000000
4025		0.000000
4026		0.000000
4027		0.000000
4028		0.000000
4029		0.000000
4030		0.000000
4031		0.000000
4032		0.000000
4033		0.000000
4034		0.000000
4035		0.000000
4036		0.000000
4037		0.000000
4038		0.000000
4039		0.000000
4040		0.000000
4041		0.000000
4042		0.000000
4043		0.000000
4044		0.000000
4045		0.000000
4046		0.000000
4047		0.000000
4048		0.000000
4049		0.000000
4050		0.000000
4051		0.000000
4052		0.000000
4053		0.000000
4054		0.000000
4055		0.000000
4056		0.000000
4057		0.000000
4058		0.000000
4059		0.000000
4060		0.000000
4061		0.000000
4062		0.000000
4063		0.000000
4064		0.000000
4065		0.000000
4066		0.000000
4067		0.000000
4068		0.000000
4069		0.000000
4070		0.000000
4071		0.000000
4072		0.000000
4073		0.000000
4074		0.000000
4075		0.000000
4076		0.000000
4077		0.000000
4078		0.000000
4079		0.000000
4080		0.000000
4081		0.000000
4082		0.000000
4083		0.000000
4084		0.000000
4085		0.000000
4086		0.000000
4087		0.000000
4088		0.000000
4089		0.000000
4090		0.000000
4091		0.000000
4092		0.000000
4093		0.000000
4094		0.000000
4095		0.000000
