0		0.000000
1		0.000000
2		0.000000
3		0.000000
4		0.000000
5		0.000000
6		0.000000
7		0.000000
8		0.000000
9		0.000000
10		0.000000
11		0.000000
12		0.000000
13		0.000000
14		0.000000
15		0.000000
16		0.000000
17		0.000000
18		0.000000
19		0.000000
20		0.000000
21		0.000000
22		0.000000
23		0.000000
24		0.000000
25		0.000000
26		0.000000
27		0.000000
28		0.000000
29		0.000000
30		0.000000
31		0.000000
32		0.000000
33		0.000000
34		0.000000
35		0.000000
36		0.000000
37		0.000000
38		0.000000
39		0.000000
40		0.000000
41		0.000000
42		0.000000
43		0.000000
44		0.000000
45		0.000000
46		0.000000
47		0.000000
48		0.000000
49		0.000000
50		0.000000
51		0.000000
52		0.000000
53		0.000000
54		0.000000
55		0.000000
56		0.000000
57		0.000000
58		0.000000
59		0.000000
60		0.000000
61		0.000000
62		0.000000
63		0.000000
64		0.000000
65		0.000000
66		0.000000
67		0.000000
68		0.000000
69		0.000000
70		0.000000
71		0.000000
72		0.000000
73		0.000000
74		0.000000
75		0.000000
76		0.000000
77		0.000000
78		0.000000
79		0.000000
80		0.000000
81		0.000000
82		0.000000
83		0.000000
84		0.000000
85		0.000000
86		0.000000
87		0.000000
88		0.000000
89		0.000000
90		0.000000
91		0.000000
92		0.000000
93		0.000000
94		0.000000
95		0.000000
96		0.000000
97		0.000000
98		0.000000
99		0.000000
100		0.000000
101		0.000000
102		0.000000
103		0.000000
104		0.000000
105		0.000000
106		0.000000
107		0.000000
108		0.000000
109		39078.617188
110		4549.339844
111		84.818848
112		84.056435
113		80.816162
114		88.249725
115		84.818848
116		78.910118
117		88.630936
118		89.393349
119		89.202744
120		84.247040
121		94.158455
122		91.489998
123		83.675224
124		86.153076
125		90.346367
126		89.393349
127		90.346367
128		97.970535
129		86.534286
130		86.724892
131		94.349060
132		93.396034
133		86.724892
134		83.675224
135		94.730263
136		89.012138
137		93.967850
138		92.824226
139		94.730263
140		93.586639
141		93.014832
142		100.829597
143		97.208122
144		104.451080
145		92.252411
146		100.638992
147		103.116852
148		104.260475
149		107.119537
150		100.448395
151		102.735641
152		112.456451
153		110.931618
154		114.362495
155		105.213493
156		117.793373
157		118.365181
158		114.553101
159		120.080620
160		123.892700
161		124.464516
162		120.652435
163		118.365181
164		120.652435
165		130.373245
166		124.083305
167		124.655121
168		128.276596
169		131.516876
170		132.469894
171		125.036324
172		130.182632
173		129.801437
174		138.759827
175		142.000092
176		140.665863
177		134.566528
178		133.613510
179		137.997406
180		141.618896
181		136.091370
182		132.851105
183		142.381302
184		137.616196
185		145.240372
186		137.044388
187		154.008163
188		143.906143
189		144.287354
190		153.436340
191		166.016220
192		160.488693
193		171.353134
194		166.397430
195		163.347763
196		170.018906
197		164.110184
198		160.107498
199		169.065887
200		168.112869
201		164.491394
202		175.546432
203		185.839050
204		176.308853
205		175.165222
206		178.786697
207		182.789383
208		170.018906
209		163.728973
210		168.684677
211		167.159851
212		161.441727
213		171.734344
214		161.251114
215		163.919571
216		152.102112
217		164.300781
218		146.002777
219		149.624268
220		140.665863
221		140.475266
222		146.383987
223		150.005478
224		152.864532
225		145.812180
226		137.235001
227		142.953125
228		130.563843
229		132.660492
230		127.132973
231		132.469894
232		129.039017
233		125.798744
234		135.519562
235		136.281967
236		135.519562
237		121.414848
238		129.420227
239		126.942368
240		125.798744
241		123.892700
242		130.182632
243		126.370560
244		120.843033
245		121.986664
246		124.655121
247		114.934303
248		119.699409
249		112.837662
250		121.414848
251		125.036324
252		119.699409
253		115.124908
254		115.887329
255		115.887329
256		110.359810
257		120.271225
258		110.741013
259		113.409477
260		111.694038
261		115.887329
262		109.787994
263		110.359810
264		108.072556
265		109.216179
266		111.884644
267		110.550415
268		113.409477
269		105.404099
270		113.409477
271		114.934303
272		111.122223
273		113.790680
274		111.503433
275		103.879265
276		106.928932
277		105.594704
278		106.357117
279		105.594704
280		110.741013
281		104.069870
282		103.116852
283		105.404099
284		105.975914
285		109.406784
286		106.166519
287		113.409477
288		106.357117
289		102.926247
290		105.213493
291		108.072556
292		110.169205
293		106.928932
294		114.934303
295		99.495369
296		108.263161
297		112.647057
298		111.503433
299		112.647057
300		109.787994
301		109.025581
302		112.265846
303		111.312828
304		108.072556
305		114.171890
306		102.735641
307		107.500748
308		111.312828
309		117.221558
310		118.936996
311		113.600075
312		118.555786
313		111.503433
314		125.417534
315		342.706268
316		366.150574
317		138.569229
318		105.213493
319		108.263161
320		114.934303
321		111.884644
322		113.409477
323		110.931618
324		117.412163
325		117.793373
326		120.271225
327		117.221558
328		104.451080
329		108.453766
330		104.451080
331		101.782623
332		104.832283
333		103.688660
334		100.829597
335		103.688660
336		97.208122
337		101.020203
338		100.067184
339		93.586639
340		102.545036
341		99.304764
342		99.876579
343		98.923561
344		101.401413
345		103.688660
346		91.680603
347		95.302078
348		98.923561
349		102.354431
350		103.116852
351		99.114159
352		100.067184
353		103.688660
354		96.826912
355		93.777245
356		94.158455
357		101.592018
358		90.346367
359		94.730263
360		90.918182
361		96.636307
362		100.067184
363		98.351746
364		98.542351
365		96.445702
366		94.920868
367		92.633621
368		99.114159
369		93.205437
370		98.542351
371		99.685974
372		105.594704
373		104.641685
374		93.777245
375		106.738327
376		93.586639
377		102.735641
378		96.636307
379		106.738327
380		105.975914
381		101.401413
382		112.647057
383		108.263161
384		105.022888
385		98.161140
386		96.064499
387		96.636307
388		104.832283
389		108.072556
390		96.445702
391		100.257790
392		96.826912
393		96.064499
394		100.638992
395		112.647057
396		108.263161
397		114.171890
398		110.169205
399		106.166519
400		112.647057
401		108.644371
402		112.837662
403		160.298096
404		765.656921
405		1248.838501
406		348.043182
407		110.931618
408		96.064499
409		102.354431
410		101.210808
411		96.064499
412		100.829597
413		99.304764
414		97.398727
415		95.302078
416		94.158455
417		93.396034
418		98.161140
419		95.873894
420		99.685974
421		107.691345
422		97.208122
423		92.443016
424		94.730263
425		91.680603
426		100.067184
427		99.304764
428		91.489998
429		95.302078
430		96.636307
431		104.260475
432		93.205437
433		91.299393
434		90.727577
435		98.923561
436		88.059120
437		99.495369
438		101.210808
439		95.873894
440		92.824226
441		93.014832
442		93.777245
443		89.583954
444		91.871201
445		87.677910
446		85.962479
447		86.724892
448		87.868515
449		86.724892
450		84.628242
451		91.299393
452		90.727577
453		95.492683
454		83.484619
455		92.824226
456		97.017517
457		93.205437
458		89.202744
459		86.343681
460		90.155769
461		95.111473
462		84.628242
463		92.061806
464		84.056435
465		81.387978
466		84.628242
467		87.487305
468		85.962479
469		93.014832
470		85.771873
471		83.294014
472		78.910118
473		85.009453
474		83.294014
475		81.578583
476		80.625557
477		83.675224
478		80.053749
479		75.288643
480		73.382599
481		78.719521
482		78.910118
483		88.630936
484		85.962479
485		79.291328
486		96.064499
487		448.110382
488		1542.559448
489		944.062378
490		153.817551
491		81.578583
492		85.962479
493		80.053749
494		80.434952
495		73.573204
496		72.810791
497		77.194687
498		64.996017
499		73.191994
500		66.520851
501		64.614807
502		67.283264
503		74.716827
504		67.092667
505		72.810791
506		68.426895
507		75.098038
508		73.382599
509		72.429581
510		67.855080
511		74.526222
512		75.098038
513		76.241661
514		69.951729
515		64.805412
516		70.523537
517		72.810791
518		70.332932
519		68.426895
520		125.989349
521		556.754761
522		689.987061
523		202.421616
524		71.476562
525		66.139641
526		63.852394
527		63.280579
528		68.617500
529		58.134270
530		67.473869
531		73.382599
532		69.379913
533		64.805412
534		65.186623
535		60.040310
536		63.661789
537		67.664474
538		73.382599
539		67.283264
540		62.899372
541		59.087288
542		64.424202
543		68.998703
544		81.387978
545		299.820343
546		736.113281
547		420.663361
548		89.012138
549		69.379913
550		68.617500
551		68.998703
552		69.379913
553		64.233604
554		69.189308
555		72.048370
556		70.523537
557		63.852394
558		67.092667
559		73.001389
560		69.570518
561		67.855080
562		79.672539
563		75.288643
564		67.283264
565		65.758438
566		73.763809
567		69.761124
568		73.191994
569		70.523537
570		66.711456
571		66.139641
572		66.520851
573		72.429581
574		64.614807
575		74.145020
576		72.620186
577		74.145020
578		195.750473
579		611.076904
580		590.110474
581		155.342392
582		73.573204
583		70.332932
584		74.526222
585		82.150391
586		101.782623
587		88.630936
588		74.907433
589		75.288643
590		68.617500
591		77.385284
592		67.664474
593		65.949036
594		79.672539
595		70.714142
596		68.045685
597		70.142326
598		68.236290
599		76.813477
600		69.951729
601		73.191994
602		77.385284
603		79.100723
604		69.570518
605		79.100723
606		77.385284
607		70.523537
608		74.907433
609		73.573204
610		72.620186
611		87.868515
612		81.959785
613		69.761124
614		74.335625
615		73.573204
616		73.191994
617		77.004082
618		72.810791
619		70.523537
620		75.669853
621		72.238976
622		86.724892
623		125.608139
624		154.961182
625		104.641685
626		83.675224
627		93.777245
628		98.923561
629		104.451080
630		91.108788
631		81.578583
632		80.053749
633		74.526222
634		77.194687
635		81.006767
636		73.001389
637		75.669853
638		72.620186
639		80.434952
640		84.628242
641		80.434952
642		77.766495
643		79.291328
644		85.390663
645		85.962479
646		76.241661
647		81.006767
648		86.534286
649		77.004082
650		80.625557
651		82.340996
652		80.244347
653		80.053749
654		83.484619
655		75.669853
656		78.528915
657		74.145020
658		83.294014
659		83.294014
660		86.724892
661		78.147705
662		83.865829
663		77.957100
664		82.150391
665		78.338310
666		86.534286
667		92.252411
668		88.821541
669		95.683289
670		84.437645
671		84.247040
672		87.106102
673		86.534286
674		87.677910
675		89.202744
676		89.012138
677		85.009453
678		89.202744
679		81.578583
680		92.061806
681		89.774559
682		93.777245
683		87.677910
684		94.730263
685		96.445702
686		93.396034
687		89.774559
688		93.586639
689		87.868515
690		100.829597
691		98.732956
692		106.547722
693		93.586639
694		96.064499
695		104.451080
696		109.978600
697		100.638992
698		106.547722
699		105.594704
700		95.683289
701		100.829597
702		110.550415
703		101.020203
704		86.915497
705		92.633621
706		79.672539
707		81.197372
708		83.865829
709		83.294014
710		87.487305
711		85.581268
712		83.294014
713		77.385284
714		82.150391
715		85.390663
716		80.244347
717		90.155769
718		83.103416
719		80.625557
720		73.954414
721		83.484619
722		76.241661
723		76.241661
724		80.625557
725		75.098038
726		76.432266
727		84.056435
728		87.677910
729		83.865829
730		73.954414
731		78.910118
732		80.816162
733		71.667160
734		80.244347
735		79.863144
736		78.528915
737		71.095352
738		74.907433
739		75.288643
740		69.570518
741		73.763809
742		70.523537
743		79.100723
744		71.857765
745		69.189308
746		77.004082
747		67.092667
748		69.570518
749		72.238976
750		70.142326
751		105.213493
752		119.508804
753		89.583954
754		70.523537
755		65.186623
756		71.095352
757		75.288643
758		68.045685
759		65.567833
760		68.808098
761		81.197372
762		95.873894
763		86.343681
764		62.327560
765		68.617500
766		65.949036
767		69.379913
768		64.996017
769		66.520851
770		68.426895
771		69.189308
772		64.424202
773		72.048370
774		69.570518
775		72.810791
776		65.758438
777		67.092667
778		69.761124
779		69.951729
780		68.236290
781		68.236290
782		68.045685
783		91.108788
784		128.276596
785		96.636307
786		74.145020
787		74.716827
788		63.471184
789		62.518162
790		80.244347
791		366.150574
792		1449.354004
793		1894.033569
794		756.507874
795		146.574600
796		64.424202
797		70.714142
798		70.714142
799		66.711456
800		67.092667
801		71.667160
802		71.285957
803		64.805412
804		67.283264
805		70.142326
806		72.048370
807		70.142326
808		74.907433
809		68.045685
810		70.714142
811		68.236290
812		70.142326
813		68.426895
814		67.855080
815		78.147705
816		71.667160
817		66.520851
818		73.191994
819		74.335625
820		72.048370
821		66.330246
822		74.907433
823		72.238976
824		77.766495
825		75.098038
826		71.476562
827		79.863144
828		72.620186
829		73.191994
830		81.006767
831		73.001389
832		86.724892
833		102.354431
834		165.444412
835		208.902161
836		172.496765
837		122.939682
838		86.343681
839		85.771873
840		82.912811
841		82.912811
842		88.440331
843		79.481934
844		81.197372
845		80.625557
846		82.531601
847		87.296707
848		81.769180
849		82.150391
850		93.586639
851		90.155769
852		83.865829
853		94.730263
854		95.873894
855		89.393349
856		85.962479
857		93.205437
858		90.918182
859		93.777245
860		93.967850
861		102.735641
862		98.161140
863		99.876579
864		105.404099
865		93.586639
866		90.727577
867		85.390663
868		84.247040
869		95.683289
870		90.918182
871		86.153076
872		98.161140
873		89.965164
874		95.683289
875		93.967850
876		92.824226
877		85.009453
878		82.912811
879		77.575890
880		86.153076
881		89.393349
882		86.915497
883		89.965164
884		83.484619
885		84.247040
886		91.108788
887		86.724892
888		85.962479
889		81.769180
890		82.340996
891		78.338310
892		92.633621
893		88.821541
894		78.910118
895		81.769180
896		89.774559
897		82.150391
898		87.487305
899		83.675224
900		85.200058
901		85.581268
902		90.727577
903		77.957100
904		83.294014
905		80.625557
906		86.534286
907		80.053749
908		79.291328
909		87.106102
910		87.677910
911		84.437645
912		78.528915
913		78.147705
914		84.247040
915		78.719521
916		77.957100
917		76.432266
918		81.006767
919		73.001389
920		83.103416
921		80.816162
922		81.006767
923		87.677910
924		83.484619
925		85.962479
926		80.053749
927		81.769180
928		87.487305
929		85.009453
930		88.630936
931		81.578583
932		90.155769
933		86.534286
934		79.291328
935		89.583954
936		93.396034
937		86.724892
938		91.108788
939		84.818848
940		84.818848
941		90.727577
942		94.349060
943		100.448395
944		99.876579
945		88.249725
946		97.398727
947		93.586639
948		97.017517
949		83.103416
950		76.622871
951		67.092667
952		76.241661
953		65.186623
954		72.429581
955		74.907433
956		113.600075
957		364.053955
958		764.132080
959		711.144104
960		297.151886
961		101.401413
962		72.238976
963		60.040310
964		65.567833
965		73.191994
966		85.390663
967		189.079330
968		453.066071
969		503.766785
970		254.456543
971		96.636307
972		66.902061
973		62.327560
974		64.424202
975		57.753059
976		62.899372
977		58.706081
978		60.993332
979		59.659100
980		60.230915
981		59.849705
982		59.087288
983		63.280579
984		57.753059
985		50.510101
986		57.753059
987		58.324871
988		51.081913
989		49.938290
990		52.797352
991		52.797352
992		52.225540
993		54.512791
994		45.554394
995		48.604061
996		49.557079
997		52.797352
998		54.893997
999		50.128895
1000		55.275208
1001		45.935600
1002		46.888622
1003		43.838955
1004		44.410770
1005		43.648354
1006		41.742310
1007		45.363789
1008		35.261768
1009		41.170498
1010		44.029560
1011		42.695332
1012		40.979893
1013		41.932915
1014		42.314121
1015		39.836269
1016		42.885937
1017		38.120831
1018		34.880562
1019		41.742310
1020		44.982582
1021		39.455059
1022		43.838955
1023		41.932915
1024		40.217476
1025		38.311436
1026		39.645664
1027		41.932915
1028		41.361103
1029		40.026875
1030		35.642979
1031		39.645664
1032		37.167812
1033		37.167812
1034		42.504726
1035		34.880562
1036		40.979893
1037		37.739624
1038		52.987957
1039		186.410873
1040		686.937378
1041		1535.507080
1042		1803.687134
1043		1206.714966
1044		423.713043
1045		103.879265
1046		45.363789
1047		39.836269
1048		37.549019
1049		43.457748
1050		36.405396
1051		39.455059
1052		40.979893
1053		42.504726
1054		40.979893
1055		40.789291
1056		43.267143
1057		42.885937
1058		43.076538
1059		36.977207
1060		37.167812
1061		39.455059
1062		38.692642
1063		42.314121
1064		40.979893
1065		39.455059
1066		38.692642
1067		38.311436
1068		36.595997
1069		36.405396
1070		43.076538
1071		40.408081
1072		33.736935
1073		33.546333
1074		37.930229
1075		35.642979
1076		38.692642
1077		38.883247
1078		38.311436
1079		37.930229
1080		36.024185
1081		40.598686
1082		41.361103
1083		39.073853
1084		35.833580
1085		38.311436
1086		35.642979
1087		39.455059
1088		42.695332
1089		33.736935
1090		39.645664
1091		39.264458
1092		36.405396
1093		34.880562
1094		40.408081
1095		36.786602
1096		36.214790
1097		38.883247
1098		37.549019
1099		35.261768
1100		42.695332
1101		38.692642
1102		40.026875
1103		35.071163
1104		34.880562
1105		40.979893
1106		38.502041
1107		40.408081
1108		40.598686
1109		40.026875
1110		37.358414
1111		31.830894
1112		38.311436
1113		38.311436
1114		37.358414
1115		35.261768
1116		38.311436
1117		37.549019
1118		37.739624
1119		37.549019
1120		37.358414
1121		36.595997
1122		35.452374
1123		33.927540
1124		42.695332
1125		37.549019
1126		40.598686
1127		44.410770
1128		56.228226
1129		74.145020
1130		66.902061
1131		51.081913
1132		42.123520
1133		45.173183
1134		37.930229
1135		44.220165
1136		39.455059
1137		37.739624
1138		37.739624
1139		42.695332
1140		34.118145
1141		51.081913
1142		62.899372
1143		56.037621
1144		46.888622
1145		35.642979
1146		39.073853
1147		34.689957
1148		35.261768
1149		35.071163
1150		34.880562
1151		43.267143
1152		37.739624
1153		33.927540
1154		34.880562
1155		34.118145
1156		40.598686
1157		36.595997
1158		35.833580
1159		41.932915
1160		38.883247
1161		39.836269
1162		36.595997
1163		32.974518
1164		37.358414
1165		37.739624
1166		33.546333
1167		37.739624
1168		33.546333
1169		32.593311
1170		36.214790
1171		55.847019
1172		69.951729
1173		58.896687
1174		45.935600
1175		43.838955
1176		34.308750
1177		37.930229
1178		35.833580
1179		35.071163
1180		34.499352
1181		27.828207
1182		33.355728
1183		32.402706
1184		30.115458
1185		40.408081
1186		32.783916
1187		31.068478
1188		35.071163
1189		27.828207
1190		30.687269
1191		30.496666
1192		34.118145
1193		34.308750
1194		27.065790
1195		34.689957
1196		29.924852
1197		32.593311
1198		30.115458
1199		35.452374
1200		31.449686
1201		30.115458
1202		30.877874
1203		31.068478
1204		47.269833
1205		56.990643
1206		54.322186
1207		44.601372
1208		36.024185
1209		33.355728
1210		29.353041
1211		27.828207
1212		31.068478
1213		29.924852
1214		34.499352
1215		30.306061
1216		28.400019
1217		28.209415
1218		28.590624
1219		31.259081
1220		26.684582
1221		29.924852
1222		26.303373
1223		30.877874
1224		30.496666
1225		30.687269
1226		32.783916
1227		32.402706
1228		33.927540
1229		49.557079
1230		55.847019
1231		52.225540
1232		40.408081
1233		29.162436
1234		33.165123
1235		28.400019
1236		30.306061
1237		30.687269
1238		31.068478
1239		29.543644
1240		27.637604
1241		32.402706
1242		32.212101
1243		28.781227
1244		31.830894
1245		30.877874
1246		33.165123
1247		39.455059
1248		35.642979
1249		35.833580
1250		30.687269
1251		30.496666
1252		30.687269
1253		32.593311
1254		26.303373
1255		26.875187
1256		28.400019
1257		27.256395
1258		27.828207
1259		24.016125
1260		28.400019
1261		29.734249
1262		44.220165
1263		61.374538
1264		80.625557
1265		62.327560
1266		35.452374
1267		32.593311
1268		27.065790
1269		29.353041
1270		25.350353
1271		24.778540
1272		27.828207
1273		24.969145
1274		27.828207
1275		25.159748
1276		27.256395
1277		26.493979
1278		21.728874
1279		26.684582
1280		23.253708
1281		28.209415
1282		22.491291
1283		25.540956
1284		25.159748
1285		21.728874
1286		23.253708
1287		28.781227
1288		23.825520
1289		26.112770
1290		25.350353
1291		27.637604
1292		28.400019
1293		24.778540
1294		26.493979
1295		23.063103
1296		21.538269
1297		20.585249
1298		23.063103
1299		25.731562
1300		22.110083
1301		20.585249
1302		27.446999
1303		22.872499
1304		25.159748
1305		24.016125
1306		25.922165
1307		23.063103
1308		24.969145
1309		21.157061
1310		20.585249
1311		22.110083
1312		26.303373
1313		28.209415
1314		25.350353
1315		21.919477
1316		23.253708
1317		22.110083
1318		19.822832
1319		21.919477
1320		26.493979
1321		27.256395
1322		21.919477
1323		23.825520
1324		22.491291
1325		24.969145
1326		26.303373
1327		23.634916
1328		25.350353
1329		22.872499
1330		22.491291
1331		23.063103
1332		24.206728
1333		21.728874
1334		24.016125
1335		28.018810
1336		39.455059
1337		53.750374
1338		62.136955
1339		46.888622
1340		27.637604
1341		24.587936
1342		22.491291
1343		20.013437
1344		18.869812
1345		22.491291
1346		34.689957
1347		62.136955
1348		123.130287
1349		177.452469
1350		152.864532
1351		83.865829
1352		35.071163
1353		24.969145
1354		19.632229
1355		22.872499
1356		22.110083
1357		20.394646
1358		21.538269
1359		20.394646
1360		22.872499
1361		24.206728
1362		20.394646
1363		17.726187
1364		19.822832
1365		20.966457
1366		21.347666
1367		20.966457
1368		18.297998
1369		20.585249
1370		20.585249
1371		18.107395
1372		17.916790
1373		20.775854
1374		20.204041
1375		18.869812
1376		20.966457
1377		16.963770
1378		21.157061
1379		20.394646
1380		21.157061
1381		19.441624
1382		19.060415
1383		18.679207
1384		18.488604
1385		23.063103
1386		21.919477
1387		20.394646
1388		17.726187
1389		22.110083
1390		20.394646
1391		16.963770
1392		17.535582
1393		17.154375
1394		21.157061
1395		17.154375
1396		19.441624
1397		20.013437
1398		16.391958
1399		18.107395
1400		18.107395
1401		20.204041
1402		19.251020
1403		18.679207
1404		19.060415
1405		17.916790
1406		17.535582
1407		16.773167
1408		18.488604
1409		16.582561
1410		15.820145
1411		16.201353
1412		18.107395
1413		18.107395
1414		17.726187
1415		18.297998
1416		20.204041
1417		14.676520
1418		20.775854
1419		26.303373
1420		48.413456
1421		63.852394
1422		59.468498
1423		34.308750
1424		19.822832
1425		16.201353
1426		14.295312
1427		17.535582
1428		15.629540
1429		17.726187
1430		16.391958
1431		14.676520
1432		17.344978
1433		16.391958
1434		15.629540
1435		17.344978
1436		17.916790
1437		16.010750
1438		20.966457
1439		17.916790
1440		15.629540
1441		15.248333
1442		12.008062
1443		13.532895
1444		15.820145
1445		18.869812
1446		13.532895
1447		11.436250
1448		14.104708
1449		16.201353
1450		15.438937
1451		12.579874
1452		16.201353
1453		24.016125
1454		33.355728
1455		41.170498
1456		28.209415
1457		15.820145
1458		14.676520
1459		15.248333
1460		15.438937
1461		14.104708
1462		13.532895
1463		15.820145
1464		17.344978
1465		16.010750
1466		12.008062
1467		13.914104
1468		14.295312
1469		15.629540
1470		13.723499
1471		14.104708
1472		12.579874
1473		12.770478
1474		15.629540
1475		11.817458
1476		15.629540
1477		19.822832
1478		30.115458
1479		36.214790
1480		33.736935
1481		19.632229
1482		10.864437
1483		13.914104
1484		14.104708
1485		15.438937
1486		13.723499
1487		13.342291
1488		16.201353
1489		11.436250
1490		15.057729
1491		14.295312
1492		13.723499
1493		15.248333
1494		13.723499
1495		14.676520
1496		10.102020
1497		12.579874
1498		15.057729
1499		12.198666
1500		11.436250
1501		14.295312
1502		13.914104
1503		10.864437
1504		12.770478
1505		13.342291
1506		13.532895
1507		11.245646
1508		12.961082
1509		14.485916
1510		17.535582
1511		25.731562
1512		30.306061
1513		29.543644
1514		21.347666
1515		12.389270
1516		16.582561
1517		15.820145
1518		20.394646
1519		17.916790
1520		12.770478
1521		13.151687
1522		12.389270
1523		13.151687
1524		11.055041
1525		13.342291
1526		13.151687
1527		9.720812
1528		11.626854
1529		14.104708
1530		11.626854
1531		14.104708
1532		11.626854
1533		11.245646
1534		11.245646
1535		10.102020
1536		14.676520
1537		13.723499
1538		12.198666
1539		12.198666
1540		13.723499
1541		12.770478
1542		13.532895
1543		13.723499
1544		11.436250
1545		10.673833
1546		12.198666
1547		11.245646
1548		12.770478
1549		12.579874
1550		9.148999
1551		14.676520
1552		12.198666
1553		13.914104
1554		14.104708
1555		11.626854
1556		14.676520
1557		14.676520
1558		14.104708
1559		10.483229
1560		11.817458
1561		10.673833
1562		12.008062
1563		12.770478
1564		8.195979
1565		11.245646
1566		12.579874
1567		13.532895
1568		11.436250
1569		11.817458
1570		11.245646
1571		10.102020
1572		9.530208
1573		10.483229
1574		10.673833
1575		12.961082
1576		11.436250
1577		10.292624
1578		11.055041
1579		10.483229
1580		9.530208
1581		9.911416
1582		9.148999
1583		12.008062
1584		8.577188
1585		11.817458
1586		12.389270
1587		11.245646
1588		10.673833
1589		10.483229
1590		10.292624
1591		11.055041
1592		10.102020
1593		9.148999
1594		10.864437
1595		9.720812
1596		11.245646
1597		10.483229
1598		11.245646
1599		9.530208
1600		8.195979
1601		9.530208
1602		13.342291
1603		7.624166
1604		10.102020
1605		9.720812
1606		8.767791
1607		10.673833
1608		7.433562
1609		9.911416
1610		9.720812
1611		8.958395
1612		8.195979
1613		9.148999
1614		9.339603
1615		9.911416
1616		8.958395
1617		10.102020
1618		9.720812
1619		9.720812
1620		8.195979
1621		10.292624
1622		12.579874
1623		10.292624
1624		11.245646
1625		12.961082
1626		12.579874
1627		12.198666
1628		12.198666
1629		10.864437
1630		9.339603
1631		11.626854
1632		9.148999
1633		9.339603
1634		9.339603
1635		9.911416
1636		11.245646
1637		12.008062
1638		8.005375
1639		8.577188
1640		13.723499
1641		23.253708
1642		33.165123
1643		32.021500
1644		27.828207
1645		19.060415
1646		16.201353
1647		10.864437
1648		6.861750
1649		8.386583
1650		9.148999
1651		7.433562
1652		6.480541
1653		6.480541
1654		7.624166
1655		7.242958
1656		8.195979
1657		7.052354
1658		7.242958
1659		6.671145
1660		5.908729
1661		7.433562
1662		8.005375
1663		6.480541
1664		7.052354
1665		6.480541
1666		7.052354
1667		5.908729
1668		5.908729
1669		7.433562
1670		7.242958
1671		6.289937
1672		7.814770
1673		7.814770
1674		7.814770
1675		5.908729
1676		5.527521
1677		7.624166
1678		6.099333
1679		4.574500
1680		5.336916
1681		5.908729
1682		7.814770
1683		8.005375
1684		8.005375
1685		8.767791
1686		6.099333
1687		5.718125
1688		6.861750
1689		5.527521
1690		7.814770
1691		4.383895
1692		7.624166
1693		5.908729
1694		10.102020
1695		9.720812
1696		7.814770
1697		4.955708
1698		7.624166
1699		3.240271
1700		4.193292
1701		4.193292
1702		4.574500
1703		4.955708
1704		4.383895
1705		6.671145
1706		5.527521
1707		5.908729
1708		4.574500
1709		4.574500
1710		7.052354
1711		4.002687
1712		4.955708
1713		6.480541
1714		6.289937
1715		6.099333
1716		6.671145
1717		6.671145
1718		5.336916
1719		4.765104
1720		5.146312
1721		4.193292
1722		6.099333
1723		14.104708
1724		30.306061
1725		53.750374
1726		56.800037
1727		42.695332
1728		21.728874
1729		12.008062
1730		4.002687
1731		6.099333
1732		3.621479
1733		6.099333
1734		3.621479
1735		5.146312
1736		4.574500
1737		3.430875
1738		4.765104
1739		5.146312
1740		4.002687
1741		4.574500
1742		4.574500
1743		4.765104
1744		4.002687
1745		4.574500
1746		4.955708
1747		4.955708
1748		4.955708
1749		5.908729
1750		4.955708
1751		5.908729
1752		3.049666
1753		2.287250
1754		4.574500
1755		3.240271
1756		6.289937
1757		4.383895
1758		4.574500
1759		6.099333
1760		2.859062
1761		4.002687
1762		5.146312
1763		3.812083
1764		4.574500
1765		4.383895
1766		5.336916
1767		4.002687
1768		4.383895
1769		4.193292
1770		5.908729
1771		4.002687
1772		4.383895
1773		4.955708
1774		3.430875
1775		4.002687
1776		5.336916
1777		3.430875
1778		5.718125
1779		3.812083
1780		3.049666
1781		2.859062
1782		6.480541
1783		5.718125
1784		5.336916
1785		3.812083
1786		4.383895
1787		3.812083
1788		6.861750
1789		5.336916
1790		4.955708
1791		4.574500
1792		4.002687
1793		5.146312
1794		4.574500
1795		5.718125
1796		3.621479
1797		3.621479
1798		5.527521
1799		4.955708
1800		5.527521
1801		3.430875
1802		3.430875
1803		3.430875
1804		3.430875
1805		4.383895
1806		3.621479
1807		5.146312
1808		4.002687
1809		4.383895
1810		4.193292
1811		4.955708
1812		4.002687
1813		4.574500
1814		4.002687
1815		4.002687
1816		3.240271
1817		4.574500
1818		3.430875
1819		4.002687
1820		4.383895
1821		3.812083
1822		3.621479
1823		4.574500
1824		3.430875
1825		4.002687
1826		2.477854
1827		2.859062
1828		4.574500
1829		4.574500
1830		3.240271
1831		4.193292
1832		4.002687
1833		1.524833
1834		5.146312
1835		2.668458
1836		2.287250
1837		4.765104
1838		2.668458
1839		2.096646
1840		2.859062
1841		4.002687
1842		2.668458
1843		3.240271
1844		2.668458
1845		4.574500
1846		4.765104
1847		4.002687
1848		2.287250
1849		3.049666
1850		3.049666
1851		2.287250
1852		2.477854
1853		1.715437
1854		2.859062
1855		2.668458
1856		2.096646
1857		3.240271
1858		2.287250
1859		2.096646
1860		2.096646
1861		2.096646
1862		1.524833
1863		1.715437
1864		1.334229
1865		1.715437
1866		4.002687
1867		2.859062
1868		1.906042
1869		2.668458
1870		3.812083
1871		1.715437
1872		2.477854
1873		2.668458
1874		1.715437
1875		2.477854
1876		1.906042
1877		2.096646
1878		1.143625
1879		3.240271
1880		1.906042
1881		2.477854
1882		1.334229
1883		2.477854
1884		2.096646
1885		4.002687
1886		1.906042
1887		1.906042
1888		3.430875
1889		6.099333
1890		13.532895
1891		17.726187
1892		19.060415
1893		12.198666
1894		6.480541
1895		3.049666
1896		1.715437
1897		2.287250
1898		2.477854
1899		5.718125
1900		9.339603
1901		12.579874
1902		14.867125
1903		9.530208
1904		8.767791
1905		3.240271
1906		2.287250
1907		1.334229
1908		2.859062
1909		1.906042
1910		1.906042
1911		2.477854
1912		1.334229
1913		2.668458
1914		1.334229
1915		3.049666
1916		2.668458
1917		2.287250
1918		0.953021
1919		2.096646
1920		2.859062
1921		1.524833
1922		1.715437
1923		2.477854
1924		1.715437
1925		1.524833
1926		1.524833
1927		2.287250
1928		1.715437
1929		2.096646
1930		1.524833
1931		3.049666
1932		0.953021
1933		0.381208
1934		1.715437
1935		2.096646
1936		0.762417
1937		1.715437
1938		1.906042
1939		1.334229
1940		1.715437
1941		1.334229
1942		1.524833
1943		1.143625
1944		1.715437
1945		1.524833
1946		1.143625
1947		1.715437
1948		1.524833
1949		1.524833
1950		1.143625
1951		1.715437
1952		1.143625
1953		1.906042
1954		1.334229
1955		2.096646
1956		1.143625
1957		1.715437
1958		1.715437
1959		1.906042
1960		2.668458
1961		1.715437
1962		2.859062
1963		0.953021
1964		1.143625
1965		1.524833
1966		2.477854
1967		1.715437
1968		0.571812
1969		2.859062
1970		0.571812
1971		1.906042
1972		2.287250
1973		2.096646
1974		2.287250
1975		1.906042
1976		0.953021
1977		0.953021
1978		1.715437
1979		1.334229
1980		0.762417
1981		1.715437
1982		1.334229
1983		1.524833
1984		1.143625
1985		0.953021
1986		1.143625
1987		0.953021
1988		1.334229
1989		2.477854
1990		1.715437
1991		2.096646
1992		2.287250
1993		1.143625
1994		1.906042
1995		1.524833
1996		1.524833
1997		2.096646
1998		1.715437
1999		0.571812
2000		0.953021
2001		2.287250
2002		0.953021
2003		0.953021
2004		1.715437
2005		0.953021
2006		1.906042
2007		2.096646
2008		0.953021
2009		1.143625
2010		1.715437
2011		1.906042
2012		1.906042
2013		1.143625
2014		2.287250
2015		0.953021
2016		0.953021
2017		1.143625
2018		0.762417
2019		1.143625
2020		1.524833
2021		1.906042
2022		1.334229
2023		0.381208
2024		1.334229
2025		0.953021
2026		0.571812
2027		0.571812
2028		1.143625
2029		0.953021
2030		0.571812
2031		1.143625
2032		0.953021
2033		0.571812
2034		0.762417
2035		1.334229
2036		0.571812
2037		0.953021
2038		0.381208
2039		0.571812
2040		1.143625
2041		1.524833
2042		0.953021
2043		0.381208
2044		0.571812
2045		1.143625
2046		0.762417
2047		2.096646
2048		1.143625
2049		0.953021
2050		1.524833
2051		1.334229
2052		1.334229
2053		1.143625
2054		0.571812
2055		0.953021
2056		0.953021
2057		1.143625
2058		0.571812
2059		1.143625
2060		0.953021
2061		2.477854
2062		3.621479
2063		2.477854
2064		1.334229
2065		2.287250
2066		0.953021
2067		0.571812
2068		0.762417
2069		1.524833
2070		0.571812
2071		0.381208
2072		0.953021
2073		2.096646
2074		1.143625
2075		1.906042
2076		2.096646
2077		1.143625
2078		1.334229
2079		1.143625
2080		0.571812
2081		0.762417
2082		1.715437
2083		1.524833
2084		0.953021
2085		1.143625
2086		0.762417
2087		0.762417
2088		1.334229
2089		0.953021
2090		0.190604
2091		0.762417
2092		1.334229
2093		0.953021
2094		0.381208
2095		1.334229
2096		0.571812
2097		0.953021
2098		0.953021
2099		0.953021
2100		1.143625
2101		0.000000
2102		1.143625
2103		0.381208
2104		0.762417
2105		1.334229
2106		0.762417
2107		2.287250
2108		1.334229
2109		0.953021
2110		0.381208
2111		0.762417
2112		0.381208
2113		1.334229
2114		0.762417
2115		0.190604
2116		0.953021
2117		0.381208
2118		0.190604
2119		0.953021
2120		0.381208
2121		0.381208
2122		0.190604
2123		0.571812
2124		0.762417
2125		1.143625
2126		0.762417
2127		0.762417
2128		0.571812
2129		0.953021
2130		0.381208
2131		0.381208
2132		0.381208
2133		0.571812
2134		0.381208
2135		1.143625
2136		0.381208
2137		0.953021
2138		1.143625
2139		2.096646
2140		1.524833
2141		0.953021
2142		1.143625
2143		0.762417
2144		1.524833
2145		1.334229
2146		1.334229
2147		0.571812
2148		0.190604
2149		0.762417
2150		0.571812
2151		0.953021
2152		0.762417
2153		0.190604
2154		0.381208
2155		0.381208
2156		0.571812
2157		0.190604
2158		0.762417
2159		0.571812
2160		0.381208
2161		1.143625
2162		1.524833
2163		1.143625
2164		0.381208
2165		1.143625
2166		2.096646
2167		0.381208
2168		1.524833
2169		0.953021
2170		0.190604
2171		0.381208
2172		0.381208
2173		0.571812
2174		0.571812
2175		0.381208
2176		0.190604
2177		0.381208
2178		0.571812
2179		0.762417
2180		0.000000
2181		0.571812
2182		0.190604
2183		1.334229
2184		0.190604
2185		0.190604
2186		0.953021
2187		0.762417
2188		0.571812
2189		0.381208
2190		0.381208
2191		0.190604
2192		0.762417
2193		0.953021
2194		0.953021
2195		0.953021
2196		1.334229
2197		0.953021
2198		1.143625
2199		0.953021
2200		0.953021
2201		0.190604
2202		0.381208
2203		0.571812
2204		0.571812
2205		0.190604
2206		0.762417
2207		0.000000
2208		0.953021
2209		0.571812
2210		0.381208
2211		0.381208
2212		0.381208
2213		0.381208
2214		0.190604
2215		0.190604
2216		0.762417
2217		0.190604
2218		0.190604
2219		0.571812
2220		0.000000
2221		0.000000
2222		0.571812
2223		0.571812
2224		0.381208
2225		0.381208
2226		0.571812
2227		0.190604
2228		0.381208
2229		0.381208
2230		0.190604
2231		0.381208
2232		1.334229
2233		0.000000
2234		0.190604
2235		0.190604
2236		0.190604
2237		0.190604
2238		0.381208
2239		0.762417
2240		0.190604
2241		0.381208
2242		0.571812
2243		0.000000
2244		0.190604
2245		0.571812
2246		0.190604
2247		0.571812
2248		0.000000
2249		0.190604
2250		0.000000
2251		0.762417
2252		1.143625
2253		0.190604
2254		0.381208
2255		0.381208
2256		0.190604
2257		0.000000
2258		0.000000
2259		0.190604
2260		0.000000
2261		0.190604
2262		0.190604
2263		0.190604
2264		0.190604
2265		0.000000
2266		0.000000
2267		0.190604
2268		0.000000
2269		0.190604
2270		0.381208
2271		0.000000
2272		0.381208
2273		0.190604
2274		0.000000
2275		0.000000
2276		0.571812
2277		0.000000
2278		0.381208
2279		1.143625
2280		2.859062
2281		1.906042
2282		4.383895
2283		3.049666
2284		0.953021
2285		0.571812
2286		0.000000
2287		0.000000
2288		0.000000
2289		0.000000
2290		0.381208
2291		0.381208
2292		0.571812
2293		0.000000
2294		0.571812
2295		0.571812
2296		0.000000
2297		0.190604
2298		0.000000
2299		0.190604
2300		0.190604
2301		0.000000
2302		0.571812
2303		0.000000
2304		0.000000
2305		0.000000
2306		0.000000
2307		0.190604
2308		0.000000
2309		0.190604
2310		0.190604
2311		0.381208
2312		0.190604
2313		0.190604
2314		0.000000
2315		0.000000
2316		0.000000
2317		0.000000
2318		0.190604
2319		0.000000
2320		0.000000
2321		0.190604
2322		0.000000
2323		0.190604
2324		0.000000
2325		0.190604
2326		0.190604
2327		0.000000
2328		0.190604
2329		0.190604
2330		0.000000
2331		0.000000
2332		0.190604
2333		0.190604
2334		0.381208
2335		0.190604
2336		0.000000
2337		0.381208
2338		0.571812
2339		0.190604
2340		0.571812
2341		0.381208
2342		0.571812
2343		0.190604
2344		0.000000
2345		0.190604
2346		0.190604
2347		0.190604
2348		0.000000
2349		0.000000
2350		0.000000
2351		0.381208
2352		0.190604
2353		0.000000
2354		0.000000
2355		0.000000
2356		0.190604
2357		0.190604
2358		0.000000
2359		0.000000
2360		0.000000
2361		0.000000
2362		0.190604
2363		0.000000
2364		0.000000
2365		0.000000
2366		0.000000
2367		0.381208
2368		0.190604
2369		0.000000
2370		0.000000
2371		0.190604
2372		0.381208
2373		0.000000
2374		0.000000
2375		0.190604
2376		0.000000
2377		0.190604
2378		0.190604
2379		0.190604
2380		0.190604
2381		0.000000
2382		0.190604
2383		0.190604
2384		0.190604
2385		0.000000
2386		0.000000
2387		0.381208
2388		0.000000
2389		0.000000
2390		0.000000
2391		0.000000
2392		0.000000
2393		0.000000
2394		0.190604
2395		0.000000
2396		0.000000
2397		0.000000
2398		0.000000
2399		0.000000
2400		0.000000
2401		0.000000
2402		0.000000
2403		0.000000
2404		0.000000
2405		0.000000
2406		0.190604
2407		0.190604
2408		0.000000
2409		0.000000
2410		0.000000
2411		0.190604
2412		0.000000
2413		0.190604
2414		0.000000
2415		0.190604
2416		0.000000
2417		0.000000
2418		0.381208
2419		0.190604
2420		0.000000
2421		0.000000
2422		0.000000
2423		0.000000
2424		0.000000
2425		0.000000
2426		0.190604
2427		0.000000
2428		0.190604
2429		0.000000
2430		0.000000
2431		0.000000
2432		0.190604
2433		0.000000
2434		0.190604
2435		0.000000
2436		0.000000
2437		0.000000
2438		0.000000
2439		0.000000
2440		0.000000
2441		0.000000
2442		0.000000
2443		0.000000
2444		0.000000
2445		0.000000
2446		0.000000
2447		0.000000
2448		0.000000
2449		0.000000
2450		0.000000
2451		0.000000
2452		0.000000
2453		0.000000
2454		0.000000
2455		0.000000
2456		0.000000
2457		0.000000
2458		0.000000
2459		0.000000
2460		0.000000
2461		0.000000
2462		0.000000
2463		0.000000
2464		0.000000
2465		0.000000
2466		0.000000
2467		0.000000
2468		0.000000
2469		0.000000
2470		0.000000
2471		0.000000
2472		0.000000
2473		0.000000
2474		0.000000
2475		0.000000
2476		0.000000
2477		0.000000
2478		0.000000
2479		0.000000
2480		0.000000
2481		0.000000
2482		0.000000
2483		0.000000
2484		0.000000
2485		0.000000
2486		0.000000
2487		0.000000
2488		0.000000
2489		0.000000
2490		0.000000
2491		0.000000
2492		0.000000
2493		0.000000
2494		0.000000
2495		0.000000
2496		0.000000
2497		0.000000
2498		0.000000
2499		0.000000
2500		0.000000
2501		0.000000
2502		0.000000
2503		0.000000
2504		0.000000
2505		0.000000
2506		0.000000
2507		0.000000
2508		0.000000
2509		0.000000
2510		0.000000
2511		0.000000
2512		0.000000
2513		0.000000
2514		0.000000
2515		0.000000
2516		0.000000
2517		0.000000
2518		0.000000
2519		0.000000
2520		0.000000
2521		0.000000
2522		0.000000
2523		0.000000
2524		0.000000
2525		0.000000
2526		0.000000
2527		0.000000
2528		0.000000
2529		0.000000
2530		0.000000
2531		0.000000
2532		0.000000
2533		0.000000
2534		0.000000
2535		0.000000
2536		0.000000
2537		0.000000
2538		0.000000
2539		0.000000
2540		0.000000
2541		0.000000
2542		0.000000
2543		0.000000
2544		0.000000
2545		0.000000
2546		0.000000
2547		0.000000
2548		0.000000
2549		0.000000
2550		0.000000
2551		0.000000
2552		0.000000
2553		0.000000
2554		0.000000
2555		0.000000
2556		0.000000
2557		0.000000
2558		0.000000
2559		0.000000
2560		0.000000
2561		0.000000
2562		0.000000
2563		0.000000
2564		0.000000
2565		0.000000
2566		0.000000
2567		0.000000
2568		0.000000
2569		0.000000
2570		0.000000
2571		0.000000
2572		0.000000
2573		0.000000
2574		0.000000
2575		0.000000
2576		0.000000
2577		0.000000
2578		0.000000
2579		0.000000
2580		0.000000
2581		0.000000
2582		0.000000
2583		0.000000
2584		0.000000
2585		0.000000
2586		0.000000
2587		0.000000
2588		0.000000
2589		0.000000
2590		0.000000
2591		0.000000
2592		0.000000
2593		0.000000
2594		0.000000
2595		0.000000
2596		0.000000
2597		0.000000
2598		0.000000
2599		0.000000
2600		0.000000
2601		0.000000
2602		0.000000
2603		0.000000
2604		0.000000
2605		0.000000
2606		0.000000
2607		0.000000
2608		0.000000
2609		0.000000
2610		0.000000
2611		0.000000
2612		0.000000
2613		0.000000
2614		0.000000
2615		0.000000
2616		0.000000
2617		0.000000
2618		0.000000
2619		0.000000
2620		0.000000
2621		0.000000
2622		0.000000
2623		0.000000
2624		0.000000
2625		0.000000
2626		0.000000
2627		0.000000
2628		0.000000
2629		0.000000
2630		0.000000
2631		0.000000
2632		0.000000
2633		0.000000
2634		0.000000
2635		0.000000
2636		0.000000
2637		0.000000
2638		0.000000
2639		0.000000
2640		0.000000
2641		0.000000
2642		0.000000
2643		0.000000
2644		0.000000
2645		0.000000
2646		0.000000
2647		0.000000
2648		0.000000
2649		0.000000
2650		0.000000
2651		0.000000
2652		0.000000
2653		0.000000
2654		0.000000
2655		0.000000
2656		0.000000
2657		0.000000
2658		0.000000
2659		0.000000
2660		0.000000
2661		0.000000
2662		0.000000
2663		0.000000
2664		0.000000
2665		0.000000
2666		0.000000
2667		0.000000
2668		0.000000
2669		0.000000
2670		0.000000
2671		0.000000
2672		0.000000
2673		0.000000
2674		0.000000
2675		0.000000
2676		0.000000
2677		0.000000
2678		0.000000
2679		0.000000
2680		0.000000
2681		0.000000
2682		0.000000
2683		0.000000
2684		0.000000
2685		0.000000
2686		0.000000
2687		0.000000
2688		0.000000
2689		0.000000
2690		0.000000
2691		0.000000
2692		0.000000
2693		0.000000
2694		0.000000
2695		0.000000
2696		0.000000
2697		0.000000
2698		0.000000
2699		0.000000
2700		0.000000
2701		0.000000
2702		0.000000
2703		0.000000
2704		0.000000
2705		0.000000
2706		0.000000
2707		0.000000
2708		0.000000
2709		0.000000
2710		0.000000
2711		0.000000
2712		0.000000
2713		0.000000
2714		0.000000
2715		0.000000
2716		0.000000
2717		0.000000
2718		0.000000
2719		0.000000
2720		0.000000
2721		0.000000
2722		0.000000
2723		0.000000
2724		0.000000
2725		0.000000
2726		0.000000
2727		0.000000
2728		0.000000
2729		0.000000
2730		0.000000
2731		0.000000
2732		0.000000
2733		0.000000
2734		0.000000
2735		0.000000
2736		0.000000
2737		0.000000
2738		0.000000
2739		0.000000
2740		0.000000
2741		0.000000
2742		0.000000
2743		0.000000
2744		0.000000
2745		0.000000
2746		0.000000
2747		0.000000
2748		0.000000
2749		0.000000
2750		0.000000
2751		0.000000
2752		0.000000
2753		0.000000
2754		0.000000
2755		0.000000
2756		0.000000
2757		0.000000
2758		0.000000
2759		0.000000
2760		0.000000
2761		0.000000
2762		0.000000
2763		0.000000
2764		0.000000
2765		0.000000
2766		0.000000
2767		0.000000
2768		0.000000
2769		0.000000
2770		0.000000
2771		0.000000
2772		0.000000
2773		0.000000
2774		0.000000
2775		0.000000
2776		0.000000
2777		0.000000
2778		0.000000
2779		0.000000
2780		0.000000
2781		0.000000
2782		0.000000
2783		0.000000
2784		0.000000
2785		0.000000
2786		0.000000
2787		0.000000
2788		0.000000
2789		0.000000
2790		0.000000
2791		0.000000
2792		0.000000
2793		0.000000
2794		0.000000
2795		0.000000
2796		0.000000
2797		0.000000
2798		0.000000
2799		0.000000
2800		0.000000
2801		0.000000
2802		0.000000
2803		0.000000
2804		0.000000
2805		0.000000
2806		0.000000
2807		0.000000
2808		0.000000
2809		0.000000
2810		0.000000
2811		0.000000
2812		0.000000
2813		0.000000
2814		0.000000
2815		0.000000
2816		0.000000
2817		0.000000
2818		0.000000
2819		0.000000
2820		0.000000
2821		0.000000
2822		0.000000
2823		0.000000
2824		0.000000
2825		0.000000
2826		0.000000
2827		0.000000
2828		0.000000
2829		0.000000
2830		0.000000
2831		0.000000
2832		0.000000
2833		0.000000
2834		0.000000
2835		0.000000
2836		0.000000
2837		0.000000
2838		0.000000
2839		0.000000
2840		0.000000
2841		0.000000
2842		0.000000
2843		0.000000
2844		0.000000
2845		0.000000
2846		0.000000
2847		0.000000
2848		0.000000
2849		0.000000
2850		0.000000
2851		0.000000
2852		0.000000
2853		0.000000
2854		0.000000
2855		0.000000
2856		0.000000
2857		0.000000
2858		0.000000
2859		0.000000
2860		0.000000
2861		0.000000
2862		0.000000
2863		0.000000
2864		0.000000
2865		0.000000
2866		0.000000
2867		0.000000
2868		0.000000
2869		0.000000
2870		0.000000
2871		0.000000
2872		0.000000
2873		0.000000
2874		0.000000
2875		0.000000
2876		0.000000
2877		0.000000
2878		0.000000
2879		0.000000
2880		0.000000
2881		0.000000
2882		0.000000
2883		0.000000
2884		0.000000
2885		0.000000
2886		0.000000
2887		0.000000
2888		0.000000
2889		0.000000
2890		0.000000
2891		0.000000
2892		0.000000
2893		0.000000
2894		0.000000
2895		0.000000
2896		0.000000
2897		0.000000
2898		0.000000
2899		0.000000
2900		0.000000
2901		0.000000
2902		0.000000
2903		0.000000
2904		0.000000
2905		0.000000
2906		0.000000
2907		0.000000
2908		0.000000
2909		0.000000
2910		0.000000
2911		0.000000
2912		0.000000
2913		0.000000
2914		0.000000
2915		0.000000
2916		0.000000
2917		0.000000
2918		0.000000
2919		0.000000
2920		0.000000
2921		0.000000
2922		0.000000
2923		0.000000
2924		0.000000
2925		0.000000
2926		0.000000
2927		0.000000
2928		0.000000
2929		0.000000
2930		0.000000
2931		0.000000
2932		0.000000
2933		0.000000
2934		0.000000
2935		0.000000
2936		0.000000
2937		0.000000
2938		0.000000
2939		0.000000
2940		0.000000
2941		0.000000
2942		0.000000
2943		0.000000
2944		0.000000
2945		0.000000
2946		0.000000
2947		0.000000
2948		0.000000
2949		0.000000
2950		0.000000
2951		0.000000
2952		0.000000
2953		0.000000
2954		0.000000
2955		0.000000
2956		0.000000
2957		0.000000
2958		0.000000
2959		0.000000
2960		0.000000
2961		0.000000
2962		0.000000
2963		0.000000
2964		0.000000
2965		0.000000
2966		0.000000
2967		0.000000
2968		0.000000
2969		0.000000
2970		0.000000
2971		0.000000
2972		0.000000
2973		0.000000
2974		0.000000
2975		0.000000
2976		0.000000
2977		0.000000
2978		0.000000
2979		0.000000
2980		0.000000
2981		0.000000
2982		0.000000
2983		0.000000
2984		0.000000
2985		0.000000
2986		0.000000
2987		0.000000
2988		0.000000
2989		0.000000
2990		0.000000
2991		0.000000
2992		0.000000
2993		0.000000
2994		0.000000
2995		0.000000
2996		0.000000
2997		0.000000
2998		0.000000
2999		0.000000
3000		0.000000
3001		0.000000
3002		0.000000
3003		0.000000
3004		0.000000
3005		0.000000
3006		0.000000
3007		0.000000
3008		0.000000
3009		0.000000
3010		0.000000
3011		0.000000
3012		0.000000
3013		0.000000
3014		0.000000
3015		0.000000
3016		0.000000
3017		0.000000
3018		0.000000
3019		0.000000
3020		0.000000
3021		0.000000
3022		0.000000
3023		0.000000
3024		0.000000
3025		0.000000
3026		0.000000
3027		0.000000
3028		0.000000
3029		0.000000
3030		0.000000
3031		0.000000
3032		0.000000
3033		0.000000
3034		0.000000
3035		0.000000
3036		0.000000
3037		0.000000
3038		0.000000
3039		0.000000
3040		0.000000
3041		0.000000
3042		0.000000
3043		0.000000
3044		0.000000
3045		0.000000
3046		0.000000
3047		0.000000
3048		0.000000
3049		0.000000
3050		0.000000
3051		0.000000
3052		0.000000
3053		0.000000
3054		0.000000
3055		0.000000
3056		0.000000
3057		0.000000
3058		0.000000
3059		0.000000
3060		0.000000
3061		0.000000
3062		0.000000
3063		0.000000
3064		0.000000
3065		0.000000
3066		0.000000
3067		0.000000
3068		0.000000
3069		0.000000
3070		0.000000
3071		0.000000
3072		0.000000
3073		0.000000
3074		0.000000
3075		0.000000
3076		0.000000
3077		0.000000
3078		0.000000
3079		0.000000
3080		0.000000
3081		0.000000
3082		0.000000
3083		0.000000
3084		0.000000
3085		0.000000
3086		0.000000
3087		0.000000
3088		0.000000
3089		0.000000
3090		0.000000
3091		0.000000
3092		0.000000
3093		0.000000
3094		0.000000
3095		0.000000
3096		0.000000
3097		0.000000
3098		0.000000
3099		0.000000
3100		0.000000
3101		0.000000
3102		0.000000
3103		0.000000
3104		0.000000
3105		0.000000
3106		0.000000
3107		0.000000
3108		0.000000
3109		0.000000
3110		0.000000
3111		0.000000
3112		0.000000
3113		0.000000
3114		0.000000
3115		0.000000
3116		0.000000
3117		0.000000
3118		0.000000
3119		0.000000
3120		0.000000
3121		0.000000
3122		0.000000
3123		0.000000
3124		0.000000
3125		0.000000
3126		0.000000
3127		0.000000
3128		0.000000
3129		0.000000
3130		0.000000
3131		0.000000
3132		0.000000
3133		0.000000
3134		0.000000
3135		0.000000
3136		0.000000
3137		0.000000
3138		0.000000
3139		0.000000
3140		0.000000
3141		0.000000
3142		0.000000
3143		0.000000
3144		0.000000
3145		0.000000
3146		0.000000
3147		0.000000
3148		0.000000
3149		0.000000
3150		0.000000
3151		0.000000
3152		0.000000
3153		0.000000
3154		0.000000
3155		0.000000
3156		0.000000
3157		0.000000
3158		0.000000
3159		0.000000
3160		0.000000
3161		0.000000
3162		0.000000
3163		0.000000
3164		0.000000
3165		0.000000
3166		0.000000
3167		0.000000
3168		0.000000
3169		0.000000
3170		0.000000
3171		0.000000
3172		0.000000
3173		0.000000
3174		0.000000
3175		0.000000
3176		0.000000
3177		0.000000
3178		0.000000
3179		0.000000
3180		0.000000
3181		0.000000
3182		0.000000
3183		0.000000
3184		0.000000
3185		0.000000
3186		0.000000
3187		0.000000
3188		0.000000
3189		0.000000
3190		0.000000
3191		0.000000
3192		0.000000
3193		0.000000
3194		0.000000
3195		0.000000
3196		0.000000
3197		0.000000
3198		0.000000
3199		0.000000
3200		0.000000
3201		0.000000
3202		0.000000
3203		0.000000
3204		0.000000
3205		0.000000
3206		0.000000
3207		0.000000
3208		0.000000
3209		0.000000
3210		0.000000
3211		0.000000
3212		0.000000
3213		0.000000
3214		0.000000
3215		0.000000
3216		0.000000
3217		0.000000
3218		0.000000
3219		0.000000
3220		0.000000
3221		0.000000
3222		0.000000
3223		0.000000
3224		0.000000
3225		0.000000
3226		0.000000
3227		0.000000
3228		0.000000
3229		0.000000
3230		0.000000
3231		0.000000
3232		0.000000
3233		0.000000
3234		0.000000
3235		0.000000
3236		0.000000
3237		0.000000
3238		0.000000
3239		0.000000
3240		0.000000
3241		0.000000
3242		0.000000
3243		0.000000
3244		0.000000
3245		0.000000
3246		0.000000
3247		0.000000
3248		0.000000
3249		0.000000
3250		0.000000
3251		0.000000
3252		0.000000
3253		0.000000
3254		0.000000
3255		0.000000
3256		0.000000
3257		0.000000
3258		0.000000
3259		0.000000
3260		0.000000
3261		0.000000
3262		0.000000
3263		0.000000
3264		0.000000
3265		0.000000
3266		0.000000
3267		0.000000
3268		0.000000
3269		0.000000
3270		0.000000
3271		0.000000
3272		0.000000
3273		0.000000
3274		0.000000
3275		0.000000
3276		0.000000
3277		0.000000
3278		0.000000
3279		0.000000
3280		0.000000
3281		0.000000
3282		0.000000
3283		0.000000
3284		0.000000
3285		0.000000
3286		0.000000
3287		0.000000
3288		0.000000
3289		0.000000
3290		0.000000
3291		0.000000
3292		0.000000
3293		0.000000
3294		0.000000
3295		0.000000
3296		0.000000
3297		0.000000
3298		0.000000
3299		0.000000
3300		0.000000
3301		0.000000
3302		0.000000
3303		0.000000
3304		0.000000
3305		0.000000
3306		0.000000
3307		0.000000
3308		0.000000
3309		0.000000
3310		0.000000
3311		0.000000
3312		0.000000
3313		0.000000
3314		0.000000
3315		0.000000
3316		0.000000
3317		0.000000
3318		0.000000
3319		0.000000
3320		0.000000
3321		0.000000
3322		0.000000
3323		0.000000
3324		0.000000
3325		0.000000
3326		0.000000
3327		0.000000
3328		0.000000
3329		0.000000
3330		0.000000
3331		0.000000
3332		0.000000
3333		0.000000
3334		0.000000
3335		0.000000
3336		0.000000
3337		0.000000
3338		0.000000
3339		0.000000
3340		0.000000
3341		0.000000
3342		0.000000
3343		0.000000
3344		0.000000
3345		0.000000
3346		0.000000
3347		0.000000
3348		0.000000
3349		0.000000
3350		0.000000
3351		0.000000
3352		0.000000
3353		0.000000
3354		0.000000
3355		0.000000
3356		0.000000
3357		0.000000
3358		0.000000
3359		0.000000
3360		0.000000
3361		0.000000
3362		0.000000
3363		0.000000
3364		0.000000
3365		0.000000
3366		0.000000
3367		0.000000
3368		0.000000
3369		0.000000
3370		0.000000
3371		0.000000
3372		0.000000
3373		0.000000
3374		0.000000
3375		0.000000
3376		0.000000
3377		0.000000
3378		0.000000
3379		0.000000
3380		0.000000
3381		0.000000
3382		0.000000
3383		0.000000
3384		0.000000
3385		0.000000
3386		0.000000
3387		0.000000
3388		0.000000
3389		0.000000
3390		0.000000
3391		0.000000
3392		0.000000
3393		0.000000
3394		0.000000
3395		0.000000
3396		0.000000
3397		0.000000
3398		0.000000
3399		0.000000
3400		0.000000
3401		0.000000
3402		0.000000
3403		0.000000
3404		0.000000
3405		0.000000
3406		0.000000
3407		0.000000
3408		0.000000
3409		0.000000
3410		0.000000
3411		0.000000
3412		0.000000
3413		0.000000
3414		0.000000
3415		0.000000
3416		0.000000
3417		0.000000
3418		0.000000
3419		0.000000
3420		0.000000
3421		0.000000
3422		0.000000
3423		0.000000
3424		0.000000
3425		0.000000
3426		0.000000
3427		0.000000
3428		0.000000
3429		0.000000
3430		0.000000
3431		0.000000
3432		0.000000
3433		0.000000
3434		0.000000
3435		0.000000
3436		0.000000
3437		0.000000
3438		0.000000
3439		0.000000
3440		0.000000
3441		0.000000
3442		0.000000
3443		0.000000
3444		0.000000
3445		0.000000
3446		0.000000
3447		0.000000
3448		0.000000
3449		0.000000
3450		0.000000
3451		0.000000
3452		0.000000
3453		0.000000
3454		0.000000
3455		0.000000
3456		0.000000
3457		0.000000
3458		0.000000
3459		0.000000
3460		0.000000
3461		0.000000
3462		0.000000
3463		0.000000
3464		0.000000
3465		0.000000
3466		0.000000
3467		0.000000
3468		0.000000
3469		0.000000
3470		0.000000
3471		0.000000
3472		0.000000
3473		0.000000
3474		0.000000
3475		0.000000
3476		0.000000
3477		0.000000
3478		0.000000
3479		0.000000
3480		0.000000
3481		0.000000
3482		0.000000
3483		0.000000
3484		0.000000
3485		0.000000
3486		0.000000
3487		0.000000
3488		0.000000
3489		0.000000
3490		0.000000
3491		0.000000
3492		0.000000
3493		0.000000
3494		0.000000
3495		0.000000
3496		0.000000
3497		0.000000
3498		0.000000
3499		0.000000
3500		0.000000
3501		0.000000
3502		0.000000
3503		0.000000
3504		0.000000
3505		0.000000
3506		0.000000
3507		0.000000
3508		0.000000
3509		0.000000
3510		0.000000
3511		0.000000
3512		0.000000
3513		0.000000
3514		0.000000
3515		0.000000
3516		0.000000
3517		0.000000
3518		0.000000
3519		0.000000
3520		0.000000
3521		0.000000
3522		0.000000
3523		0.000000
3524		0.000000
3525		0.000000
3526		0.000000
3527		0.000000
3528		0.000000
3529		0.000000
3530		0.000000
3531		0.000000
3532		0.000000
3533		0.000000
3534		0.000000
3535		0.000000
3536		0.000000
3537		0.000000
3538		0.000000
3539		0.000000
3540		0.000000
3541		0.000000
3542		0.000000
3543		0.000000
3544		0.000000
3545		0.000000
3546		0.000000
3547		0.000000
3548		0.000000
3549		0.000000
3550		0.000000
3551		0.000000
3552		0.000000
3553		0.000000
3554		0.000000
3555		0.000000
3556		0.000000
3557		0.000000
3558		0.000000
3559		0.000000
3560		0.000000
3561		0.000000
3562		0.000000
3563		0.000000
3564		0.000000
3565		0.000000
3566		0.000000
3567		0.000000
3568		0.000000
3569		0.000000
3570		0.000000
3571		0.000000
3572		0.000000
3573		0.000000
3574		0.000000
3575		0.000000
3576		0.000000
3577		0.000000
3578		0.000000
3579		0.000000
3580		0.000000
3581		0.000000
3582		0.000000
3583		0.000000
3584		0.000000
3585		0.000000
3586		0.000000
3587		0.000000
3588		0.000000
3589		0.000000
3590		0.000000
3591		0.000000
3592		0.000000
3593		0.000000
3594		0.000000
3595		0.000000
3596		0.000000
3597		0.000000
3598		0.000000
3599		0.000000
3600		0.000000
3601		0.000000
3602		0.000000
3603		0.000000
3604		0.000000
3605		0.000000
3606		0.000000
3607		0.000000
3608		0.000000
3609		0.000000
3610		0.000000
3611		0.000000
3612		0.000000
3613		0.000000
3614		0.000000
3615		0.000000
3616		0.000000
3617		0.000000
3618		0.000000
3619		0.000000
3620		0.000000
3621		0.000000
3622		0.000000
3623		0.000000
3624		0.000000
3625		0.000000
3626		0.000000
3627		0.000000
3628		0.000000
3629		0.000000
3630		0.000000
3631		0.000000
3632		0.000000
3633		0.000000
3634		0.000000
3635		0.000000
3636		0.000000
3637		0.000000
3638		0.000000
3639		0.000000
3640		0.000000
3641		0.000000
3642		0.000000
3643		0.000000
3644		0.000000
3645		0.000000
3646		0.000000
3647		0.000000
3648		0.000000
3649		0.000000
3650		0.000000
3651		0.000000
3652		0.000000
3653		0.000000
3654		0.000000
3655		0.000000
3656		0.000000
3657		0.000000
3658		0.000000
3659		0.000000
3660		0.000000
3661		0.000000
3662		0.000000
3663		0.000000
3664		0.000000
3665		0.000000
3666		0.000000
3667		0.000000
3668		0.000000
3669		0.000000
3670		0.000000
3671		0.000000
3672		0.000000
3673		0.000000
3674		0.000000
3675		0.000000
3676		0.000000
3677		0.000000
3678		0.000000
3679		0.000000
3680		0.000000
3681		0.000000
3682		0.000000
3683		0.000000
3684		0.000000
3685		0.000000
3686		0.000000
3687		0.000000
3688		0.000000
3689		0.000000
3690		0.000000
3691		0.000000
3692		0.000000
3693		0.000000
3694		0.000000
3695		0.000000
3696		0.000000
3697		0.000000
3698		0.000000
3699		0.000000
3700		0.000000
3701		0.000000
3702		0.000000
3703		0.000000
3704		0.000000
3705		0.000000
3706		0.000000
3707		0.000000
3708		0.000000
3709		0.000000
3710		0.000000
3711		0.000000
3712		0.000000
3713		0.000000
3714		0.000000
3715		0.000000
3716		0.000000
3717		0.000000
3718		0.000000
3719		0.000000
3720		0.000000
3721		0.000000
3722		0.000000
3723		0.000000
3724		0.000000
3725		0.000000
3726		0.000000
3727		0.000000
3728		0.000000
3729		0.000000
3730		0.000000
3731		0.000000
3732		0.000000
3733		0.000000
3734		0.000000
3735		0.000000
3736		0.000000
3737		0.000000
3738		0.000000
3739		0.000000
3740		0.000000
3741		0.000000
3742		0.000000
3743		0.000000
3744		0.000000
3745		0.000000
3746		0.000000
3747		0.000000
3748		0.000000
3749		0.000000
3750		0.000000
3751		0.000000
3752		0.000000
3753		0.000000
3754		0.000000
3755		0.000000
3756		0.000000
3757		0.000000
3758		0.000000
3759		0.000000
3760		0.000000
3761		0.000000
3762		0.000000
3763		0.000000
3764		0.000000
3765		0.000000
3766		0.000000
3767		0.000000
3768		0.000000
3769		0.000000
3770		0.000000
3771		0.000000
3772		0.000000
3773		0.000000
3774		0.000000
3775		0.000000
3776		0.000000
3777		0.000000
3778		0.000000
3779		0.000000
3780		0.000000
3781		0.000000
3782		0.000000
3783		0.000000
3784		0.000000
3785		0.000000
3786		0.000000
3787		0.000000
3788		0.000000
3789		0.000000
3790		0.000000
3791		0.000000
3792		0.000000
3793		0.000000
3794		0.000000
3795		0.000000
3796		0.000000
3797		0.000000
3798		0.000000
3799		0.000000
3800		0.000000
3801		0.000000
3802		0.000000
3803		0.000000
3804		0.000000
3805		0.000000
3806		0.000000
3807		0.000000
3808		0.000000
3809		0.000000
3810		0.000000
3811		0.000000
3812		0.000000
3813		0.000000
3814		0.000000
3815		0.000000
3816		0.000000
3817		0.000000
3818		0.000000
3819		0.000000
3820		0.000000
3821		0.000000
3822		0.000000
3823		0.000000
3824		0.000000
3825		0.000000
3826		0.000000
3827		0.000000
3828		0.000000
3829		0.000000
3830		0.000000
3831		0.000000
3832		0.000000
3833		0.000000
3834		0.000000
3835		0.000000
3836		0.000000
3837		0.000000
3838		0.000000
3839		0.000000
3840		0.000000
3841		0.000000
3842		0.000000
3843		0.000000
3844		0.000000
3845		0.000000
3846		0.000000
3847		0.000000
3848		0.000000
3849		0.000000
3850		0.000000
3851		0.000000
3852		0.000000
3853		0.000000
3854		0.000000
3855		0.000000
3856		0.000000
3857		0.000000
3858		0.000000
3859		0.000000
3860		0.000000
3861		0.000000
3862		0.000000
3863		0.000000
3864		0.000000
3865		0.000000
3866		0.000000
3867		0.000000
3868		0.000000
3869		0.000000
3870		0.000000
3871		0.000000
3872		0.000000
3873		0.000000
3874		0.000000
3875		0.000000
3876		0.000000
3877		0.000000
3878		0.000000
3879		0.000000
3880		0.000000
3881		0.000000
3882		0.000000
3883		0.000000
3884		0.000000
3885		0.000000
3886		0.000000
3887		0.000000
3888		0.000000
3889		0.000000
3890		0.000000
3891		0.000000
3892		0.000000
3893		0.000000
3894		0.000000
3895		0.000000
3896		0.000000
3897		0.000000
3898		0.000000
3899		0.000000
3900		0.000000
3901		0.000000
3902		0.000000
3903		0.000000
3904		0.000000
3905		0.000000
3906		0.000000
3907		0.000000
3908		0.000000
3909		0.000000
3910		0.000000
3911		0.000000
3912		0.000000
3913		0.000000
3914		0.000000
3915		0.000000
3916		0.000000
3917		0.000000
3918		0.000000
3919		0.000000
3920		0.000000
3921		0.000000
3922		0.000000
3923		0.000000
3924		0.000000
3925		0.000000
3926		0.000000
3927		0.000000
3928		0.000000
3929		0.000000
3930		0.000000
3931		0.000000
3932		0.000000
3933		0.000000
3934		0.000000
3935		0.000000
3936		0.000000
3937		0.000000
3938		0.000000
3939		0.000000
3940		0.000000
3941		0.000000
3942		0.000000
3943		0.000000
3944		0.000000
3945		0.000000
3946		0.000000
3947		0.000000
3948		0.000000
3949		0.000000
3950		0.000000
3951		0.000000
3952		0.000000
3953		0.000000
3954		0.000000
3955		0.000000
3956		0.000000
3957		0.000000
3958		0.000000
3959		0.000000
3960		0.000000
3961		0.000000
3962		0.000000
3963		0.000000
3964		0.000000
3965		0.000000
3966		0.000000
3967		0.000000
3968		0.000000
3969		0.000000
3970		0.000000
3971		0.000000
3972		0.000000
3973		0.000000
3974		0.000000
3975		0.000000
3976		0.000000
3977		0.000000
3978		0.000000
3979		0.000000
3980		0.000000
3981		0.000000
3982		0.000000
3983		0.000000
3984		0.000000
3985		0.000000
3986		0.000000
3987		0.000000
3988		0.000000
3989		0.000000
3990		0.000000
3991		0.000000
3992		0.000000
3993		0.000000
3994		0.000000
3995		0.000000
3996		0.000000
3997		0.000000
3998		0.000000
3999		0.000000
4000		0.000000
4001		0.000000
4002		0.000000
4003		0.000000
4004		0.000000
4005		0.000000
4006		0.000000
4007		0.000000
4008		0.000000
4009		0.000000
4010		0.000000
4011		0.000000
4012		0.000000
4013		0.000000
4014		0.000000
4015		0.000000
4016		0.000000
4017		0.000000
4018		0.000000
4019		0.000000
4020		0.000000
4021		0.000000
4022		0.000000
4023		0.000000
4024		0.000000
4025		0.000000
4026		0.000000
4027		0.000000
4028		0.000000
4029		0.000000
4030		0.000000
4031		0.000000
4032		0.000000
4033		0.000000
4034		0.000000
4035		0.000000
4036		0.000000
4037		0.000000
4038		0.000000
4039		0.000000
4040		0.000000
4041		0.000000
4042		0.000000
4043		0.000000
4044		0.000000
4045		0.000000
4046		0.000000
4047		0.000000
4048		0.000000
4049		0.000000
4050		0.000000
4051		0.000000
4052		0.000000
4053		0.000000
4054		0.000000
4055		0.000000
4056		0.000000
4057		0.000000
4058		0.000000
4059		0.000000
4060		0.000000
4061		0.000000
4062		0.000000
4063		0.000000
4064		0.000000
4065		0.000000
4066		0.000000
4067		0.000000
4068		0.000000
4069		0.000000
4070		0.000000
4071		0.000000
4072		0.000000
4073		0.000000
4074		0.000000
4075		0.000000
4076		0.000000
4077		0.000000
4078		0.000000
4079		0.000000
4080		0.000000
4081		0.000000
4082		0.000000
4083		0.000000
4084		0.000000
4085		0.000000
4086		0.000000
4087		0.000000
4088		0.000000
4089		0.000000
4090		0.000000
4091		0.000000
4092		0.000000
4093		0.000000
4094		0.000000
4095		0.000000
