0		0.000000
1		0.000000
2		0.000000
3		0.000000
4		0.000000
5		0.000000
6		0.000000
7		0.000000
8		0.000000
9		0.000000
10		0.000000
11		0.000000
12		0.000000
13		0.000000
14		0.000000
15		0.000000
16		0.000000
17		0.000000
18		0.000000
19		0.000000
20		0.000000
21		0.000000
22		0.000000
23		0.000000
24		0.000000
25		0.000000
26		0.000000
27		0.000000
28		0.000000
29		0.000000
30		0.000000
31		0.000000
32		0.000000
33		0.000000
34		0.000000
35		0.000000
36		0.000000
37		0.000000
38		0.000000
39		0.000000
40		0.000000
41		0.000000
42		0.000000
43		0.000000
44		0.000000
45		0.000000
46		0.000000
47		0.000000
48		0.000000
49		0.000000
50		0.000000
51		0.000000
52		0.000000
53		0.000000
54		0.000000
55		0.000000
56		0.000000
57		0.000000
58		0.000000
59		0.000000
60		0.000000
61		0.000000
62		0.000000
63		0.000000
64		0.000000
65		0.000000
66		0.000000
67		0.000000
68		0.000000
69		0.000000
70		0.000000
71		0.000000
72		0.000000
73		0.000000
74		0.000000
75		0.000000
76		0.000000
77		0.000000
78		0.000000
79		0.000000
80		0.000000
81		0.000000
82		0.000000
83		0.000000
84		0.000000
85		0.000000
86		0.000000
87		0.000000
88		0.000000
89		0.000000
90		0.000000
91		0.000000
92		0.000000
93		0.000000
94		0.000000
95		0.000000
96		0.000000
97		0.000000
98		0.000000
99		0.000000
100		0.000000
101		0.000000
102		0.000000
103		0.000000
104		0.000000
105		0.000000
106		0.000000
107		0.000000
108		0.000000
109		40813.195312
110		4753.729004
111		93.141747
112		77.585716
113		85.752632
114		89.836090
115		96.447403
116		83.419228
117		84.002579
118		86.141533
119		86.141533
120		93.919548
121		87.891586
122		97.030754
123		94.113998
124		90.224991
125		88.669388
126		90.613892
127		89.058289
128		94.891800
129		93.725098
130		97.030754
131		95.280701
132		93.919548
133		94.502899
134		93.336197
135		95.086250
136		99.169708
137		99.364159
138		106.169922
139		102.864265
140		100.141960
141		103.642067
142		103.836517
143		94.891800
144		104.225418
145		105.781021
146		102.280914
147		101.308662
148		112.975685
149		108.892227
150		106.558823
151		110.642281
152		116.475800
153		111.808983
154		106.947723
155		113.947945
156		115.114647
157		122.698212
158		118.614754
159		120.753708
160		129.309525
161		123.476013
162		131.448471
163		130.865128
164		133.976334
165		133.976334
166		132.615173
167		131.837372
168		139.615402
169		133.976334
170		139.226501
171		128.337265
172		142.921051
173		137.281998
174		133.392975
175		148.949020
176		140.587646
177		137.087540
178		145.254456
179		141.171005
180		143.115509
181		148.171219
182		140.782104
183		147.004517
184		145.060013
185		139.809845
186		145.254456
187		143.115509
188		154.004730
189		147.587860
190		159.838242
191		161.977188
192		168.782959
193		177.727676
194		175.394272
195		172.088608
196		181.227783
197		174.616470
198		182.977844
199		169.366302
200		165.477295
201		175.199814
202		179.866623
203		186.089050
204		181.811127
205		189.978058
206		180.644424
207		170.338562
208		173.838669
209		168.977402
210		164.699493
211		174.422012
212		169.560760
213		164.505051
214		161.977188
215		152.838028
216		159.060440
217		162.171646
218		154.976974
219		145.837814
220		149.726822
221		150.504623
222		145.060013
223		149.337921
224		147.198959
225		136.698639
226		140.976547
227		145.837814
228		146.032257
229		138.643143
230		144.282211
231		130.476227
232		133.587433
233		124.059364
234		138.448700
235		144.087753
236		124.642715
237		132.809631
238		139.032043
239		124.837166
240		133.976334
241		128.337265
242		125.031616
243		131.448471
244		125.809418
245		128.142822
246		121.920410
247		120.559258
248		120.559258
249		126.392769
250		119.392555
251		121.920410
252		120.559258
253		120.948158
254		119.587006
255		114.725746
256		122.309311
257		121.337059
258		116.086899
259		115.892448
260		114.142395
261		120.753708
262		117.836952
263		118.614754
264		121.531509
265		118.031403
266		119.781456
267		107.142174
268		120.170357
269		112.975685
270		125.614967
271		119.392555
272		111.420082
273		112.003433
274		115.503548
275		109.086678
276		118.809204
277		111.420082
278		109.086678
279		109.281128
280		123.281563
281		121.531509
282		119.392555
283		121.142609
284		115.892448
285		113.364586
286		112.975685
287		106.947723
288		112.003433
289		125.031616
290		122.892662
291		112.392334
292		104.225418
293		116.086899
294		116.086899
295		107.336624
296		116.086899
297		117.836952
298		113.364586
299		120.948158
300		114.920197
301		112.975685
302		110.253380
303		103.642067
304		112.003433
305		105.003220
306		113.364586
307		113.170135
308		114.920197
309		118.031403
310		112.392334
311		117.059151
312		114.142395
313		108.503326
314		120.753708
315		329.982361
316		385.789612
317		130.476227
318		102.086464
319		111.808983
320		115.503548
321		107.725525
322		104.419868
323		110.253380
324		117.253601
325		111.420082
326		103.836517
327		110.642281
328		107.142174
329		103.642067
330		108.114426
331		106.947723
332		111.614532
333		112.586784
334		102.086464
335		114.920197
336		111.614532
337		113.753487
338		114.920197
339		104.030968
340		114.142395
341		111.614532
342		113.559036
343		103.058716
344		109.086678
345		106.947723
346		109.864479
347		111.225632
348		114.920197
349		113.364586
350		108.503326
351		113.170135
352		110.642281
353		117.253601
354		114.142395
355		110.253380
356		111.031181
357		116.281349
358		123.281563
359		116.864700
360		117.642502
361		119.587006
362		114.336845
363		109.864479
364		114.531296
365		112.781235
366		112.003433
367		119.781456
368		122.503761
369		117.642502
370		122.503761
371		124.837166
372		119.392555
373		116.281349
374		115.697998
375		124.837166
376		133.587433
377		124.837166
378		127.170570
379		123.087112
380		123.476013
381		120.364807
382		119.781456
383		119.781456
384		116.281349
385		130.281769
386		121.920410
387		123.864914
388		123.087112
389		127.559471
390		130.670670
391		129.503967
392		137.087540
393		120.948158
394		134.754135
395		128.531723
396		134.754135
397		135.920837
398		141.754349
399		139.420944
400		135.337479
401		147.198959
402		144.476654
403		139.032043
404		135.531937
405		144.476654
406		156.338135
407		129.115067
408		125.809418
409		130.865128
410		122.892662
411		122.309311
412		122.892662
413		122.309311
414		122.698212
415		124.642715
416		126.976120
417		117.448051
418		122.309311
419		120.364807
420		121.142609
421		113.559036
422		121.725960
423		127.365021
424		114.531296
425		119.975906
426		121.531509
427		110.447830
428		116.475800
429		124.642715
430		122.309311
431		120.753708
432		126.392769
433		119.198105
434		119.587006
435		128.920624
436		116.864700
437		122.698212
438		118.031403
439		118.031403
440		125.809418
441		125.809418
442		115.503548
443		117.642502
444		121.142609
445		119.781456
446		133.004074
447		125.809418
448		126.587219
449		132.226273
450		142.532150
451		126.392769
452		126.976120
453		103.058716
454		110.447830
455		107.336624
456		107.142174
457		94.891800
458		100.141960
459		100.141960
460		90.030540
461		94.502899
462		98.975258
463		88.474937
464		93.530647
465		85.947083
466		85.169281
467		93.141747
468		96.447403
469		85.169281
470		93.141747
471		85.752632
472		91.975044
473		86.141533
474		86.530434
475		88.086037
476		90.613892
477		92.363945
478		85.947083
479		81.669174
480		73.891159
481		72.141106
482		75.835663
483		81.280273
484		83.419228
485		77.974617
486		92.947296
487		715.966431
488		2586.190430
489		1608.104858
490		206.506332
491		70.974403
492		72.724457
493		74.474510
494		66.890938
495		73.891159
496		81.863625
497		77.974617
498		85.169281
499		75.835663
500		68.835449
501		68.057640
502		62.224133
503		61.835232
504		63.585285
505		58.140675
506		61.057430
507		62.418583
508		67.085388
509		59.696278
510		64.751984
511		61.057430
512		62.224133
513		62.807484
514		70.779953
515		61.835232
516		63.779736
517		63.001934
518		60.474079
519		64.557533
520		59.890728
521		65.140884
522		65.529785
523		60.862980
524		63.974186
525		66.113136
526		60.085178
527		55.612816
528		59.890728
529		64.946434
530		63.196384
531		74.474510
532		67.085388
533		74.863411
534		378.594940
535		2430.435791
536		3067.455322
537		696.715820
538		80.113571
539		57.557323
540		54.835014
541		56.390617
542		59.501827
543		60.474079
544		58.724026
545		53.473862
546		64.168633
547		57.946224
548		57.168423
549		59.501827
550		60.862980
551		60.862980
552		59.112926
553		61.446331
554		73.307808
555		88.474937
556		73.113358
557		59.890728
558		62.807484
559		63.974186
560		62.613033
561		58.529575
562		55.223915
563		62.224133
564		62.224133
565		69.029900
566		61.251881
567		66.890938
568		64.168633
569		64.751984
570		66.307587
571		63.001934
572		64.751984
573		64.946434
574		63.585285
575		63.001934
576		64.751984
577		59.307377
578		62.807484
579		59.890728
580		62.029682
581		60.668530
582		67.668739
583		57.168423
584		62.029682
585		63.974186
586		61.251881
587		66.502037
588		67.279839
589		60.279629
590		70.974403
591		62.807484
592		62.029682
593		64.557533
594		56.390617
595		63.585285
596		63.585285
597		63.974186
598		63.196384
599		68.252090
600		64.751984
601		61.835232
602		71.363304
603		59.890728
604		63.390835
605		61.446331
606		60.862980
607		68.446548
608		68.640999
609		60.085178
610		63.585285
611		60.668530
612		57.946224
613		56.390617
614		67.668739
615		63.974186
616		71.752205
617		68.640999
618		63.196384
619		63.585285
620		62.029682
621		64.946434
622		66.113136
623		65.529785
624		62.224133
625		67.085388
626		64.363083
627		67.085388
628		57.168423
629		64.946434
630		62.224133
631		69.224350
632		71.946655
633		65.140884
634		64.751984
635		71.752205
636		66.696487
637		72.335556
638		61.251881
639		70.002151
640		73.307808
641		62.418583
642		63.779736
643		67.863190
644		69.613251
645		62.029682
646		65.529785
647		59.501827
648		66.113136
649		64.946434
650		63.390835
651		64.363083
652		67.474289
653		66.113136
654		64.168633
655		65.529785
656		63.390835
657		69.029900
658		68.835449
659		64.557533
660		59.696278
661		65.918686
662		70.585503
663		63.585285
664		64.557533
665		58.918476
666		65.140884
667		63.001934
668		67.279839
669		64.751984
670		67.863190
671		60.862980
672		64.363083
673		70.002151
674		70.585503
675		65.918686
676		61.446331
677		71.946655
678		66.890938
679		66.502037
680		67.474289
681		62.029682
682		71.363304
683		67.863190
684		62.029682
685		65.140884
686		66.890938
687		70.974403
688		67.863190
689		70.391052
690		65.529785
691		63.779736
692		67.474289
693		66.307587
694		74.474510
695		82.835876
696		78.946869
697		67.668739
698		74.085609
699		62.418583
700		73.502258
701		71.363304
702		84.780380
703		112.586784
704		138.448700
705		126.392769
706		89.447189
707		74.085609
708		72.724457
709		72.141106
710		72.141106
711		74.474510
712		70.196602
713		67.085388
714		65.335335
715		76.224564
716		64.363083
717		68.057640
718		79.530220
719		75.057861
720		79.724670
721		75.835663
722		68.446548
723		76.807915
724		66.113136
725		77.585716
726		79.335770
727		71.946655
728		72.141106
729		73.502258
730		80.891373
731		74.085609
732		78.169067
733		79.335770
734		79.141319
735		68.057640
736		74.085609
737		81.669174
738		80.113571
739		75.252312
740		75.446762
741		81.085823
742		86.919334
743		96.252953
744		83.224777
745		81.669174
746		84.780380
747		77.974617
748		77.780167
749		81.863625
750		77.780167
751		80.891373
752		76.419014
753		79.141319
754		73.307808
755		74.280060
756		82.252525
757		82.835876
758		76.030113
759		81.669174
760		92.558395
761		137.670898
762		182.783386
763		126.781670
764		86.530434
765		85.558182
766		82.641426
767		81.280273
768		84.585930
769		83.613678
770		88.280487
771		83.030327
772		80.891373
773		92.752846
774		86.530434
775		88.474937
776		89.058289
777		89.836090
778		82.835876
779		85.363731
780		92.947296
781		88.280487
782		91.002792
783		80.502472
784		89.252739
785		88.086037
786		96.836304
787		85.363731
788		89.058289
789		86.335983
790		95.864052
791		86.335983
792		93.336197
793		94.308449
794		95.280701
795		91.197243
796		96.836304
797		85.752632
798		102.669815
799		95.280701
800		104.030968
801		96.252953
802		108.892227
803		92.558395
804		98.197456
805		99.947510
806		102.086464
807		105.392120
808		100.725311
809		113.364586
810		108.114426
811		101.697563
812		104.614319
813		104.614319
814		110.642281
815		110.447830
816		114.336845
817		108.697777
818		118.809204
819		102.280914
820		97.225204
821		96.836304
822		95.669601
823		88.669388
824		97.808556
825		98.780807
826		93.919548
827		95.086250
828		98.586357
829		96.641853
830		91.197243
831		94.891800
832		93.725098
833		94.308449
834		93.919548
835		85.558182
836		94.891800
837		91.197243
838		84.197029
839		84.585930
840		89.447189
841		87.113785
842		91.391693
843		90.224991
844		83.224777
845		90.808342
846		83.613678
847		89.641640
848		85.558182
849		91.975044
850		80.113571
851		85.752632
852		90.030540
853		89.058289
854		86.335983
855		80.502472
856		88.474937
857		84.780380
858		76.613464
859		84.585930
860		85.169281
861		80.113571
862		80.696922
863		84.197029
864		85.558182
865		81.280273
866		78.946869
867		83.808128
868		80.696922
869		86.335983
870		77.196815
871		92.558395
872		80.113571
873		92.947296
874		82.446976
875		83.030327
876		79.141319
877		63.974186
878		62.807484
879		62.029682
880		66.113136
881		59.890728
882		59.307377
883		70.974403
884		57.751774
885		62.807484
886		62.418583
887		64.946434
888		65.335335
889		68.835449
890		63.196384
891		65.335335
892		61.835232
893		61.446331
894		56.973972
895		59.112926
896		57.168423
897		54.640564
898		59.696278
899		53.668312
900		57.946224
901		57.557323
902		54.835014
903		47.445900
904		56.973972
905		51.334908
906		52.696060
907		63.390835
908		158.282639
909		608.824219
910		1405.487549
911		1734.108765
912		1060.532593
913		369.455780
914		183.755646
915		212.145401
916		140.976547
917		69.418800
918		51.723808
919		44.529144
920		43.751343
921		45.890297
922		45.890297
923		42.973541
924		46.473648
925		43.945793
926		47.056999
927		45.306946
928		45.501396
929		41.612389
930		43.751343
931		42.973541
932		43.751343
933		42.001289
934		46.473648
935		58.724026
936		63.196384
937		49.001503
938		36.945580
939		40.445686
940		43.167992
941		40.640137
942		37.334480
943		48.418152
944		39.278984
945		41.806839
946		38.501183
947		44.529144
948		41.612389
949		39.862335
950		39.667885
951		40.834587
952		42.779091
953		40.056786
954		41.223488
955		41.029037
956		41.223488
957		38.501183
958		41.417938
959		39.667885
960		42.390190
961		39.473434
962		36.556679
963		38.695633
964		46.084747
965		43.751343
966		84.197029
967		470.181091
968		1380.208984
969		1589.826538
970		698.854797
971		154.199173
972		46.862549
973		37.140030
974		42.779091
975		36.362228
976		48.807053
977		41.806839
978		42.390190
979		42.584641
980		41.417938
981		40.445686
982		40.640137
983		39.862335
984		40.251236
985		47.056999
986		39.278984
987		44.140244
988		39.862335
989		39.667885
990		40.834587
991		38.890083
992		39.667885
993		43.751343
994		35.778877
995		46.473648
996		46.279198
997		47.056999
998		46.473648
999		46.084747
1000		44.918045
1001		42.001289
1002		41.806839
1003		44.918045
1004		43.167992
1005		41.417938
1006		40.056786
1007		43.362442
1008		39.667885
1009		46.668098
1010		41.223488
1011		48.223701
1012		38.306732
1013		40.251236
1014		39.278984
1015		42.973541
1016		42.779091
1017		42.584641
1018		45.306946
1019		43.556892
1020		44.918045
1021		42.779091
1022		40.834587
1023		43.556892
1024		46.473648
1025		39.278984
1026		44.529144
1027		39.862335
1028		42.973541
1029		40.834587
1030		38.501183
1031		44.140244
1032		48.029251
1033		40.056786
1034		42.195740
1035		45.695847
1036		40.056786
1037		39.862335
1038		44.918045
1039		41.417938
1040		45.695847
1041		43.556892
1042		40.640137
1043		44.529144
1044		40.834587
1045		37.917831
1046		46.279198
1047		42.195740
1048		43.945793
1049		40.640137
1050		44.529144
1051		40.640137
1052		39.278984
1053		45.112495
1054		42.390190
1055		39.667885
1056		44.918045
1057		41.029037
1058		41.223488
1059		44.529144
1060		42.390190
1061		47.251450
1062		43.945793
1063		46.473648
1064		46.084747
1065		41.806839
1066		44.529144
1067		45.890297
1068		44.723595
1069		38.112282
1070		40.834587
1071		44.334694
1072		43.167992
1073		44.334694
1074		42.390190
1075		45.306946
1076		42.001289
1077		46.862549
1078		40.640137
1079		41.806839
1080		45.890297
1081		42.973541
1082		43.751343
1083		44.529144
1084		51.918259
1085		36.556679
1086		39.084534
1087		36.362228
1088		40.251236
1089		43.167992
1090		39.667885
1091		37.723381
1092		36.167778
1093		40.056786
1094		36.362228
1095		39.278984
1096		39.862335
1097		39.473434
1098		42.195740
1099		35.584427
1100		38.695633
1101		42.001289
1102		37.140030
1103		37.917831
1104		38.306732
1105		43.362442
1106		38.501183
1107		42.390190
1108		40.834587
1109		37.528931
1110		35.001076
1111		36.556679
1112		38.890083
1113		43.362442
1114		38.112282
1115		35.195526
1116		38.695633
1117		42.973541
1118		42.584641
1119		41.223488
1120		42.779091
1121		42.973541
1122		42.001289
1123		32.084316
1124		36.556679
1125		40.640137
1126		37.917831
1127		38.695633
1128		38.306732
1129		40.640137
1130		37.917831
1131		42.390190
1132		38.306732
1133		40.251236
1134		40.251236
1135		41.029037
1136		39.473434
1137		36.556679
1138		41.223488
1139		36.945580
1140		48.418152
1141		78.557968
1142		113.753487
1143		111.225632
1144		70.585503
1145		50.168205
1146		39.473434
1147		44.918045
1148		38.695633
1149		41.029037
1150		40.640137
1151		42.195740
1152		42.973541
1153		44.140244
1154		38.890083
1155		44.529144
1156		41.417938
1157		39.667885
1158		37.334480
1159		40.251236
1160		40.640137
1161		43.556892
1162		40.640137
1163		39.278984
1164		38.306732
1165		34.806625
1166		39.667885
1167		37.723381
1168		42.584641
1169		38.306732
1170		38.112282
1171		38.501183
1172		39.862335
1173		46.279198
1174		39.473434
1175		47.056999
1176		45.695847
1177		43.556892
1178		35.584427
1179		41.612389
1180		37.723381
1181		42.390190
1182		40.834587
1183		38.695633
1184		40.251236
1185		41.806839
1186		41.029037
1187		44.529144
1188		44.723595
1189		49.584854
1190		46.084747
1191		38.695633
1192		41.417938
1193		43.167992
1194		45.501396
1195		39.473434
1196		42.195740
1197		41.612389
1198		42.001289
1199		46.473648
1200		41.417938
1201		38.306732
1202		46.473648
1203		49.779305
1204		41.223488
1205		45.890297
1206		42.001289
1207		46.084747
1208		46.668098
1209		42.195740
1210		40.251236
1211		43.556892
1212		36.751129
1213		45.890297
1214		44.334694
1215		42.973541
1216		41.612389
1217		46.084747
1218		40.056786
1219		44.723595
1220		40.445686
1221		45.306946
1222		40.251236
1223		43.362442
1224		43.362442
1225		42.195740
1226		44.723595
1227		41.223488
1228		44.918045
1229		48.029251
1230		41.417938
1231		43.751343
1232		41.417938
1233		42.001289
1234		42.390190
1235		45.306946
1236		47.640350
1237		49.584854
1238		43.556892
1239		46.668098
1240		43.362442
1241		43.362442
1242		49.779305
1243		46.084747
1244		42.390190
1245		49.195953
1246		45.501396
1247		40.251236
1248		42.584641
1249		48.612602
1250		42.973541
1251		47.834801
1252		43.556892
1253		42.779091
1254		49.001503
1255		43.362442
1256		43.751343
1257		39.862335
1258		39.278984
1259		36.751129
1260		37.334480
1261		39.278984
1262		35.778877
1263		36.945580
1264		45.112495
1265		33.251019
1266		37.917831
1267		36.751129
1268		32.473217
1269		37.140030
1270		35.389977
1271		32.473217
1272		31.695417
1273		36.945580
1274		32.862118
1275		32.084316
1276		32.278767
1277		34.223274
1278		32.473217
1279		34.223274
1280		35.778877
1281		35.389977
1282		31.695417
1283		33.251019
1284		26.250805
1285		33.251019
1286		28.195309
1287		33.639919
1288		44.918045
1289		85.363731
1290		110.058929
1291		96.641853
1292		57.946224
1293		36.362228
1294		28.389759
1295		25.278553
1296		27.611958
1297		27.223057
1298		27.806408
1299		30.917616
1300		25.861904
1301		28.000858
1302		29.556463
1303		27.417507
1304		24.695202
1305		21.195095
1306		23.139599
1307		22.556248
1308		26.056355
1309		22.361797
1310		22.361797
1311		25.084103
1312		24.500751
1313		20.417294
1314		17.500538
1315		19.833942
1316		23.139599
1317		20.806194
1318		20.028393
1319		16.139383
1320		21.389545
1321		16.917185
1322		22.556248
1323		26.250805
1324		20.611744
1325		21.389545
1326		19.056141
1327		15.556033
1328		18.861691
1329		20.222843
1330		19.639492
1331		17.111637
1332		19.056141
1333		16.722734
1334		23.722950
1335		29.556463
1336		59.501827
1337		122.698212
1338		127.365021
1339		77.585716
1340		33.834370
1341		18.083889
1342		19.056141
1343		16.917185
1344		13.028177
1345		21.000645
1346		48.612602
1347		159.254883
1348		375.678192
1349		553.211426
1350		447.430389
1351		210.200897
1352		61.446331
1353		22.945148
1354		13.805979
1355		17.694988
1356		15.167132
1357		18.861691
1358		15.556033
1359		17.500538
1360		15.361583
1361		25.473003
1362		22.361797
1363		24.889652
1364		19.445042
1365		17.111637
1366		16.917185
1367		17.694988
1368		18.278339
1369		12.055925
1370		15.167132
1371		12.444826
1372		17.111637
1373		14.778232
1374		15.361583
1375		13.805979
1376		12.639277
1377		14.389331
1378		17.889439
1379		15.750484
1380		15.361583
1381		15.167132
1382		15.167132
1383		15.361583
1384		15.750484
1385		15.944934
1386		13.417078
1387		14.194880
1388		12.833727
1389		16.333834
1390		14.389331
1391		17.694988
1392		18.278339
1393		28.389759
1394		66.307587
1395		99.947510
1396		97.808556
1397		60.474079
1398		27.223057
1399		16.139383
1400		14.194880
1401		13.611528
1402		12.833727
1403		11.667025
1404		14.972682
1405		15.556033
1406		14.583781
1407		15.556033
1408		13.417078
1409		12.444826
1410		12.639277
1411		15.167132
1412		16.722734
1413		14.778232
1414		14.194880
1415		17.889439
1416		17.111637
1417		13.805979
1418		17.111637
1419		14.000429
1420		16.333834
1421		12.833727
1422		14.000429
1423		13.611528
1424		15.167132
1425		12.639277
1426		15.944934
1427		13.805979
1428		18.278339
1429		13.028177
1430		15.944934
1431		16.139383
1432		15.750484
1433		17.111637
1434		11.667025
1435		18.083889
1436		14.194880
1437		15.750484
1438		12.833727
1439		15.167132
1440		11.861475
1441		17.111637
1442		15.556033
1443		12.444826
1444		13.028177
1445		14.389331
1446		17.694988
1447		12.250376
1448		14.583781
1449		10.694773
1450		11.472574
1451		12.833727
1452		13.417078
1453		10.694773
1454		13.028177
1455		14.583781
1456		12.250376
1457		14.194880
1458		15.167132
1459		13.805979
1460		14.778232
1461		14.194880
1462		12.444826
1463		14.194880
1464		14.389331
1465		14.972682
1466		13.805979
1467		14.778232
1468		14.972682
1469		14.000429
1470		12.639277
1471		14.000429
1472		12.833727
1473		11.083673
1474		11.667025
1475		16.333834
1476		10.694773
1477		15.167132
1478		13.028177
1479		14.583781
1480		17.306087
1481		13.805979
1482		11.083673
1483		12.639277
1484		11.861475
1485		14.778232
1486		13.611528
1487		11.472574
1488		13.417078
1489		13.417078
1490		10.305872
1491		14.778232
1492		12.250376
1493		12.250376
1494		14.972682
1495		13.805979
1496		13.417078
1497		16.528284
1498		14.000429
1499		14.583781
1500		13.417078
1501		13.611528
1502		13.222628
1503		16.528284
1504		15.556033
1505		14.389331
1506		14.389331
1507		15.556033
1508		10.694773
1509		14.194880
1510		15.167132
1511		15.556033
1512		12.833727
1513		10.500322
1514		12.639277
1515		11.861475
1516		10.500322
1517		12.250376
1518		9.333620
1519		11.278124
1520		10.500322
1521		10.694773
1522		12.639277
1523		12.444826
1524		10.111422
1525		10.111422
1526		13.222628
1527		13.028177
1528		10.694773
1529		10.500322
1530		12.639277
1531		9.916971
1532		12.833727
1533		10.111422
1534		10.111422
1535		13.805979
1536		11.472574
1537		11.861475
1538		11.861475
1539		10.111422
1540		12.055925
1541		10.500322
1542		12.055925
1543		11.472574
1544		11.472574
1545		10.889223
1546		10.111422
1547		12.250376
1548		11.667025
1549		8.555819
1550		10.305872
1551		10.889223
1552		12.055925
1553		12.055925
1554		11.278124
1555		15.167132
1556		12.833727
1557		12.055925
1558		12.833727
1559		13.028177
1560		11.278124
1561		10.694773
1562		11.083673
1563		11.083673
1564		16.528284
1565		15.750484
1566		18.861691
1567		32.084316
1568		41.223488
1569		43.167992
1570		31.112066
1571		20.222843
1572		15.750484
1573		13.222628
1574		11.278124
1575		12.639277
1576		12.833727
1577		14.389331
1578		11.667025
1579		10.889223
1580		11.861475
1581		11.083673
1582		10.694773
1583		12.833727
1584		12.833727
1585		9.722521
1586		12.639277
1587		9.722521
1588		10.111422
1589		10.694773
1590		12.833727
1591		11.861475
1592		7.583566
1593		12.639277
1594		10.889223
1595		11.667025
1596		11.472574
1597		13.611528
1598		10.500322
1599		11.472574
1600		11.472574
1601		15.361583
1602		10.305872
1603		11.861475
1604		11.083673
1605		12.250376
1606		10.500322
1607		11.667025
1608		9.916971
1609		12.250376
1610		9.722521
1611		13.222628
1612		10.889223
1613		11.472574
1614		10.500322
1615		10.305872
1616		12.639277
1617		10.305872
1618		12.250376
1619		11.083673
1620		10.500322
1621		9.916971
1622		12.639277
1623		11.278124
1624		12.250376
1625		13.028177
1626		11.083673
1627		11.278124
1628		9.139170
1629		9.916971
1630		11.667025
1631		12.639277
1632		11.472574
1633		10.305872
1634		11.472574
1635		10.889223
1636		10.305872
1637		10.500322
1638		11.472574
1639		11.083673
1640		10.111422
1641		10.111422
1642		10.305872
1643		9.722521
1644		10.111422
1645		9.916971
1646		11.083673
1647		12.833727
1648		8.750269
1649		12.250376
1650		8.361367
1651		7.972467
1652		10.500322
1653		10.500322
1654		10.305872
1655		13.417078
1656		9.333620
1657		11.083673
1658		12.444826
1659		11.861475
1660		9.722521
1661		13.028177
1662		12.250376
1663		12.639277
1664		11.278124
1665		12.833727
1666		8.944719
1667		10.694773
1668		11.472574
1669		12.444826
1670		9.528070
1671		11.667025
1672		12.055925
1673		10.694773
1674		12.444826
1675		10.694773
1676		11.083673
1677		10.111422
1678		8.555819
1679		9.916971
1680		11.278124
1681		7.972467
1682		10.111422
1683		7.389116
1684		8.750269
1685		10.889223
1686		8.944719
1687		8.750269
1688		8.750269
1689		8.555819
1690		8.555819
1691		10.694773
1692		10.889223
1693		10.305872
1694		9.139170
1695		9.528070
1696		8.750269
1697		7.972467
1698		10.694773
1699		7.583566
1700		7.000215
1701		9.528070
1702		9.139170
1703		9.139170
1704		7.583566
1705		6.416863
1706		9.333620
1707		6.416863
1708		6.805764
1709		8.166917
1710		8.555819
1711		6.611314
1712		4.083458
1713		6.027963
1714		10.305872
1715		7.778017
1716		9.139170
1717		8.944719
1718		6.416863
1719		7.194665
1720		6.222413
1721		6.611314
1722		4.861260
1723		5.833512
1724		7.194665
1725		4.277909
1726		5.639062
1727		4.861260
1728		6.027963
1729		3.500107
1730		5.444612
1731		3.500107
1732		4.277909
1733		4.472360
1734		3.500107
1735		3.889008
1736		3.111207
1737		6.222413
1738		5.250161
1739		5.055711
1740		3.500107
1741		4.472360
1742		4.861260
1743		5.250161
1744		3.500107
1745		3.500107
1746		3.694558
1747		5.250161
1748		4.472360
1749		3.889008
1750		3.694558
1751		4.666810
1752		3.889008
1753		3.889008
1754		4.083458
1755		3.694558
1756		4.666810
1757		4.083458
1758		5.055711
1759		3.305657
1760		3.889008
1761		4.277909
1762		3.111207
1763		4.861260
1764		2.722306
1765		4.083458
1766		3.889008
1767		7.000215
1768		15.361583
1769		25.861904
1770		43.751343
1771		49.001503
1772		39.278984
1773		39.473434
1774		61.251881
1775		83.224777
1776		82.835876
1777		50.168205
1778		23.917400
1779		9.916971
1780		3.111207
1781		4.277909
1782		2.527855
1783		3.500107
1784		4.666810
1785		2.333405
1786		2.138955
1787		3.111207
1788		2.916756
1789		1.944504
1790		3.889008
1791		2.722306
1792		2.527855
1793		2.527855
1794		2.916756
1795		4.083458
1796		2.527855
1797		3.305657
1798		3.694558
1799		3.111207
1800		3.500107
1801		1.361153
1802		2.916756
1803		2.138955
1804		2.527855
1805		2.527855
1806		4.083458
1807		3.889008
1808		2.916756
1809		3.305657
1810		3.111207
1811		3.111207
1812		3.694558
1813		2.333405
1814		1.944504
1815		3.694558
1816		3.111207
1817		4.861260
1818		3.305657
1819		2.138955
1820		2.333405
1821		3.111207
1822		4.277909
1823		1.750054
1824		3.305657
1825		3.111207
1826		3.500107
1827		3.111207
1828		2.722306
1829		4.277909
1830		2.138955
1831		3.305657
1832		2.722306
1833		2.333405
1834		4.472360
1835		1.750054
1836		3.500107
1837		3.111207
1838		4.083458
1839		2.527855
1840		2.527855
1841		1.361153
1842		1.944504
1843		3.889008
1844		2.333405
1845		3.305657
1846		3.500107
1847		2.722306
1848		4.083458
1849		2.333405
1850		2.722306
1851		2.916756
1852		3.694558
1853		2.916756
1854		2.138955
1855		2.916756
1856		3.111207
1857		2.722306
1858		3.500107
1859		2.527855
1860		2.527855
1861		3.111207
1862		4.277909
1863		3.694558
1864		2.916756
1865		1.944504
1866		2.138955
1867		1.361153
1868		2.916756
1869		3.889008
1870		2.722306
1871		3.500107
1872		3.889008
1873		2.333405
1874		3.111207
1875		5.639062
1876		3.694558
1877		1.944504
1878		3.500107
1879		2.722306
1880		3.889008
1881		3.305657
1882		2.333405
1883		2.333405
1884		2.722306
1885		3.111207
1886		3.305657
1887		3.889008
1888		2.527855
1889		2.916756
1890		2.722306
1891		2.722306
1892		2.722306
1893		1.944504
1894		2.722306
1895		2.527855
1896		2.722306
1897		3.111207
1898		1.944504
1899		2.722306
1900		2.916756
1901		3.111207
1902		1.166703
1903		3.111207
1904		2.527855
1905		1.750054
1906		2.527855
1907		1.944504
1908		3.500107
1909		2.138955
1910		2.333405
1911		3.305657
1912		1.944504
1913		3.111207
1914		1.555603
1915		1.944504
1916		2.527855
1917		1.944504
1918		1.750054
1919		1.944504
1920		1.944504
1921		1.750054
1922		1.750054
1923		2.916756
1924		2.138955
1925		3.111207
1926		2.722306
1927		3.305657
1928		1.750054
1929		2.916756
1930		1.166703
1931		2.722306
1932		2.722306
1933		2.333405
1934		2.333405
1935		1.750054
1936		3.111207
1937		1.750054
1938		3.500107
1939		1.555603
1940		1.361153
1941		1.944504
1942		2.722306
1943		3.305657
1944		5.444612
1945		3.889008
1946		4.277909
1947		1.750054
1948		1.555603
1949		3.305657
1950		2.527855
1951		2.527855
1952		3.111207
1953		2.527855
1954		1.944504
1955		2.527855
1956		1.166703
1957		1.166703
1958		2.527855
1959		2.722306
1960		3.500107
1961		1.750054
1962		2.333405
1963		2.916756
1964		1.555603
1965		1.555603
1966		1.555603
1967		2.333405
1968		2.138955
1969		2.527855
1970		2.916756
1971		1.944504
1972		1.750054
1973		1.944504
1974		2.916756
1975		1.361153
1976		2.333405
1977		2.722306
1978		1.750054
1979		1.555603
1980		2.916756
1981		2.138955
1982		0.972252
1983		1.944504
1984		2.916756
1985		1.750054
1986		3.111207
1987		2.138955
1988		1.944504
1989		1.944504
1990		2.138955
1991		1.750054
1992		2.333405
1993		3.305657
1994		1.750054
1995		0.972252
1996		1.750054
1997		2.333405
1998		1.944504
1999		1.555603
2000		2.138955
2001		1.750054
2002		2.333405
2003		2.138955
2004		1.555603
2005		1.166703
2006		1.361153
2007		1.555603
2008		0.972252
2009		1.361153
2010		1.166703
2011		1.944504
2012		1.944504
2013		2.916756
2014		1.944504
2015		1.750054
2016		3.111207
2017		1.166703
2018		1.750054
2019		1.944504
2020		2.722306
2021		2.527855
2022		1.944504
2023		2.333405
2024		1.750054
2025		1.555603
2026		2.138955
2027		1.361153
2028		2.138955
2029		1.944504
2030		1.944504
2031		1.750054
2032		0.972252
2033		1.944504
2034		2.333405
2035		1.944504
2036		1.555603
2037		2.333405
2038		2.527855
2039		1.555603
2040		2.138955
2041		1.166703
2042		1.944504
2043		2.138955
2044		2.333405
2045		1.750054
2046		2.138955
2047		1.750054
2048		1.166703
2049		1.166703
2050		0.972252
2051		2.138955
2052		1.555603
2053		0.583351
2054		1.555603
2055		1.361153
2056		3.305657
2057		1.944504
2058		1.361153
2059		1.555603
2060		1.944504
2061		1.555603
2062		1.750054
2063		1.750054
2064		1.361153
2065		1.555603
2066		2.527855
2067		1.361153
2068		1.166703
2069		1.555603
2070		1.361153
2071		1.750054
2072		2.138955
2073		0.972252
2074		1.361153
2075		0.777802
2076		2.333405
2077		1.361153
2078		1.361153
2079		0.972252
2080		2.333405
2081		0.583351
2082		1.361153
2083		0.972252
2084		1.944504
2085		2.138955
2086		0.583351
2087		1.166703
2088		0.777802
2089		1.944504
2090		0.777802
2091		0.777802
2092		1.166703
2093		1.361153
2094		0.388901
2095		1.361153
2096		1.361153
2097		0.583351
2098		1.361153
2099		0.388901
2100		0.194450
2101		0.777802
2102		0.583351
2103		0.388901
2104		1.361153
2105		1.166703
2106		0.583351
2107		0.972252
2108		0.777802
2109		0.972252
2110		0.583351
2111		0.972252
2112		0.583351
2113		0.972252
2114		0.777802
2115		0.583351
2116		0.388901
2117		0.777802
2118		0.583351
2119		0.777802
2120		0.583351
2121		0.194450
2122		0.000000
2123		1.361153
2124		0.388901
2125		0.777802
2126		1.166703
2127		0.194450
2128		0.583351
2129		0.777802
2130		0.388901
2131		0.194450
2132		0.583351
2133		0.972252
2134		1.555603
2135		0.000000
2136		0.388901
2137		0.583351
2138		0.388901
2139		0.777802
2140		0.194450
2141		0.000000
2142		0.583351
2143		1.166703
2144		0.777802
2145		0.777802
2146		0.972252
2147		1.750054
2148		2.527855
2149		6.027963
2150		9.722521
2151		11.278124
2152		10.305872
2153		7.000215
2154		3.694558
2155		1.944504
2156		0.972252
2157		0.388901
2158		0.194450
2159		0.388901
2160		0.388901
2161		0.777802
2162		1.166703
2163		0.583351
2164		0.388901
2165		0.777802
2166		0.194450
2167		0.777802
2168		0.194450
2169		0.777802
2170		1.166703
2171		0.583351
2172		0.583351
2173		0.194450
2174		0.000000
2175		0.777802
2176		0.583351
2177		0.583351
2178		0.194450
2179		0.388901
2180		0.777802
2181		0.972252
2182		0.583351
2183		0.388901
2184		0.194450
2185		0.388901
2186		0.000000
2187		0.000000
2188		0.583351
2189		0.194450
2190		0.194450
2191		0.583351
2192		0.583351
2193		0.194450
2194		0.388901
2195		0.972252
2196		0.777802
2197		3.305657
2198		1.750054
2199		2.333405
2200		0.972252
2201		0.194450
2202		0.000000
2203		0.194450
2204		0.972252
2205		0.583351
2206		0.583351
2207		0.583351
2208		0.388901
2209		0.194450
2210		0.583351
2211		0.194450
2212		0.388901
2213		0.972252
2214		0.388901
2215		0.388901
2216		0.194450
2217		0.194450
2218		0.194450
2219		0.777802
2220		0.388901
2221		0.194450
2222		0.583351
2223		0.972252
2224		0.583351
2225		0.194450
2226		0.000000
2227		0.583351
2228		0.000000
2229		0.000000
2230		0.583351
2231		0.583351
2232		0.194450
2233		0.388901
2234		0.000000
2235		0.194450
2236		0.583351
2237		0.194450
2238		0.777802
2239		0.194450
2240		0.000000
2241		0.388901
2242		0.583351
2243		0.777802
2244		0.194450
2245		0.194450
2246		0.583351
2247		0.194450
2248		0.388901
2249		0.194450
2250		0.388901
2251		0.388901
2252		0.194450
2253		0.583351
2254		0.194450
2255		0.000000
2256		0.194450
2257		0.388901
2258		0.388901
2259		0.000000
2260		0.000000
2261		0.388901
2262		0.777802
2263		0.194450
2264		0.194450
2265		0.388901
2266		0.000000
2267		0.777802
2268		0.388901
2269		0.000000
2270		0.194450
2271		0.388901
2272		0.388901
2273		0.388901
2274		0.388901
2275		0.388901
2276		0.194450
2277		0.583351
2278		0.777802
2279		0.194450
2280		0.000000
2281		0.388901
2282		0.194450
2283		0.194450
2284		0.194450
2285		0.972252
2286		0.583351
2287		0.583351
2288		0.972252
2289		0.388901
2290		0.583351
2291		0.194450
2292		0.388901
2293		0.000000
2294		0.000000
2295		0.583351
2296		0.194450
2297		0.388901
2298		0.194450
2299		0.194450
2300		0.194450
2301		0.388901
2302		0.194450
2303		0.194450
2304		0.194450
2305		0.194450
2306		0.000000
2307		0.194450
2308		0.000000
2309		0.388901
2310		0.388901
2311		0.194450
2312		0.000000
2313		0.000000
2314		0.000000
2315		0.000000
2316		0.583351
2317		0.000000
2318		0.388901
2319		0.388901
2320		0.194450
2321		0.000000
2322		0.000000
2323		0.388901
2324		0.388901
2325		0.388901
2326		0.194450
2327		0.194450
2328		0.388901
2329		0.194450
2330		0.194450
2331		0.000000
2332		0.000000
2333		0.000000
2334		0.388901
2335		0.194450
2336		0.000000
2337		0.000000
2338		0.194450
2339		0.583351
2340		0.000000
2341		0.000000
2342		0.194450
2343		0.194450
2344		0.000000
2345		0.194450
2346		0.388901
2347		0.000000
2348		0.194450
2349		0.583351
2350		0.000000
2351		0.194450
2352		0.194450
2353		0.583351
2354		0.194450
2355		0.000000
2356		0.000000
2357		0.194450
2358		0.194450
2359		0.000000
2360		0.000000
2361		0.000000
2362		0.000000
2363		0.388901
2364		0.388901
2365		0.194450
2366		0.194450
2367		0.000000
2368		0.388901
2369		0.000000
2370		0.388901
2371		0.972252
2372		1.166703
2373		0.194450
2374		0.000000
2375		0.388901
2376		0.000000
2377		0.000000
2378		0.388901
2379		0.194450
2380		0.000000
2381		0.583351
2382		0.388901
2383		0.194450
2384		0.194450
2385		0.000000
2386		0.583351
2387		0.000000
2388		0.194450
2389		0.388901
2390		0.194450
2391		0.194450
2392		0.194450
2393		0.194450
2394		0.388901
2395		0.388901
2396		0.000000
2397		0.000000
2398		0.000000
2399		0.194450
2400		0.000000
2401		0.194450
2402		0.000000
2403		0.000000
2404		0.583351
2405		0.388901
2406		0.194450
2407		0.194450
2408		0.000000
2409		0.194450
2410		0.388901
2411		0.388901
2412		0.000000
2413		0.000000
2414		0.194450
2415		0.000000
2416		0.000000
2417		0.000000
2418		0.000000
2419		0.000000
2420		0.000000
2421		0.583351
2422		0.194450
2423		0.194450
2424		0.000000
2425		0.000000
2426		0.388901
2427		0.194450
2428		0.388901
2429		0.000000
2430		0.583351
2431		0.000000
2432		0.388901
2433		0.000000
2434		0.000000
2435		0.194450
2436		0.194450
2437		0.194450
2438		0.000000
2439		0.194450
2440		0.000000
2441		0.000000
2442		0.000000
2443		0.000000
2444		0.000000
2445		0.000000
2446		0.000000
2447		0.194450
2448		0.000000
2449		0.000000
2450		0.000000
2451		0.000000
2452		0.000000
2453		0.000000
2454		0.000000
2455		0.000000
2456		0.000000
2457		0.000000
2458		0.000000
2459		0.000000
2460		0.000000
2461		0.000000
2462		0.000000
2463		0.000000
2464		0.000000
2465		0.000000
2466		0.000000
2467		0.000000
2468		0.000000
2469		0.000000
2470		0.000000
2471		0.000000
2472		0.000000
2473		0.000000
2474		0.000000
2475		0.000000
2476		0.000000
2477		0.000000
2478		0.000000
2479		0.000000
2480		0.000000
2481		0.000000
2482		0.000000
2483		0.000000
2484		0.000000
2485		0.000000
2486		0.000000
2487		0.000000
2488		0.000000
2489		0.000000
2490		0.000000
2491		0.000000
2492		0.000000
2493		0.000000
2494		0.000000
2495		0.000000
2496		0.000000
2497		0.000000
2498		0.000000
2499		0.000000
2500		0.000000
2501		0.000000
2502		0.000000
2503		0.000000
2504		0.000000
2505		0.000000
2506		0.000000
2507		0.000000
2508		0.000000
2509		0.000000
2510		0.000000
2511		0.000000
2512		0.000000
2513		0.000000
2514		0.000000
2515		0.000000
2516		0.000000
2517		0.000000
2518		0.000000
2519		0.000000
2520		0.000000
2521		0.000000
2522		0.000000
2523		0.000000
2524		0.000000
2525		0.000000
2526		0.000000
2527		0.000000
2528		0.000000
2529		0.000000
2530		0.000000
2531		0.000000
2532		0.000000
2533		0.000000
2534		0.000000
2535		0.000000
2536		0.000000
2537		0.000000
2538		0.000000
2539		0.000000
2540		0.000000
2541		0.000000
2542		0.000000
2543		0.000000
2544		0.000000
2545		0.000000
2546		0.000000
2547		0.000000
2548		0.000000
2549		0.000000
2550		0.000000
2551		0.000000
2552		0.000000
2553		0.000000
2554		0.000000
2555		0.000000
2556		0.000000
2557		0.000000
2558		0.000000
2559		0.000000
2560		0.000000
2561		0.000000
2562		0.000000
2563		0.000000
2564		0.000000
2565		0.000000
2566		0.000000
2567		0.000000
2568		0.000000
2569		0.000000
2570		0.000000
2571		0.000000
2572		0.000000
2573		0.000000
2574		0.000000
2575		0.000000
2576		0.000000
2577		0.000000
2578		0.000000
2579		0.000000
2580		0.000000
2581		0.000000
2582		0.000000
2583		0.000000
2584		0.000000
2585		0.000000
2586		0.000000
2587		0.000000
2588		0.000000
2589		0.000000
2590		0.000000
2591		0.000000
2592		0.000000
2593		0.000000
2594		0.000000
2595		0.000000
2596		0.000000
2597		0.000000
2598		0.000000
2599		0.000000
2600		0.000000
2601		0.000000
2602		0.000000
2603		0.000000
2604		0.000000
2605		0.000000
2606		0.000000
2607		0.000000
2608		0.000000
2609		0.000000
2610		0.000000
2611		0.000000
2612		0.000000
2613		0.000000
2614		0.000000
2615		0.000000
2616		0.000000
2617		0.000000
2618		0.000000
2619		0.000000
2620		0.000000
2621		0.000000
2622		0.000000
2623		0.000000
2624		0.000000
2625		0.000000
2626		0.000000
2627		0.000000
2628		0.000000
2629		0.000000
2630		0.000000
2631		0.000000
2632		0.000000
2633		0.000000
2634		0.000000
2635		0.000000
2636		0.000000
2637		0.000000
2638		0.000000
2639		0.000000
2640		0.000000
2641		0.000000
2642		0.000000
2643		0.000000
2644		0.000000
2645		0.000000
2646		0.000000
2647		0.000000
2648		0.000000
2649		0.000000
2650		0.000000
2651		0.000000
2652		0.000000
2653		0.000000
2654		0.000000
2655		0.000000
2656		0.000000
2657		0.000000
2658		0.000000
2659		0.000000
2660		0.000000
2661		0.000000
2662		0.000000
2663		0.000000
2664		0.000000
2665		0.000000
2666		0.000000
2667		0.000000
2668		0.000000
2669		0.000000
2670		0.000000
2671		0.000000
2672		0.000000
2673		0.000000
2674		0.000000
2675		0.000000
2676		0.000000
2677		0.000000
2678		0.000000
2679		0.000000
2680		0.000000
2681		0.000000
2682		0.000000
2683		0.000000
2684		0.000000
2685		0.000000
2686		0.000000
2687		0.000000
2688		0.000000
2689		0.000000
2690		0.000000
2691		0.000000
2692		0.000000
2693		0.000000
2694		0.000000
2695		0.000000
2696		0.000000
2697		0.000000
2698		0.000000
2699		0.000000
2700		0.000000
2701		0.000000
2702		0.000000
2703		0.000000
2704		0.000000
2705		0.000000
2706		0.000000
2707		0.000000
2708		0.000000
2709		0.000000
2710		0.000000
2711		0.000000
2712		0.000000
2713		0.000000
2714		0.000000
2715		0.000000
2716		0.000000
2717		0.000000
2718		0.000000
2719		0.000000
2720		0.000000
2721		0.000000
2722		0.000000
2723		0.000000
2724		0.000000
2725		0.000000
2726		0.000000
2727		0.000000
2728		0.000000
2729		0.000000
2730		0.000000
2731		0.000000
2732		0.000000
2733		0.000000
2734		0.000000
2735		0.000000
2736		0.000000
2737		0.000000
2738		0.000000
2739		0.000000
2740		0.000000
2741		0.000000
2742		0.000000
2743		0.000000
2744		0.000000
2745		0.000000
2746		0.000000
2747		0.000000
2748		0.000000
2749		0.000000
2750		0.000000
2751		0.000000
2752		0.000000
2753		0.000000
2754		0.000000
2755		0.000000
2756		0.000000
2757		0.000000
2758		0.000000
2759		0.000000
2760		0.000000
2761		0.000000
2762		0.000000
2763		0.000000
2764		0.000000
2765		0.000000
2766		0.000000
2767		0.000000
2768		0.000000
2769		0.000000
2770		0.000000
2771		0.000000
2772		0.000000
2773		0.000000
2774		0.000000
2775		0.000000
2776		0.000000
2777		0.000000
2778		0.000000
2779		0.000000
2780		0.000000
2781		0.000000
2782		0.000000
2783		0.000000
2784		0.000000
2785		0.000000
2786		0.000000
2787		0.000000
2788		0.000000
2789		0.000000
2790		0.000000
2791		0.000000
2792		0.000000
2793		0.000000
2794		0.000000
2795		0.000000
2796		0.000000
2797		0.000000
2798		0.000000
2799		0.000000
2800		0.000000
2801		0.000000
2802		0.000000
2803		0.000000
2804		0.000000
2805		0.000000
2806		0.000000
2807		0.000000
2808		0.000000
2809		0.000000
2810		0.000000
2811		0.000000
2812		0.000000
2813		0.000000
2814		0.000000
2815		0.000000
2816		0.000000
2817		0.000000
2818		0.000000
2819		0.000000
2820		0.000000
2821		0.000000
2822		0.000000
2823		0.000000
2824		0.000000
2825		0.000000
2826		0.000000
2827		0.000000
2828		0.000000
2829		0.000000
2830		0.000000
2831		0.000000
2832		0.000000
2833		0.000000
2834		0.000000
2835		0.000000
2836		0.000000
2837		0.000000
2838		0.000000
2839		0.000000
2840		0.000000
2841		0.000000
2842		0.000000
2843		0.000000
2844		0.000000
2845		0.000000
2846		0.000000
2847		0.000000
2848		0.000000
2849		0.000000
2850		0.000000
2851		0.000000
2852		0.000000
2853		0.000000
2854		0.000000
2855		0.000000
2856		0.000000
2857		0.000000
2858		0.000000
2859		0.000000
2860		0.000000
2861		0.000000
2862		0.000000
2863		0.000000
2864		0.000000
2865		0.000000
2866		0.000000
2867		0.000000
2868		0.000000
2869		0.000000
2870		0.000000
2871		0.000000
2872		0.000000
2873		0.000000
2874		0.000000
2875		0.000000
2876		0.000000
2877		0.000000
2878		0.000000
2879		0.000000
2880		0.000000
2881		0.000000
2882		0.000000
2883		0.000000
2884		0.000000
2885		0.000000
2886		0.000000
2887		0.000000
2888		0.000000
2889		0.000000
2890		0.000000
2891		0.000000
2892		0.000000
2893		0.000000
2894		0.000000
2895		0.000000
2896		0.000000
2897		0.000000
2898		0.000000
2899		0.000000
2900		0.000000
2901		0.000000
2902		0.000000
2903		0.000000
2904		0.000000
2905		0.000000
2906		0.000000
2907		0.000000
2908		0.000000
2909		0.000000
2910		0.000000
2911		0.000000
2912		0.000000
2913		0.000000
2914		0.000000
2915		0.000000
2916		0.000000
2917		0.000000
2918		0.000000
2919		0.000000
2920		0.000000
2921		0.000000
2922		0.000000
2923		0.000000
2924		0.000000
2925		0.000000
2926		0.000000
2927		0.000000
2928		0.000000
2929		0.000000
2930		0.000000
2931		0.000000
2932		0.000000
2933		0.000000
2934		0.000000
2935		0.000000
2936		0.000000
2937		0.000000
2938		0.000000
2939		0.000000
2940		0.000000
2941		0.000000
2942		0.000000
2943		0.000000
2944		0.000000
2945		0.000000
2946		0.000000
2947		0.000000
2948		0.000000
2949		0.000000
2950		0.000000
2951		0.000000
2952		0.000000
2953		0.000000
2954		0.000000
2955		0.000000
2956		0.000000
2957		0.000000
2958		0.000000
2959		0.000000
2960		0.000000
2961		0.000000
2962		0.000000
2963		0.000000
2964		0.000000
2965		0.000000
2966		0.000000
2967		0.000000
2968		0.000000
2969		0.000000
2970		0.000000
2971		0.000000
2972		0.000000
2973		0.000000
2974		0.000000
2975		0.000000
2976		0.000000
2977		0.000000
2978		0.000000
2979		0.000000
2980		0.000000
2981		0.000000
2982		0.000000
2983		0.000000
2984		0.000000
2985		0.000000
2986		0.000000
2987		0.000000
2988		0.000000
2989		0.000000
2990		0.000000
2991		0.000000
2992		0.000000
2993		0.000000
2994		0.000000
2995		0.000000
2996		0.000000
2997		0.000000
2998		0.000000
2999		0.000000
3000		0.000000
3001		0.000000
3002		0.000000
3003		0.000000
3004		0.000000
3005		0.000000
3006		0.000000
3007		0.000000
3008		0.000000
3009		0.000000
3010		0.000000
3011		0.000000
3012		0.000000
3013		0.000000
3014		0.000000
3015		0.000000
3016		0.000000
3017		0.000000
3018		0.000000
3019		0.000000
3020		0.000000
3021		0.000000
3022		0.000000
3023		0.000000
3024		0.000000
3025		0.000000
3026		0.000000
3027		0.000000
3028		0.000000
3029		0.000000
3030		0.000000
3031		0.000000
3032		0.000000
3033		0.000000
3034		0.000000
3035		0.000000
3036		0.000000
3037		0.000000
3038		0.000000
3039		0.000000
3040		0.000000
3041		0.000000
3042		0.000000
3043		0.000000
3044		0.000000
3045		0.000000
3046		0.000000
3047		0.000000
3048		0.000000
3049		0.000000
3050		0.000000
3051		0.000000
3052		0.000000
3053		0.000000
3054		0.000000
3055		0.000000
3056		0.000000
3057		0.000000
3058		0.000000
3059		0.000000
3060		0.000000
3061		0.000000
3062		0.000000
3063		0.000000
3064		0.000000
3065		0.000000
3066		0.000000
3067		0.000000
3068		0.000000
3069		0.000000
3070		0.000000
3071		0.000000
3072		0.000000
3073		0.000000
3074		0.000000
3075		0.000000
3076		0.000000
3077		0.000000
3078		0.000000
3079		0.000000
3080		0.000000
3081		0.000000
3082		0.000000
3083		0.000000
3084		0.000000
3085		0.000000
3086		0.000000
3087		0.000000
3088		0.000000
3089		0.000000
3090		0.000000
3091		0.000000
3092		0.000000
3093		0.000000
3094		0.000000
3095		0.000000
3096		0.000000
3097		0.000000
3098		0.000000
3099		0.000000
3100		0.000000
3101		0.000000
3102		0.000000
3103		0.000000
3104		0.000000
3105		0.000000
3106		0.000000
3107		0.000000
3108		0.000000
3109		0.000000
3110		0.000000
3111		0.000000
3112		0.000000
3113		0.000000
3114		0.000000
3115		0.000000
3116		0.000000
3117		0.000000
3118		0.000000
3119		0.000000
3120		0.000000
3121		0.000000
3122		0.000000
3123		0.000000
3124		0.000000
3125		0.000000
3126		0.000000
3127		0.000000
3128		0.000000
3129		0.000000
3130		0.000000
3131		0.000000
3132		0.000000
3133		0.000000
3134		0.000000
3135		0.000000
3136		0.000000
3137		0.000000
3138		0.000000
3139		0.000000
3140		0.000000
3141		0.000000
3142		0.000000
3143		0.000000
3144		0.000000
3145		0.000000
3146		0.000000
3147		0.000000
3148		0.000000
3149		0.000000
3150		0.000000
3151		0.000000
3152		0.000000
3153		0.000000
3154		0.000000
3155		0.000000
3156		0.000000
3157		0.000000
3158		0.000000
3159		0.000000
3160		0.000000
3161		0.000000
3162		0.000000
3163		0.000000
3164		0.000000
3165		0.000000
3166		0.000000
3167		0.000000
3168		0.000000
3169		0.000000
3170		0.000000
3171		0.000000
3172		0.000000
3173		0.000000
3174		0.000000
3175		0.000000
3176		0.000000
3177		0.000000
3178		0.000000
3179		0.000000
3180		0.000000
3181		0.000000
3182		0.000000
3183		0.000000
3184		0.000000
3185		0.000000
3186		0.000000
3187		0.000000
3188		0.000000
3189		0.000000
3190		0.000000
3191		0.000000
3192		0.000000
3193		0.000000
3194		0.000000
3195		0.000000
3196		0.000000
3197		0.000000
3198		0.000000
3199		0.000000
3200		0.000000
3201		0.000000
3202		0.000000
3203		0.000000
3204		0.000000
3205		0.000000
3206		0.000000
3207		0.000000
3208		0.000000
3209		0.000000
3210		0.000000
3211		0.000000
3212		0.000000
3213		0.000000
3214		0.000000
3215		0.000000
3216		0.000000
3217		0.000000
3218		0.000000
3219		0.000000
3220		0.000000
3221		0.000000
3222		0.000000
3223		0.000000
3224		0.000000
3225		0.000000
3226		0.000000
3227		0.000000
3228		0.000000
3229		0.000000
3230		0.000000
3231		0.000000
3232		0.000000
3233		0.000000
3234		0.000000
3235		0.000000
3236		0.000000
3237		0.000000
3238		0.000000
3239		0.000000
3240		0.000000
3241		0.000000
3242		0.000000
3243		0.000000
3244		0.000000
3245		0.000000
3246		0.000000
3247		0.000000
3248		0.000000
3249		0.000000
3250		0.000000
3251		0.000000
3252		0.000000
3253		0.000000
3254		0.000000
3255		0.000000
3256		0.000000
3257		0.000000
3258		0.000000
3259		0.000000
3260		0.000000
3261		0.000000
3262		0.000000
3263		0.000000
3264		0.000000
3265		0.000000
3266		0.000000
3267		0.000000
3268		0.000000
3269		0.000000
3270		0.000000
3271		0.000000
3272		0.000000
3273		0.000000
3274		0.000000
3275		0.000000
3276		0.000000
3277		0.000000
3278		0.000000
3279		0.000000
3280		0.000000
3281		0.000000
3282		0.000000
3283		0.000000
3284		0.000000
3285		0.000000
3286		0.000000
3287		0.000000
3288		0.000000
3289		0.000000
3290		0.000000
3291		0.000000
3292		0.000000
3293		0.000000
3294		0.000000
3295		0.000000
3296		0.000000
3297		0.000000
3298		0.000000
3299		0.000000
3300		0.000000
3301		0.000000
3302		0.000000
3303		0.000000
3304		0.000000
3305		0.000000
3306		0.000000
3307		0.000000
3308		0.000000
3309		0.000000
3310		0.000000
3311		0.000000
3312		0.000000
3313		0.000000
3314		0.000000
3315		0.000000
3316		0.000000
3317		0.000000
3318		0.000000
3319		0.000000
3320		0.000000
3321		0.000000
3322		0.000000
3323		0.000000
3324		0.000000
3325		0.000000
3326		0.000000
3327		0.000000
3328		0.000000
3329		0.000000
3330		0.000000
3331		0.000000
3332		0.000000
3333		0.000000
3334		0.000000
3335		0.000000
3336		0.000000
3337		0.000000
3338		0.000000
3339		0.000000
3340		0.000000
3341		0.000000
3342		0.000000
3343		0.000000
3344		0.000000
3345		0.000000
3346		0.000000
3347		0.000000
3348		0.000000
3349		0.000000
3350		0.000000
3351		0.000000
3352		0.000000
3353		0.000000
3354		0.000000
3355		0.000000
3356		0.000000
3357		0.000000
3358		0.000000
3359		0.000000
3360		0.000000
3361		0.000000
3362		0.000000
3363		0.000000
3364		0.000000
3365		0.000000
3366		0.000000
3367		0.000000
3368		0.000000
3369		0.000000
3370		0.000000
3371		0.000000
3372		0.000000
3373		0.000000
3374		0.000000
3375		0.000000
3376		0.000000
3377		0.000000
3378		0.000000
3379		0.000000
3380		0.000000
3381		0.000000
3382		0.000000
3383		0.000000
3384		0.000000
3385		0.000000
3386		0.000000
3387		0.000000
3388		0.000000
3389		0.000000
3390		0.000000
3391		0.000000
3392		0.000000
3393		0.000000
3394		0.000000
3395		0.000000
3396		0.000000
3397		0.000000
3398		0.000000
3399		0.000000
3400		0.000000
3401		0.000000
3402		0.000000
3403		0.000000
3404		0.000000
3405		0.000000
3406		0.000000
3407		0.000000
3408		0.000000
3409		0.000000
3410		0.000000
3411		0.000000
3412		0.000000
3413		0.000000
3414		0.000000
3415		0.000000
3416		0.000000
3417		0.000000
3418		0.000000
3419		0.000000
3420		0.000000
3421		0.000000
3422		0.000000
3423		0.000000
3424		0.000000
3425		0.000000
3426		0.000000
3427		0.000000
3428		0.000000
3429		0.000000
3430		0.000000
3431		0.000000
3432		0.000000
3433		0.000000
3434		0.000000
3435		0.000000
3436		0.000000
3437		0.000000
3438		0.000000
3439		0.000000
3440		0.000000
3441		0.000000
3442		0.000000
3443		0.000000
3444		0.000000
3445		0.000000
3446		0.000000
3447		0.000000
3448		0.000000
3449		0.000000
3450		0.000000
3451		0.000000
3452		0.000000
3453		0.000000
3454		0.000000
3455		0.000000
3456		0.000000
3457		0.000000
3458		0.000000
3459		0.000000
3460		0.000000
3461		0.000000
3462		0.000000
3463		0.000000
3464		0.000000
3465		0.000000
3466		0.000000
3467		0.000000
3468		0.000000
3469		0.000000
3470		0.000000
3471		0.000000
3472		0.000000
3473		0.000000
3474		0.000000
3475		0.000000
3476		0.000000
3477		0.000000
3478		0.000000
3479		0.000000
3480		0.000000
3481		0.000000
3482		0.000000
3483		0.000000
3484		0.000000
3485		0.000000
3486		0.000000
3487		0.000000
3488		0.000000
3489		0.000000
3490		0.000000
3491		0.000000
3492		0.000000
3493		0.000000
3494		0.000000
3495		0.000000
3496		0.000000
3497		0.000000
3498		0.000000
3499		0.000000
3500		0.000000
3501		0.000000
3502		0.000000
3503		0.000000
3504		0.000000
3505		0.000000
3506		0.000000
3507		0.000000
3508		0.000000
3509		0.000000
3510		0.000000
3511		0.000000
3512		0.000000
3513		0.000000
3514		0.000000
3515		0.000000
3516		0.000000
3517		0.000000
3518		0.000000
3519		0.000000
3520		0.000000
3521		0.000000
3522		0.000000
3523		0.000000
3524		0.000000
3525		0.000000
3526		0.000000
3527		0.000000
3528		0.000000
3529		0.000000
3530		0.000000
3531		0.000000
3532		0.000000
3533		0.000000
3534		0.000000
3535		0.000000
3536		0.000000
3537		0.000000
3538		0.000000
3539		0.000000
3540		0.000000
3541		0.000000
3542		0.000000
3543		0.000000
3544		0.000000
3545		0.000000
3546		0.000000
3547		0.000000
3548		0.000000
3549		0.000000
3550		0.000000
3551		0.000000
3552		0.000000
3553		0.000000
3554		0.000000
3555		0.000000
3556		0.000000
3557		0.000000
3558		0.000000
3559		0.000000
3560		0.000000
3561		0.000000
3562		0.000000
3563		0.000000
3564		0.000000
3565		0.000000
3566		0.000000
3567		0.000000
3568		0.000000
3569		0.000000
3570		0.000000
3571		0.000000
3572		0.000000
3573		0.000000
3574		0.000000
3575		0.000000
3576		0.000000
3577		0.000000
3578		0.000000
3579		0.000000
3580		0.000000
3581		0.000000
3582		0.000000
3583		0.000000
3584		0.000000
3585		0.000000
3586		0.000000
3587		0.000000
3588		0.000000
3589		0.000000
3590		0.000000
3591		0.000000
3592		0.000000
3593		0.000000
3594		0.000000
3595		0.000000
3596		0.000000
3597		0.000000
3598		0.000000
3599		0.000000
3600		0.000000
3601		0.000000
3602		0.000000
3603		0.000000
3604		0.000000
3605		0.000000
3606		0.000000
3607		0.000000
3608		0.000000
3609		0.000000
3610		0.000000
3611		0.000000
3612		0.000000
3613		0.000000
3614		0.000000
3615		0.000000
3616		0.000000
3617		0.000000
3618		0.000000
3619		0.000000
3620		0.000000
3621		0.000000
3622		0.000000
3623		0.000000
3624		0.000000
3625		0.000000
3626		0.000000
3627		0.000000
3628		0.000000
3629		0.000000
3630		0.000000
3631		0.000000
3632		0.000000
3633		0.000000
3634		0.000000
3635		0.000000
3636		0.000000
3637		0.000000
3638		0.000000
3639		0.000000
3640		0.000000
3641		0.000000
3642		0.000000
3643		0.000000
3644		0.000000
3645		0.000000
3646		0.000000
3647		0.000000
3648		0.000000
3649		0.000000
3650		0.000000
3651		0.000000
3652		0.000000
3653		0.000000
3654		0.000000
3655		0.000000
3656		0.000000
3657		0.000000
3658		0.000000
3659		0.000000
3660		0.000000
3661		0.000000
3662		0.000000
3663		0.000000
3664		0.000000
3665		0.000000
3666		0.000000
3667		0.000000
3668		0.000000
3669		0.000000
3670		0.000000
3671		0.000000
3672		0.000000
3673		0.000000
3674		0.000000
3675		0.000000
3676		0.000000
3677		0.000000
3678		0.000000
3679		0.000000
3680		0.000000
3681		0.000000
3682		0.000000
3683		0.000000
3684		0.000000
3685		0.000000
3686		0.000000
3687		0.000000
3688		0.000000
3689		0.000000
3690		0.000000
3691		0.000000
3692		0.000000
3693		0.000000
3694		0.000000
3695		0.000000
3696		0.000000
3697		0.000000
3698		0.000000
3699		0.000000
3700		0.000000
3701		0.000000
3702		0.000000
3703		0.000000
3704		0.000000
3705		0.000000
3706		0.000000
3707		0.000000
3708		0.000000
3709		0.000000
3710		0.000000
3711		0.000000
3712		0.000000
3713		0.000000
3714		0.000000
3715		0.000000
3716		0.000000
3717		0.000000
3718		0.000000
3719		0.000000
3720		0.000000
3721		0.000000
3722		0.000000
3723		0.000000
3724		0.000000
3725		0.000000
3726		0.000000
3727		0.000000
3728		0.000000
3729		0.000000
3730		0.000000
3731		0.000000
3732		0.000000
3733		0.000000
3734		0.000000
3735		0.000000
3736		0.000000
3737		0.000000
3738		0.000000
3739		0.000000
3740		0.000000
3741		0.000000
3742		0.000000
3743		0.000000
3744		0.000000
3745		0.000000
3746		0.000000
3747		0.000000
3748		0.000000
3749		0.000000
3750		0.000000
3751		0.000000
3752		0.000000
3753		0.000000
3754		0.000000
3755		0.000000
3756		0.000000
3757		0.000000
3758		0.000000
3759		0.000000
3760		0.000000
3761		0.000000
3762		0.000000
3763		0.000000
3764		0.000000
3765		0.000000
3766		0.000000
3767		0.000000
3768		0.000000
3769		0.000000
3770		0.000000
3771		0.000000
3772		0.000000
3773		0.000000
3774		0.000000
3775		0.000000
3776		0.000000
3777		0.000000
3778		0.000000
3779		0.000000
3780		0.000000
3781		0.000000
3782		0.000000
3783		0.000000
3784		0.000000
3785		0.000000
3786		0.000000
3787		0.000000
3788		0.000000
3789		0.000000
3790		0.000000
3791		0.000000
3792		0.000000
3793		0.000000
3794		0.000000
3795		0.000000
3796		0.000000
3797		0.000000
3798		0.000000
3799		0.000000
3800		0.000000
3801		0.000000
3802		0.000000
3803		0.000000
3804		0.000000
3805		0.000000
3806		0.000000
3807		0.000000
3808		0.000000
3809		0.000000
3810		0.000000
3811		0.000000
3812		0.000000
3813		0.000000
3814		0.000000
3815		0.000000
3816		0.000000
3817		0.000000
3818		0.000000
3819		0.000000
3820		0.000000
3821		0.000000
3822		0.000000
3823		0.000000
3824		0.000000
3825		0.000000
3826		0.000000
3827		0.000000
3828		0.000000
3829		0.000000
3830		0.000000
3831		0.000000
3832		0.000000
3833		0.000000
3834		0.000000
3835		0.000000
3836		0.000000
3837		0.000000
3838		0.000000
3839		0.000000
3840		0.000000
3841		0.000000
3842		0.000000
3843		0.000000
3844		0.000000
3845		0.000000
3846		0.000000
3847		0.000000
3848		0.000000
3849		0.000000
3850		0.000000
3851		0.000000
3852		0.000000
3853		0.000000
3854		0.000000
3855		0.000000
3856		0.000000
3857		0.000000
3858		0.000000
3859		0.000000
3860		0.000000
3861		0.000000
3862		0.000000
3863		0.000000
3864		0.000000
3865		0.000000
3866		0.000000
3867		0.000000
3868		0.000000
3869		0.000000
3870		0.000000
3871		0.000000
3872		0.000000
3873		0.000000
3874		0.000000
3875		0.000000
3876		0.000000
3877		0.000000
3878		0.000000
3879		0.000000
3880		0.000000
3881		0.000000
3882		0.000000
3883		0.000000
3884		0.000000
3885		0.000000
3886		0.000000
3887		0.000000
3888		0.000000
3889		0.000000
3890		0.000000
3891		0.000000
3892		0.000000
3893		0.000000
3894		0.000000
3895		0.000000
3896		0.000000
3897		0.000000
3898		0.000000
3899		0.000000
3900		0.000000
3901		0.000000
3902		0.000000
3903		0.000000
3904		0.000000
3905		0.000000
3906		0.000000
3907		0.000000
3908		0.000000
3909		0.000000
3910		0.000000
3911		0.000000
3912		0.000000
3913		0.000000
3914		0.000000
3915		0.000000
3916		0.000000
3917		0.000000
3918		0.000000
3919		0.000000
3920		0.000000
3921		0.000000
3922		0.000000
3923		0.000000
3924		0.000000
3925		0.000000
3926		0.000000
3927		0.000000
3928		0.000000
3929		0.000000
3930		0.000000
3931		0.000000
3932		0.000000
3933		0.000000
3934		0.000000
3935		0.000000
3936		0.000000
3937		0.000000
3938		0.000000
3939		0.000000
3940		0.000000
3941		0.000000
3942		0.000000
3943		0.000000
3944		0.000000
3945		0.000000
3946		0.000000
3947		0.000000
3948		0.000000
3949		0.000000
3950		0.000000
3951		0.000000
3952		0.000000
3953		0.000000
3954		0.000000
3955		0.000000
3956		0.000000
3957		0.000000
3958		0.000000
3959		0.000000
3960		0.000000
3961		0.000000
3962		0.000000
3963		0.000000
3964		0.000000
3965		0.000000
3966		0.000000
3967		0.000000
3968		0.000000
3969		0.000000
3970		0.000000
3971		0.000000
3972		0.000000
3973		0.000000
3974		0.000000
3975		0.000000
3976		0.000000
3977		0.000000
3978		0.000000
3979		0.000000
3980		0.000000
3981		0.000000
3982		0.000000
3983		0.000000
3984		0.000000
3985		0.000000
3986		0.000000
3987		0.000000
3988		0.000000
3989		0.000000
3990		0.000000
3991		0.000000
3992		0.000000
3993		0.000000
3994		0.000000
3995		0.000000
3996		0.000000
3997		0.000000
3998		0.000000
3999		0.000000
4000		0.000000
4001		0.000000
4002		0.000000
4003		0.000000
4004		0.000000
4005		0.000000
4006		0.000000
4007		0.000000
4008		0.000000
4009		0.000000
4010		0.000000
4011		0.000000
4012		0.000000
4013		0.000000
4014		0.000000
4015		0.000000
4016		0.000000
4017		0.000000
4018		0.000000
4019		0.000000
4020		0.000000
4021		0.000000
4022		0.000000
4023		0.000000
4024		0.000000
4025		0.000000
4026		0.000000
4027		0.000000
4028		0.000000
4029		0.000000
4030		0.000000
4031		0.000000
4032		0.000000
4033		0.000000
4034		0.000000
4035		0.000000
4036		0.000000
4037		0.000000
4038		0.000000
4039		0.000000
4040		0.000000
4041		0.000000
4042		0.000000
4043		0.000000
4044		0.000000
4045		0.000000
4046		0.000000
4047		0.000000
4048		0.000000
4049		0.000000
4050		0.000000
4051		0.000000
4052		0.000000
4053		0.000000
4054		0.000000
4055		0.000000
4056		0.000000
4057		0.000000
4058		0.000000
4059		0.000000
4060		0.000000
4061		0.000000
4062		0.000000
4063		0.000000
4064		0.000000
4065		0.000000
4066		0.000000
4067		0.000000
4068		0.000000
4069		0.000000
4070		0.000000
4071		0.000000
4072		0.000000
4073		0.000000
4074		0.000000
4075		0.000000
4076		0.000000
4077		0.000000
4078		0.000000
4079		0.000000
4080		0.000000
4081		0.000000
4082		0.000000
4083		0.000000
4084		0.000000
4085		0.000000
4086		0.000000
4087		0.000000
4088		0.000000
4089		0.000000
4090		0.000000
4091		0.000000
4092		0.000000
4093		0.000000
4094		0.000000
4095		0.000000
