0		0.000000
1		0.000000
2		0.000000
3		0.000000
4		0.000000
5		0.000000
6		0.000000
7		0.000000
8		0.000000
9		0.000000
10		0.000000
11		0.000000
12		0.000000
13		0.000000
14		0.000000
15		0.000000
16		0.000000
17		0.000000
18		0.000000
19		0.000000
20		0.000000
21		0.000000
22		0.000000
23		0.000000
24		0.000000
25		0.000000
26		0.000000
27		0.000000
28		0.000000
29		0.000000
30		0.000000
31		0.000000
32		0.000000
33		0.000000
34		0.000000
35		0.000000
36		0.000000
37		0.000000
38		0.000000
39		0.000000
40		0.000000
41		0.000000
42		0.000000
43		0.000000
44		0.000000
45		0.000000
46		0.000000
47		0.000000
48		0.000000
49		0.000000
50		0.000000
51		0.000000
52		0.000000
53		0.000000
54		0.000000
55		0.000000
56		0.000000
57		0.000000
58		0.000000
59		0.000000
60		0.000000
61		0.000000
62		0.000000
63		0.000000
64		0.000000
65		0.000000
66		0.000000
67		0.000000
68		0.000000
69		0.000000
70		0.000000
71		0.000000
72		0.000000
73		0.000000
74		0.000000
75		0.000000
76		0.000000
77		0.000000
78		0.000000
79		0.000000
80		0.000000
81		0.000000
82		0.000000
83		0.000000
84		0.000000
85		0.000000
86		0.000000
87		0.000000
88		0.000000
89		0.000000
90		0.000000
91		0.000000
92		0.000000
93		0.000000
94		0.000000
95		0.000000
96		0.000000
97		0.000000
98		0.000000
99		0.000000
100		0.000000
101		0.000000
102		0.000000
103		0.000000
104		0.000000
105		0.000000
106		0.000000
107		0.000000
108		0.000000
109		46237.535156
110		5396.840332
111		91.781563
112		91.571541
113		95.982094
114		101.232758
115		96.402145
116		90.311378
117		94.511909
118		95.772072
119		100.182625
120		99.132492
121		96.822205
122		102.072861
123		96.822205
124		97.662308
125		99.972595
126		101.652809
127		107.323524
128		100.812706
129		109.843842
130		99.342522
131		99.762573
132		112.784210
133		107.323524
134		108.583687
135		118.874985
136		113.834343
137		115.304527
138		128.116150
139		123.075508
140		119.505058
141		106.273392
142		105.853340
143		98.502411
144		102.912971
145		97.662308
146		117.614822
147		106.273392
148		108.583687
149		107.533554
150		110.263893
151		120.345169
152		124.125641
153		128.536194
154		141.137787
155		131.686600
156		132.946747
157		144.078156
158		140.717728
159		138.827499
160		154.789505
161		135.257050
162		148.278687
163		157.729874
164		162.560486
165		159.620117
166		157.099792
167		175.162079
168		168.441223
169		174.742020
170		165.920914
171		181.882919
172		192.174225
173		189.653900
174		195.114594
175		187.763657
176		207.506149
177		202.255493
178		213.386887
179		218.217499
180		208.346252
181		223.678192
182		495.032379
183		2176.504395
184		770.167053
185		159.410095
186		151.849136
187		147.648605
188		158.990036
189		144.498215
190		160.880280
191		164.450729
192		175.792160
193		173.271835
194		176.002182
195		184.823288
196		171.801651
197		179.992676
198		175.792160
199		177.892426
200		190.494003
201		186.293472
202		187.553635
203		193.014328
204		177.472366
205		177.892426
206		174.531998
207		190.494003
208		177.682388
209		186.923553
210		168.231201
211		172.641754
212		173.061813
213		166.340958
214		159.410095
215		170.331467
216		159.200058
217		151.849136
218		157.309830
219		150.168930
220		158.359955
221		149.748871
222		162.350464
223		145.128296
224		160.250198
225		150.588974
226		144.288177
227		135.887131
228		148.068665
229		143.448074
230		149.118790
231		135.467072
232		137.987396
233		146.178421
234		129.586334
235		140.927765
236		138.827499
237		136.727234
238		140.087662
239		129.796356
240		122.445435
241		137.987396
242		129.166275
243		132.316681
244		136.727234
245		124.965752
246		129.796356
247		129.796356
248		120.975243
249		115.514557
250		124.965752
251		121.815353
252		129.586334
253		130.006378
254		123.705589
255		124.755722
256		121.185272
257		127.276039
258		111.944107
259		123.915619
260		118.454926
261		126.645958
262		112.574188
263		121.605324
264		119.085007
265		115.514557
266		111.944107
267		116.774719
268		117.194771
269		121.185272
270		117.194771
271		114.464424
272		112.784210
273		119.295036
274		113.414291
275		103.753075
276		123.915619
277		114.674454
278		116.984741
279		104.803207
280		105.853340
281		107.953606
282		105.853340
283		113.414291
284		111.104004
285		124.545692
286		107.743576
287		115.514557
288		110.263893
289		107.323524
290		121.605324
291		104.173126
292		103.543045
293		105.433289
294		106.483421
295		113.414291
296		101.862839
297		107.953606
298		108.373657
299		104.593178
300		104.173126
301		101.232758
302		105.853340
303		111.524055
304		105.013237
305		108.373657
306		106.063370
307		100.602676
308		112.574188
309		107.323524
310		109.003738
311		109.843842
312		107.533554
313		105.013237
314		121.815353
315		356.834961
316		419.212830
317		127.696091
318		102.912971
319		101.022728
320		105.433289
321		105.223259
322		110.053871
323		97.452278
324		98.922470
325		106.483421
326		97.242256
327		105.223259
328		98.292389
329		87.581039
330		104.173126
331		100.392654
332		98.712440
333		101.862839
334		104.383156
335		100.812706
336		104.173126
337		104.803207
338		105.013237
339		106.483421
340		101.232758
341		96.402145
342		100.392654
343		108.793709
344		109.843842
345		102.282890
346		104.593178
347		101.232758
348		97.032227
349		100.392654
350		100.182625
351		106.903473
352		102.702942
353		98.502411
354		109.003738
355		96.402145
356		101.232758
357		112.364159
358		112.154137
359		100.182625
360		99.762573
361		102.282890
362		98.292389
363		106.063370
364		105.643311
365		98.922470
366		106.273392
367		108.583687
368		97.872337
369		102.912971
370		104.383156
371		109.843842
372		108.163628
373		107.953606
374		107.953606
375		111.104004
376		115.724586
377		114.044373
378		105.643311
379		106.273392
380		107.533554
381		121.815353
382		118.454926
383		108.163628
384		115.934608
385		119.925110
386		120.135139
387		119.715088
388		110.473923
389		122.025375
390		132.316681
391		128.956253
392		122.235405
393		114.884476
394		123.915619
395		128.326172
396		128.536194
397		127.906120
398		117.614822
399		127.696091
400		134.836990
401		135.257050
402		142.397949
403		135.257050
404		143.028030
405		144.498215
406		141.557846
407		125.175774
408		110.263893
409		114.254402
410		94.931961
411		102.492920
412		99.132492
413		107.533554
414		106.693443
415		113.834343
416		103.543045
417		98.292389
418		99.132492
419		95.562042
420		94.721939
421		100.812706
422		99.762573
423		95.562042
424		89.471275
425		89.681305
426		98.292389
427		94.301888
428		87.371010
429		90.731438
430		90.941460
431		94.301888
432		95.562042
433		85.900826
434		82.960457
435		90.311378
436		97.872337
437		88.211113
438		91.781563
439		89.891327
440		88.841194
441		82.540405
442		81.490273
443		81.280243
444		85.270744
445		72.669159
446		81.490273
447		77.919823
448		77.919823
449		81.280243
450		77.499763
451		84.640663
452		83.590538
453		76.239609
454		75.399506
455		79.600029
456		81.280243
457		88.001091
458		80.650162
459		88.211113
460		83.800560
461		84.220612
462		85.480774
463		77.709793
464		68.678658
465		71.829056
466		78.129845
467		82.750427
468		78.549896
469		77.079712
470		67.208473
471		70.988945
472		69.728790
473		66.368362
474		71.619026
475		76.449631
476		71.619026
477		71.619026
478		69.308731
479		67.838547
480		71.408997
481		65.738281
482		69.938812
483		71.408997
484		64.058075
485		69.728790
486		94.721939
487		884.211426
488		3317.998047
489		2017.304199
490		240.690338
491		66.998444
492		71.408997
493		61.537754
494		65.108208
495		64.898178
496		59.857544
497		53.976803
498		53.976803
499		64.478127
500		59.437492
501		66.578392
502		65.318230
503		61.327728
504		61.327728
505		58.597385
506		56.707146
507		62.377861
508		56.707146
509		56.917171
510		63.217968
511		59.017437
512		66.368362
513		62.797913
514		64.268097
515		62.377861
516		56.497120
517		59.437492
518		64.478127
519		64.058075
520		91.991592
521		266.103546
522		337.932587
523		115.304527
524		57.547253
525		62.797913
526		63.007942
527		60.697651
528		55.446987
529		59.227463
530		61.327728
531		55.657013
532		54.816910
533		61.327728
534		62.797913
535		60.277596
536		60.487621
537		56.497120
538		63.638020
539		55.446987
540		58.387360
541		63.007942
542		63.638020
543		59.437492
544		69.938812
545		167.181076
546		341.713074
547		200.785309
548		72.459129
549		62.167835
550		63.007942
551		56.287094
552		68.678658
553		60.277596
554		57.967304
555		63.427994
556		65.528259
557		68.468628
558		60.067570
559		64.688148
560		65.948311
561		76.029579
562		147.018524
563		158.359955
564		82.120346
565		53.346722
566		66.368362
567		60.697651
568		54.186829
569		52.506618
570		61.327728
571		63.217968
572		54.396854
573		60.277596
574		64.058075
575		61.747780
576		58.807411
577		62.167835
578		115.934608
579		299.707764
580		274.294556
581		101.652809
582		63.638020
583		55.657013
584		68.258606
585		53.976803
586		65.108208
587		72.459129
588		85.270744
589		95.982094
590		95.562042
591		77.919823
592		71.198975
593		60.907677
594		60.697651
595		68.888680
596		62.377861
597		62.587887
598		59.857544
599		70.358864
600		63.848045
601		59.857544
602		66.578392
603		63.217968
604		64.688148
605		65.108208
606		64.898178
607		66.788414
608		67.838547
609		72.459129
610		65.528259
611		60.907677
612		68.258606
613		63.217968
614		62.797913
615		64.058075
616		60.907677
617		65.108208
618		62.167835
619		68.048576
620		73.509262
621		72.039078
622		67.418495
623		67.418495
624		65.948311
625		72.249107
626		80.440140
627		69.308731
628		63.638020
629		70.778923
630		64.478127
631		67.628525
632		67.418495
633		73.929314
634		74.559395
635		71.619026
636		70.568893
637		70.358864
638		69.728790
639		69.728790
640		78.549896
641		70.568893
642		73.929314
643		68.258606
644		66.578392
645		77.289742
646		69.938812
647		61.117702
648		76.659660
649		68.888680
650		77.289742
651		72.669159
652		73.719292
653		68.468628
654		77.709793
655		70.358864
656		74.139343
657		68.258606
658		74.769424
659		74.559395
660		66.578392
661		71.198975
662		79.600029
663		76.449631
664		76.659660
665		70.988945
666		73.299240
667		78.129845
668		71.829056
669		82.540405
670		77.919823
671		86.740929
672		75.819557
673		76.869690
674		81.490273
675		78.549896
676		84.430641
677		84.430641
678		77.709793
679		85.900826
680		82.960457
681		81.280243
682		86.740929
683		79.390007
684		81.910324
685		92.411644
686		84.220612
687		97.242256
688		90.731438
689		94.091858
690		93.671806
691		93.041725
692		92.831696
693		97.452278
694		103.963104
695		125.595825
696		94.931961
697		91.361511
698		92.621674
699		94.511909
700		98.502411
701		98.082359
702		94.301888
703		99.762573
704		109.843842
705		95.352020
706		103.963104
707		83.170479
708		74.139343
709		83.590538
710		76.239609
711		76.449631
712		74.349373
713		73.089211
714		84.640663
715		73.089211
716		67.628525
717		79.179977
718		70.148842
719		69.938812
720		79.810059
721		75.819557
722		69.518761
723		69.308731
724		64.898178
725		70.778923
726		70.148842
727		70.358864
728		68.468628
729		67.418495
730		70.148842
731		64.268097
732		61.537754
733		61.327728
734		65.738281
735		63.848045
736		62.377861
737		64.478127
738		57.127201
739		64.688148
740		63.007942
741		60.907677
742		61.117702
743		56.287094
744		57.547253
745		53.766777
746		58.807411
747		51.036430
748		47.045929
749		53.556751
750		59.857544
751		64.688148
752		70.358864
753		59.017437
754		54.816910
755		46.625877
756		46.415848
757		46.415848
758		48.516113
759		44.735638
760		55.236961
761		52.926670
762		50.406353
763		48.936169
764		45.995796
765		50.196327
766		45.155689
767		46.625877
768		47.255955
769		48.726139
770		51.036430
771		49.566246
772		46.415848
773		44.735638
774		49.356220
775		49.776272
776		48.726139
777		43.055428
778		40.535107
779		41.795269
780		42.635372
781		48.306087
782		46.625877
783		48.096062
784		40.325081
785		45.365719
786		43.895531
787		43.265453
788		45.155689
789		42.425346
790		45.155689
791		40.745136
792		46.835903
793		76.659660
794		396.529968
795		1333.458008
796		2242.242676
797		1779.554321
798		671.874695
799		145.338318
800		52.926670
801		42.425346
802		40.535107
803		37.174686
804		38.644871
805		46.415848
806		45.575745
807		44.735638
808		44.735638
809		42.845398
810		39.905029
811		42.845398
812		43.265453
813		42.635372
814		38.854897
815		42.425346
816		43.055428
817		41.585239
818		42.635372
819		44.525612
820		45.785770
821		44.945663
822		46.415848
823		40.325081
824		43.895531
825		50.616379
826		41.165188
827		41.375214
828		38.434845
829		48.096062
830		46.835903
831		75.609528
832		90.731438
833		78.339874
834		54.396854
835		46.835903
836		43.475479
837		43.475479
838		47.255955
839		50.406353
840		50.196327
841		47.465981
842		44.735638
843		49.356220
844		47.676010
845		50.406353
846		49.776272
847		49.566246
848		47.465981
849		46.205822
850		50.616379
851		61.747780
852		54.396854
853		47.255955
854		50.616379
855		46.205822
856		49.356220
857		51.456486
858		51.666512
859		51.246460
860		50.196327
861		55.236961
862		51.246460
863		51.666512
864		53.346722
865		62.377861
866		53.766777
867		50.406353
868		55.657013
869		71.408997
870		114.464424
871		108.583687
872		64.688148
873		50.196327
874		43.055428
875		50.406353
876		48.726139
877		48.306087
878		49.566246
879		47.255955
880		43.895531
881		48.516113
882		51.036430
883		46.835903
884		49.776272
885		44.105556
886		46.625877
887		46.625877
888		40.745136
889		49.146194
890		50.196327
891		52.716644
892		48.726139
893		46.205822
894		49.566246
895		53.136696
896		55.236961
897		50.616379
898		47.045929
899		49.566246
900		50.406353
901		43.475479
902		44.945663
903		47.465981
904		46.415848
905		42.425346
906		53.346722
907		47.676010
908		46.205822
909		43.475479
910		48.096062
911		48.726139
912		48.306087
913		45.155689
914		39.274948
915		49.356220
916		45.785770
917		47.676010
918		46.625877
919		50.616379
920		52.296589
921		46.415848
922		43.895531
923		46.415848
924		44.735638
925		48.306087
926		48.936169
927		41.585239
928		47.676010
929		48.096062
930		49.356220
931		48.726139
932		48.516113
933		45.575745
934		53.976803
935		46.835903
936		48.726139
937		49.146194
938		47.255955
939		51.666512
940		47.465981
941		50.196327
942		47.465981
943		56.707146
944		51.036430
945		47.886036
946		41.585239
947		38.644871
948		47.045929
949		47.676010
950		41.585239
951		39.484978
952		40.745136
953		43.895531
954		41.795269
955		40.535107
956		60.067570
957		187.133591
958		371.536835
959		329.321503
960		146.598480
961		53.766777
962		46.415848
963		42.215321
964		41.795269
965		42.635372
966		39.064922
967		47.045929
968		45.365719
969		42.845398
970		35.284447
971		39.484978
972		34.444340
973		37.384712
974		38.224815
975		34.234314
976		39.484978
977		42.215321
978		38.434845
979		39.905029
980		35.704498
981		38.224815
982		37.804764
983		32.764130
984		41.585239
985		38.854897
986		34.444340
987		34.234314
988		35.074421
989		36.754631
990		39.064922
991		30.663864
992		36.124554
993		37.594738
994		37.174686
995		36.124554
996		35.494473
997		36.124554
998		34.444340
999		34.024288
1000		36.754631
1001		36.754631
1002		46.205822
1003		49.566246
1004		44.105556
1005		39.274948
1006		36.334579
1007		36.124554
1008		30.243811
1009		32.974155
1010		29.403706
1011		32.554104
1012		30.243811
1013		35.704498
1014		36.544605
1015		38.014790
1016		36.334579
1017		26.463335
1018		32.344074
1019		37.804764
1020		46.415848
1021		83.380508
1022		94.091858
1023		65.528259
1024		36.334579
1025		36.544605
1026		33.184181
1027		38.854897
1028		38.854897
1029		36.334579
1030		34.864395
1031		39.905029
1032		38.014790
1033		38.014790
1034		34.234314
1035		36.334579
1036		53.346722
1037		214.227005
1038		548.379089
1039		692.457275
1040		375.737366
1041		98.082359
1042		42.215321
1043		42.425346
1044		33.814262
1045		36.544605
1046		37.384712
1047		39.905029
1048		40.325081
1049		38.434845
1050		42.005295
1051		36.544605
1052		39.905029
1053		37.384712
1054		37.384712
1055		40.115055
1056		37.804764
1057		37.804764
1058		35.914528
1059		34.024288
1060		32.764130
1061		42.215321
1062		38.854897
1063		32.134048
1064		39.064922
1065		36.964657
1066		37.384712
1067		37.594738
1068		35.914528
1069		36.754631
1070		40.325081
1071		40.535107
1072		36.334579
1073		38.434845
1074		33.184181
1075		39.484978
1076		36.544605
1077		37.804764
1078		40.535107
1079		42.005295
1080		39.905029
1081		42.425346
1082		40.325081
1083		44.945663
1084		43.685505
1085		40.325081
1086		37.594738
1087		44.525612
1088		40.535107
1089		42.005295
1090		41.165188
1091		44.105556
1092		42.425346
1093		38.014790
1094		40.535107
1095		45.575745
1096		48.936169
1097		55.026936
1098		52.296589
1099		36.334579
1100		39.695004
1101		39.695004
1102		44.105556
1103		40.535107
1104		39.484978
1105		38.854897
1106		40.535107
1107		42.635372
1108		42.005295
1109		38.014790
1110		39.905029
1111		39.484978
1112		37.384712
1113		42.635372
1114		36.334579
1115		36.334579
1116		42.845398
1117		36.754631
1118		41.375214
1119		42.845398
1120		39.064922
1121		39.274948
1122		39.695004
1123		39.905029
1124		37.384712
1125		38.434845
1126		47.045929
1127		41.585239
1128		39.484978
1129		38.224815
1130		42.005295
1131		42.425346
1132		41.165188
1133		41.375214
1134		37.594738
1135		36.754631
1136		38.644871
1137		38.854897
1138		38.854897
1139		34.444340
1140		40.745136
1141		39.484978
1142		38.854897
1143		38.434845
1144		44.105556
1145		39.064922
1146		40.115055
1147		45.995796
1148		40.325081
1149		38.014790
1150		43.475479
1151		44.945663
1152		47.465981
1153		39.484978
1154		43.265453
1155		43.475479
1156		40.955162
1157		47.676010
1158		38.854897
1159		43.475479
1160		44.525612
1161		37.594738
1162		43.685505
1163		39.274948
1164		37.594738
1165		48.936169
1166		44.945663
1167		38.224815
1168		45.365719
1169		35.704498
1170		39.064922
1171		39.695004
1172		42.845398
1173		47.045929
1174		87.581039
1175		139.037521
1176		148.908768
1177		97.662308
1178		46.835903
1179		44.735638
1180		40.955162
1181		36.124554
1182		36.754631
1183		40.325081
1184		37.174686
1185		37.174686
1186		38.224815
1187		36.754631
1188		36.964657
1189		38.014790
1190		42.215321
1191		39.695004
1192		37.174686
1193		41.375214
1194		38.224815
1195		35.284447
1196		39.064922
1197		34.864395
1198		37.174686
1199		44.945663
1200		36.544605
1201		37.384712
1202		36.334579
1203		36.334579
1204		43.475479
1205		38.014790
1206		39.064922
1207		45.155689
1208		51.666512
1209		48.306087
1210		53.976803
1211		48.306087
1212		47.255955
1213		40.535107
1214		42.425346
1215		40.745136
1216		39.905029
1217		32.764130
1218		32.344074
1219		37.804764
1220		37.804764
1221		40.115055
1222		34.024288
1223		37.594738
1224		40.955162
1225		41.585239
1226		63.638020
1227		135.677094
1228		248.881363
1229		271.774261
1230		170.541489
1231		73.929314
1232		52.296589
1233		55.657013
1234		57.967304
1235		53.766777
1236		50.616379
1237		43.685505
1238		43.685505
1239		45.575745
1240		46.625877
1241		45.995796
1242		43.895531
1243		44.315586
1244		51.876537
1245		47.465981
1246		45.365719
1247		43.475479
1248		45.575745
1249		48.936169
1250		54.396854
1251		52.506618
1252		47.465981
1253		40.955162
1254		45.155689
1255		50.406353
1256		44.735638
1257		45.155689
1258		48.096062
1259		45.365719
1260		45.995796
1261		45.575745
1262		47.255955
1263		50.616379
1264		43.055428
1265		52.296589
1266		57.337227
1267		58.807411
1268		53.346722
1269		52.506618
1270		48.306087
1271		47.676010
1272		48.936169
1273		41.375214
1274		47.676010
1275		41.795269
1276		50.616379
1277		52.926670
1278		50.826405
1279		46.625877
1280		50.406353
1281		43.055428
1282		47.676010
1283		48.516113
1284		44.945663
1285		50.196327
1286		53.136696
1287		45.995796
1288		49.776272
1289		51.666512
1290		50.826405
1291		48.726139
1292		53.556751
1293		49.566246
1294		48.726139
1295		52.506618
1296		50.826405
1297		50.616379
1298		49.986298
1299		52.716644
1300		56.917171
1301		63.007942
1302		85.480774
1303		122.865486
1304		115.094505
1305		89.051224
1306		64.478127
1307		64.058075
1308		52.926670
1309		53.346722
1310		60.067570
1311		54.816910
1312		52.716644
1313		55.657013
1314		58.177330
1315		56.497120
1316		66.578392
1317		57.337227
1318		53.976803
1319		58.387360
1320		57.337227
1321		59.647518
1322		54.816910
1323		53.136696
1324		59.017437
1325		64.268097
1326		64.268097
1327		60.277596
1328		64.268097
1329		67.208473
1330		62.587887
1331		60.697651
1332		58.807411
1333		68.888680
1334		59.857544
1335		63.638020
1336		67.838547
1337		64.478127
1338		70.988945
1339		66.158340
1340		57.337227
1341		48.936169
1342		54.396854
1343		55.446987
1344		55.236961
1345		50.406353
1346		57.547253
1347		53.976803
1348		49.776272
1349		53.556751
1350		48.726139
1351		48.306087
1352		51.456486
1353		52.086563
1354		57.757278
1355		52.296589
1356		51.666512
1357		48.096062
1358		47.886036
1359		49.776272
1360		55.446987
1361		61.747780
1362		49.146194
1363		57.967304
1364		48.726139
1365		51.036430
1366		52.506618
1367		49.566246
1368		50.826405
1369		52.086563
1370		49.776272
1371		44.105556
1372		51.666512
1373		47.255955
1374		46.205822
1375		49.146194
1376		53.136696
1377		49.986298
1378		40.535107
1379		43.685505
1380		46.205822
1381		45.155689
1382		43.895531
1383		40.115055
1384		41.165188
1385		41.375214
1386		36.334579
1387		36.124554
1388		40.325081
1389		42.005295
1390		35.704498
1391		37.804764
1392		37.594738
1393		39.905029
1394		34.024288
1395		34.234314
1396		38.224815
1397		31.924023
1398		35.284447
1399		38.854897
1400		39.064922
1401		35.074421
1402		38.854897
1403		30.663864
1404		34.654366
1405		35.704498
1406		34.234314
1407		35.704498
1408		37.594738
1409		32.764130
1410		34.024288
1411		34.444340
1412		32.974155
1413		30.453838
1414		26.673361
1415		26.463335
1416		29.613731
1417		33.394207
1418		38.434845
1419		38.434845
1420		36.544605
1421		32.554104
1422		28.983652
1423		29.613731
1424		27.513468
1425		27.933519
1426		26.673361
1427		26.463335
1428		29.613731
1429		25.413202
1430		27.933519
1431		27.513468
1432		56.077068
1433		254.762100
1434		704.848816
1435		1161.026367
1436		1046.141846
1437		537.457703
1438		162.140427
1439		43.895531
1440		31.713997
1441		25.623230
1442		28.773626
1443		26.253309
1444		26.043282
1445		28.353573
1446		22.472832
1447		25.623230
1448		26.043282
1449		29.403706
1450		32.974155
1451		37.594738
1452		33.394207
1453		26.883389
1454		24.153044
1455		27.303440
1456		27.933519
1457		25.623230
1458		19.112408
1459		27.303440
1460		25.833256
1461		24.993149
1462		24.783123
1463		21.212673
1464		19.112408
1465		23.732990
1466		21.002647
1467		21.422699
1468		22.052778
1469		21.422699
1470		21.002647
1471		21.422699
1472		21.632727
1473		25.623230
1474		23.312939
1475		32.554104
1476		35.704498
1477		31.083918
1478		24.993149
1479		22.472832
1480		19.532461
1481		23.312939
1482		21.632727
1483		23.312939
1484		20.792620
1485		23.102911
1486		23.312939
1487		21.842752
1488		22.052778
1489		20.372568
1490		18.272303
1491		22.892885
1492		21.212673
1493		24.573097
1494		19.952515
1495		20.582594
1496		25.623230
1497		20.162540
1498		26.253309
1499		26.043282
1500		22.472832
1501		21.002647
1502		24.153044
1503		23.522964
1504		27.513468
1505		21.002647
1506		25.203176
1507		43.895531
1508		96.402145
1509		202.675537
1510		311.889313
1511		281.645508
1512		162.980545
1513		55.446987
1514		27.723494
1515		19.742489
1516		18.902382
1517		18.902382
1518		22.472832
1519		22.052778
1520		20.792620
1521		24.363070
1522		20.372568
1523		19.112408
1524		18.062277
1525		20.582594
1526		19.322435
1527		22.472832
1528		20.792620
1529		22.472832
1530		19.532461
1531		18.902382
1532		18.692356
1533		21.422699
1534		20.582594
1535		19.742489
1536		20.372568
1537		22.262806
1538		19.112408
1539		21.422699
1540		16.382065
1541		15.751986
1542		21.212673
1543		18.062277
1544		21.632727
1545		19.532461
1546		18.902382
1547		17.012144
1548		19.742489
1549		16.172037
1550		17.432198
1551		18.062277
1552		18.902382
1553		19.322435
1554		17.012144
1555		13.441694
1556		18.062277
1557		18.272303
1558		20.792620
1559		18.482328
1560		17.642223
1561		20.582594
1562		14.911880
1563		19.742489
1564		16.592091
1565		14.701853
1566		17.012144
1567		17.852249
1568		16.592091
1569		18.062277
1570		15.331932
1571		18.272303
1572		16.802118
1573		15.121905
1574		14.701853
1575		17.642223
1576		17.012144
1577		18.482328
1578		15.541959
1579		15.751986
1580		18.902382
1581		13.861747
1582		13.441694
1583		14.911880
1584		15.962011
1585		13.861747
1586		18.062277
1587		14.071774
1588		14.701853
1589		16.172037
1590		14.491826
1591		15.962011
1592		15.121905
1593		18.692356
1594		14.491826
1595		18.692356
1596		18.692356
1597		15.541959
1598		15.962011
1599		14.071774
1600		17.642223
1601		15.121905
1602		14.701853
1603		18.482328
1604		13.231668
1605		17.642223
1606		18.272303
1607		23.732990
1608		28.353573
1609		26.883389
1610		21.212673
1611		16.382065
1612		20.792620
1613		15.331932
1614		12.391562
1615		13.441694
1616		15.962011
1617		16.382065
1618		19.742489
1619		13.441694
1620		12.181535
1621		15.541959
1622		11.761482
1623		13.021641
1624		15.331932
1625		14.911880
1626		15.541959
1627		13.441694
1628		15.331932
1629		16.172037
1630		16.172037
1631		14.281800
1632		16.382065
1633		15.541959
1634		13.651720
1635		9.871244
1636		15.331932
1637		13.441694
1638		12.811615
1639		12.391562
1640		12.181535
1641		14.071774
1642		13.021641
1643		16.382065
1644		18.272303
1645		24.783123
1646		21.422699
1647		18.482328
1648		20.162540
1649		17.642223
1650		13.861747
1651		13.021641
1652		12.811615
1653		12.181535
1654		11.551455
1655		15.751986
1656		10.711349
1657		13.441694
1658		13.861747
1659		13.441694
1660		10.291297
1661		12.181535
1662		12.601588
1663		11.131403
1664		13.021641
1665		13.651720
1666		14.701853
1667		12.181535
1668		14.281800
1669		12.181535
1670		9.241164
1671		14.071774
1672		7.981006
1673		10.921376
1674		10.501324
1675		12.811615
1676		11.551455
1677		14.701853
1678		13.651720
1679		13.861747
1680		15.121905
1681		18.482328
1682		15.751986
1683		16.172037
1684		13.021641
1685		13.231668
1686		10.921376
1687		10.501324
1688		12.391562
1689		8.821112
1690		12.811615
1691		13.231668
1692		9.451191
1693		12.811615
1694		10.921376
1695		12.181535
1696		9.871244
1697		9.871244
1698		10.501324
1699		10.711349
1700		11.131403
1701		9.241164
1702		11.971509
1703		11.551455
1704		11.341430
1705		11.341430
1706		8.821112
1707		13.441694
1708		14.911880
1709		12.181535
1710		11.971509
1711		14.071774
1712		9.451191
1713		10.711349
1714		14.071774
1715		13.021641
1716		12.601588
1717		10.291297
1718		12.181535
1719		11.341430
1720		15.962011
1721		13.651720
1722		9.031138
1723		12.391562
1724		17.432198
1725		26.463335
1726		33.184181
1727		30.033785
1728		24.153044
1729		15.331932
1730		12.601588
1731		12.181535
1732		10.291297
1733		10.711349
1734		10.501324
1735		9.241164
1736		10.081270
1737		11.551455
1738		11.971509
1739		10.921376
1740		10.291297
1741		12.601588
1742		10.501324
1743		9.241164
1744		10.711349
1745		8.611085
1746		7.560953
1747		9.031138
1748		11.341430
1749		9.451191
1750		11.551455
1751		7.981006
1752		8.401059
1753		8.401059
1754		7.350926
1755		11.341430
1756		8.191032
1757		9.451191
1758		7.981006
1759		10.711349
1760		8.191032
1761		8.611085
1762		6.300794
1763		10.501324
1764		7.140900
1765		8.191032
1766		13.021641
1767		6.720847
1768		9.241164
1769		9.661218
1770		9.241164
1771		7.981006
1772		8.821112
1773		8.401059
1774		7.770979
1775		10.711349
1776		8.191032
1777		8.611085
1778		4.620582
1779		7.981006
1780		7.981006
1781		8.821112
1782		6.930873
1783		8.191032
1784		10.081270
1785		8.611085
1786		9.031138
1787		9.451191
1788		8.821112
1789		6.930873
1790		8.191032
1791		8.401059
1792		7.981006
1793		9.241164
1794		9.031138
1795		8.191032
1796		7.770979
1797		9.871244
1798		7.770979
1799		9.451191
1800		7.560953
1801		6.300794
1802		6.510820
1803		7.770979
1804		6.930873
1805		6.720847
1806		7.350926
1807		7.350926
1808		7.770979
1809		9.871244
1810		8.191032
1811		9.871244
1812		14.491826
1813		33.604237
1814		39.905029
1815		51.456486
1816		41.585239
1817		24.783123
1818		11.551455
1819		6.720847
1820		6.090767
1821		5.670715
1822		6.090767
1823		5.250662
1824		6.300794
1825		6.300794
1826		5.880741
1827		6.300794
1828		6.930873
1829		5.880741
1830		5.880741
1831		6.510820
1832		4.410556
1833		6.720847
1834		6.930873
1835		6.930873
1836		6.720847
1837		5.460688
1838		8.401059
1839		7.140900
1840		7.560953
1841		7.140900
1842		7.560953
1843		4.620582
1844		6.930873
1845		6.930873
1846		8.191032
1847		4.830609
1848		6.510820
1849		6.300794
1850		6.300794
1851		5.250662
1852		6.930873
1853		5.880741
1854		6.090767
1855		4.830609
1856		5.670715
1857		3.780476
1858		7.350926
1859		7.350926
1860		5.040635
1861		3.990503
1862		7.350926
1863		6.300794
1864		5.040635
1865		3.780476
1866		4.830609
1867		5.250662
1868		6.090767
1869		7.140900
1870		6.510820
1871		7.140900
1872		4.830609
1873		5.250662
1874		6.510820
1875		7.350926
1876		3.780476
1877		5.460688
1878		4.620582
1879		4.830609
1880		6.930873
1881		6.300794
1882		5.250662
1883		3.990503
1884		3.780476
1885		6.300794
1886		10.711349
1887		14.911880
1888		15.751986
1889		22.472832
1890		20.582594
1891		15.541959
1892		10.711349
1893		5.880741
1894		6.720847
1895		5.040635
1896		6.510820
1897		3.780476
1898		3.780476
1899		3.150397
1900		3.990503
1901		5.040635
1902		4.830609
1903		5.880741
1904		2.730344
1905		5.460688
1906		3.780476
1907		3.780476
1908		4.620582
1909		3.780476
1910		4.830609
1911		4.410556
1912		4.830609
1913		7.350926
1914		7.981006
1915		11.341430
1916		9.871244
1917		14.281800
1918		6.300794
1919		4.830609
1920		6.300794
1921		6.090767
1922		5.040635
1923		3.570450
1924		4.830609
1925		3.150397
1926		4.830609
1927		5.040635
1928		5.880741
1929		4.410556
1930		4.830609
1931		4.620582
1932		4.200530
1933		4.830609
1934		6.090767
1935		7.350926
1936		6.090767
1937		3.150397
1938		4.620582
1939		4.200530
1940		4.200530
1941		4.830609
1942		3.990503
1943		6.720847
1944		4.200530
1945		4.200530
1946		5.250662
1947		5.460688
1948		5.250662
1949		3.570450
1950		5.880741
1951		4.410556
1952		2.940371
1953		3.360424
1954		5.880741
1955		3.570450
1956		4.620582
1957		3.570450
1958		5.250662
1959		5.250662
1960		3.360424
1961		4.620582
1962		4.410556
1963		4.620582
1964		3.780476
1965		4.830609
1966		3.570450
1967		5.670715
1968		4.410556
1969		3.990503
1970		5.880741
1971		3.780476
1972		5.880741
1973		4.620582
1974		3.990503
1975		3.990503
1976		4.830609
1977		3.360424
1978		5.040635
1979		6.090767
1980		5.040635
1981		4.410556
1982		5.250662
1983		5.460688
1984		3.990503
1985		3.780476
1986		3.990503
1987		4.200530
1988		2.940371
1989		5.250662
1990		4.620582
1991		6.930873
1992		5.250662
1993		6.930873
1994		5.040635
1995		2.520318
1996		4.410556
1997		5.670715
1998		4.200530
1999		5.040635
2000		2.520318
2001		4.200530
2002		3.780476
2003		3.360424
2004		3.360424
2005		4.830609
2006		5.040635
2007		3.570450
2008		6.510820
2009		2.520318
2010		4.410556
2011		3.360424
2012		5.250662
2013		5.250662
2014		4.200530
2015		3.570450
2016		4.620582
2017		2.730344
2018		3.780476
2019		4.200530
2020		4.830609
2021		3.570450
2022		3.150397
2023		5.040635
2024		4.200530
2025		2.310291
2026		2.520318
2027		4.620582
2028		4.620582
2029		4.620582
2030		5.040635
2031		2.940371
2032		3.570450
2033		3.990503
2034		4.200530
2035		2.940371
2036		3.570450
2037		3.780476
2038		4.830609
2039		4.200530
2040		2.940371
2041		1.890238
2042		4.410556
2043		3.990503
2044		2.520318
2045		2.310291
2046		3.570450
2047		3.780476
2048		3.150397
2049		4.410556
2050		3.360424
2051		3.780476
2052		2.940371
2053		2.520318
2054		2.940371
2055		3.360424
2056		1.680212
2057		2.520318
2058		3.570450
2059		2.100265
2060		1.890238
2061		2.310291
2062		2.730344
2063		2.940371
2064		3.150397
2065		3.150397
2066		1.680212
2067		2.730344
2068		1.890238
2069		1.470185
2070		3.570450
2071		2.100265
2072		2.310291
2073		1.680212
2074		2.310291
2075		1.890238
2076		1.470185
2077		1.470185
2078		2.100265
2079		1.680212
2080		1.470185
2081		2.520318
2082		1.470185
2083		1.680212
2084		1.680212
2085		2.100265
2086		2.310291
2087		2.730344
2088		1.470185
2089		2.940371
2090		2.730344
2091		1.470185
2092		1.050132
2093		1.470185
2094		0.840106
2095		2.100265
2096		2.100265
2097		1.470185
2098		2.940371
2099		2.730344
2100		1.470185
2101		1.680212
2102		1.890238
2103		1.470185
2104		2.520318
2105		2.520318
2106		1.470185
2107		0.840106
2108		1.890238
2109		1.680212
2110		1.470185
2111		1.470185
2112		1.470185
2113		1.470185
2114		1.260159
2115		1.050132
2116		0.840106
2117		0.840106
2118		1.680212
2119		3.150397
2120		7.140900
2121		15.121905
2122		24.363070
2123		28.353573
2124		21.842752
2125		12.181535
2126		4.410556
2127		1.260159
2128		0.840106
2129		0.630079
2130		1.260159
2131		0.840106
2132		1.260159
2133		1.050132
2134		0.420053
2135		1.050132
2136		0.420053
2137		1.680212
2138		1.470185
2139		1.890238
2140		0.420053
2141		1.680212
2142		0.210026
2143		1.260159
2144		0.210026
2145		1.260159
2146		0.420053
2147		1.260159
2148		1.050132
2149		0.840106
2150		1.050132
2151		1.050132
2152		1.050132
2153		1.260159
2154		0.840106
2155		1.050132
2156		0.840106
2157		0.630079
2158		0.630079
2159		0.840106
2160		0.420053
2161		1.050132
2162		1.470185
2163		1.050132
2164		0.630079
2165		1.470185
2166		0.420053
2167		1.260159
2168		1.050132
2169		0.840106
2170		1.470185
2171		0.630079
2172		0.630079
2173		1.680212
2174		0.210026
2175		0.630079
2176		0.630079
2177		0.840106
2178		0.630079
2179		0.420053
2180		0.210026
2181		0.630079
2182		0.420053
2183		0.420053
2184		0.630079
2185		0.630079
2186		0.840106
2187		0.210026
2188		1.470185
2189		0.630079
2190		0.630079
2191		0.840106
2192		0.210026
2193		0.630079
2194		2.100265
2195		3.150397
2196		5.460688
2197		7.981006
2198		9.661218
2199		6.930873
2200		3.570450
2201		1.890238
2202		1.050132
2203		0.420053
2204		1.260159
2205		0.420053
2206		1.050132
2207		0.630079
2208		0.630079
2209		0.420053
2210		1.050132
2211		0.840106
2212		1.260159
2213		0.840106
2214		0.210026
2215		0.420053
2216		0.630079
2217		0.630079
2218		1.260159
2219		0.840106
2220		0.420053
2221		1.050132
2222		0.210026
2223		0.630079
2224		0.630079
2225		0.210026
2226		0.840106
2227		0.630079
2228		0.210026
2229		0.840106
2230		0.000000
2231		0.210026
2232		0.630079
2233		0.630079
2234		0.210026
2235		0.840106
2236		0.000000
2237		1.260159
2238		0.630079
2239		0.000000
2240		0.420053
2241		0.420053
2242		1.050132
2243		0.630079
2244		0.210026
2245		0.210026
2246		0.630079
2247		0.840106
2248		0.210026
2249		0.630079
2250		0.630079
2251		0.210026
2252		0.420053
2253		0.000000
2254		0.420053
2255		0.420053
2256		0.420053
2257		0.420053
2258		0.210026
2259		0.630079
2260		0.000000
2261		0.210026
2262		0.630079
2263		1.050132
2264		0.840106
2265		0.630079
2266		0.630079
2267		0.630079
2268		0.420053
2269		0.630079
2270		0.210026
2271		0.210026
2272		0.630079
2273		0.420053
2274		0.000000
2275		0.000000
2276		0.420053
2277		0.420053
2278		0.420053
2279		0.630079
2280		1.050132
2281		0.420053
2282		0.210026
2283		0.000000
2284		0.000000
2285		0.000000
2286		0.210026
2287		0.420053
2288		0.420053
2289		0.420053
2290		0.630079
2291		0.420053
2292		0.420053
2293		0.630079
2294		0.210026
2295		0.420053
2296		0.210026
2297		0.420053
2298		0.210026
2299		0.840106
2300		0.000000
2301		0.420053
2302		0.210026
2303		0.420053
2304		0.420053
2305		0.420053
2306		0.000000
2307		0.420053
2308		0.210026
2309		0.420053
2310		0.000000
2311		0.000000
2312		0.630079
2313		0.210026
2314		0.210026
2315		0.210026
2316		0.420053
2317		0.000000
2318		0.210026
2319		0.420053
2320		0.210026
2321		0.000000
2322		0.210026
2323		0.420053
2324		0.000000
2325		0.000000
2326		0.210026
2327		0.000000
2328		0.210026
2329		0.000000
2330		0.210026
2331		0.420053
2332		0.000000
2333		0.000000
2334		0.210026
2335		0.000000
2336		0.210026
2337		0.420053
2338		0.210026
2339		0.210026
2340		0.210026
2341		0.420053
2342		0.210026
2343		0.000000
2344		0.000000
2345		0.630079
2346		0.000000
2347		0.210026
2348		0.210026
2349		0.630079
2350		0.210026
2351		0.210026
2352		0.000000
2353		0.000000
2354		0.840106
2355		0.420053
2356		0.210026
2357		0.420053
2358		0.000000
2359		0.420053
2360		0.420053
2361		0.000000
2362		0.210026
2363		0.000000
2364		0.210026
2365		0.000000
2366		0.000000
2367		0.000000
2368		0.420053
2369		0.630079
2370		0.210026
2371		0.210026
2372		0.000000
2373		0.000000
2374		0.420053
2375		0.420053
2376		0.000000
2377		0.000000
2378		0.000000
2379		0.000000
2380		0.000000
2381		0.000000
2382		0.210026
2383		0.000000
2384		0.210026
2385		0.210026
2386		0.210026
2387		0.210026
2388		0.000000
2389		0.000000
2390		0.000000
2391		0.000000
2392		0.000000
2393		0.000000
2394		0.000000
2395		0.000000
2396		0.210026
2397		0.000000
2398		0.000000
2399		0.420053
2400		0.000000
2401		0.000000
2402		0.210026
2403		0.000000
2404		0.210026
2405		0.000000
2406		0.000000
2407		0.000000
2408		0.000000
2409		0.000000
2410		0.210026
2411		0.000000
2412		0.000000
2413		0.000000
2414		0.000000
2415		0.000000
2416		0.000000
2417		0.000000
2418		0.000000
2419		0.210026
2420		0.000000
2421		0.000000
2422		0.000000
2423		0.000000
2424		0.000000
2425		0.210026
2426		0.000000
2427		0.210026
2428		0.000000
2429		0.000000
2430		0.000000
2431		0.000000
2432		0.210026
2433		0.000000
2434		0.000000
2435		0.000000
2436		0.000000
2437		0.000000
2438		0.000000
2439		0.000000
2440		0.000000
2441		0.000000
2442		0.000000
2443		0.000000
2444		0.000000
2445		0.000000
2446		0.000000
2447		0.000000
2448		0.000000
2449		0.000000
2450		0.000000
2451		0.000000
2452		0.000000
2453		0.000000
2454		0.000000
2455		0.000000
2456		0.000000
2457		0.000000
2458		0.000000
2459		0.000000
2460		0.000000
2461		0.000000
2462		0.000000
2463		0.000000
2464		0.000000
2465		0.000000
2466		0.000000
2467		0.000000
2468		0.000000
2469		0.000000
2470		0.000000
2471		0.000000
2472		0.000000
2473		0.000000
2474		0.000000
2475		0.000000
2476		0.000000
2477		0.000000
2478		0.000000
2479		0.000000
2480		0.000000
2481		0.000000
2482		0.000000
2483		0.000000
2484		0.000000
2485		0.000000
2486		0.000000
2487		0.000000
2488		0.000000
2489		0.000000
2490		0.000000
2491		0.000000
2492		0.000000
2493		0.000000
2494		0.000000
2495		0.000000
2496		0.000000
2497		0.000000
2498		0.000000
2499		0.000000
2500		0.000000
2501		0.000000
2502		0.000000
2503		0.000000
2504		0.000000
2505		0.000000
2506		0.000000
2507		0.000000
2508		0.000000
2509		0.000000
2510		0.000000
2511		0.000000
2512		0.000000
2513		0.000000
2514		0.000000
2515		0.000000
2516		0.000000
2517		0.000000
2518		0.000000
2519		0.000000
2520		0.000000
2521		0.000000
2522		0.000000
2523		0.000000
2524		0.000000
2525		0.000000
2526		0.000000
2527		0.000000
2528		0.000000
2529		0.000000
2530		0.000000
2531		0.000000
2532		0.000000
2533		0.000000
2534		0.000000
2535		0.000000
2536		0.000000
2537		0.000000
2538		0.000000
2539		0.000000
2540		0.000000
2541		0.000000
2542		0.000000
2543		0.000000
2544		0.000000
2545		0.000000
2546		0.000000
2547		0.000000
2548		0.000000
2549		0.000000
2550		0.000000
2551		0.000000
2552		0.000000
2553		0.000000
2554		0.000000
2555		0.000000
2556		0.000000
2557		0.000000
2558		0.000000
2559		0.000000
2560		0.000000
2561		0.000000
2562		0.000000
2563		0.000000
2564		0.000000
2565		0.000000
2566		0.000000
2567		0.000000
2568		0.000000
2569		0.000000
2570		0.000000
2571		0.000000
2572		0.000000
2573		0.000000
2574		0.000000
2575		0.000000
2576		0.000000
2577		0.000000
2578		0.000000
2579		0.000000
2580		0.000000
2581		0.000000
2582		0.000000
2583		0.000000
2584		0.000000
2585		0.000000
2586		0.000000
2587		0.000000
2588		0.000000
2589		0.000000
2590		0.000000
2591		0.000000
2592		0.000000
2593		0.000000
2594		0.000000
2595		0.000000
2596		0.000000
2597		0.000000
2598		0.000000
2599		0.000000
2600		0.000000
2601		0.000000
2602		0.000000
2603		0.000000
2604		0.000000
2605		0.000000
2606		0.000000
2607		0.000000
2608		0.000000
2609		0.000000
2610		0.000000
2611		0.000000
2612		0.000000
2613		0.000000
2614		0.000000
2615		0.000000
2616		0.000000
2617		0.000000
2618		0.000000
2619		0.000000
2620		0.000000
2621		0.000000
2622		0.000000
2623		0.000000
2624		0.000000
2625		0.000000
2626		0.000000
2627		0.000000
2628		0.000000
2629		0.000000
2630		0.000000
2631		0.000000
2632		0.000000
2633		0.000000
2634		0.000000
2635		0.000000
2636		0.000000
2637		0.000000
2638		0.000000
2639		0.000000
2640		0.000000
2641		0.000000
2642		0.000000
2643		0.000000
2644		0.000000
2645		0.000000
2646		0.000000
2647		0.000000
2648		0.000000
2649		0.000000
2650		0.000000
2651		0.000000
2652		0.000000
2653		0.000000
2654		0.000000
2655		0.000000
2656		0.000000
2657		0.000000
2658		0.000000
2659		0.000000
2660		0.000000
2661		0.000000
2662		0.000000
2663		0.000000
2664		0.000000
2665		0.000000
2666		0.000000
2667		0.000000
2668		0.000000
2669		0.000000
2670		0.000000
2671		0.000000
2672		0.000000
2673		0.000000
2674		0.000000
2675		0.000000
2676		0.000000
2677		0.000000
2678		0.000000
2679		0.000000
2680		0.000000
2681		0.000000
2682		0.000000
2683		0.000000
2684		0.000000
2685		0.000000
2686		0.000000
2687		0.000000
2688		0.000000
2689		0.000000
2690		0.000000
2691		0.000000
2692		0.000000
2693		0.000000
2694		0.000000
2695		0.000000
2696		0.000000
2697		0.000000
2698		0.000000
2699		0.000000
2700		0.000000
2701		0.000000
2702		0.000000
2703		0.000000
2704		0.000000
2705		0.000000
2706		0.000000
2707		0.000000
2708		0.000000
2709		0.000000
2710		0.000000
2711		0.000000
2712		0.000000
2713		0.000000
2714		0.000000
2715		0.000000
2716		0.000000
2717		0.000000
2718		0.000000
2719		0.000000
2720		0.000000
2721		0.000000
2722		0.000000
2723		0.000000
2724		0.000000
2725		0.000000
2726		0.000000
2727		0.000000
2728		0.000000
2729		0.000000
2730		0.000000
2731		0.000000
2732		0.000000
2733		0.000000
2734		0.000000
2735		0.000000
2736		0.000000
2737		0.000000
2738		0.000000
2739		0.000000
2740		0.000000
2741		0.000000
2742		0.000000
2743		0.000000
2744		0.000000
2745		0.000000
2746		0.000000
2747		0.000000
2748		0.000000
2749		0.000000
2750		0.000000
2751		0.000000
2752		0.000000
2753		0.000000
2754		0.000000
2755		0.000000
2756		0.000000
2757		0.000000
2758		0.000000
2759		0.000000
2760		0.000000
2761		0.000000
2762		0.000000
2763		0.000000
2764		0.000000
2765		0.000000
2766		0.000000
2767		0.000000
2768		0.000000
2769		0.000000
2770		0.000000
2771		0.000000
2772		0.000000
2773		0.000000
2774		0.000000
2775		0.000000
2776		0.000000
2777		0.000000
2778		0.000000
2779		0.000000
2780		0.000000
2781		0.000000
2782		0.000000
2783		0.000000
2784		0.000000
2785		0.000000
2786		0.000000
2787		0.000000
2788		0.000000
2789		0.000000
2790		0.000000
2791		0.000000
2792		0.000000
2793		0.000000
2794		0.000000
2795		0.000000
2796		0.000000
2797		0.000000
2798		0.000000
2799		0.000000
2800		0.000000
2801		0.000000
2802		0.000000
2803		0.000000
2804		0.000000
2805		0.000000
2806		0.000000
2807		0.000000
2808		0.000000
2809		0.000000
2810		0.000000
2811		0.000000
2812		0.000000
2813		0.000000
2814		0.000000
2815		0.000000
2816		0.000000
2817		0.000000
2818		0.000000
2819		0.000000
2820		0.000000
2821		0.000000
2822		0.000000
2823		0.000000
2824		0.000000
2825		0.000000
2826		0.000000
2827		0.000000
2828		0.000000
2829		0.000000
2830		0.000000
2831		0.000000
2832		0.000000
2833		0.000000
2834		0.000000
2835		0.000000
2836		0.000000
2837		0.000000
2838		0.000000
2839		0.000000
2840		0.000000
2841		0.000000
2842		0.000000
2843		0.000000
2844		0.000000
2845		0.000000
2846		0.000000
2847		0.000000
2848		0.000000
2849		0.000000
2850		0.000000
2851		0.000000
2852		0.000000
2853		0.000000
2854		0.000000
2855		0.000000
2856		0.000000
2857		0.000000
2858		0.000000
2859		0.000000
2860		0.000000
2861		0.000000
2862		0.000000
2863		0.000000
2864		0.000000
2865		0.000000
2866		0.000000
2867		0.000000
2868		0.000000
2869		0.000000
2870		0.000000
2871		0.000000
2872		0.000000
2873		0.000000
2874		0.000000
2875		0.000000
2876		0.000000
2877		0.000000
2878		0.000000
2879		0.000000
2880		0.000000
2881		0.000000
2882		0.000000
2883		0.000000
2884		0.000000
2885		0.000000
2886		0.000000
2887		0.000000
2888		0.000000
2889		0.000000
2890		0.000000
2891		0.000000
2892		0.000000
2893		0.000000
2894		0.000000
2895		0.000000
2896		0.000000
2897		0.000000
2898		0.000000
2899		0.000000
2900		0.000000
2901		0.000000
2902		0.000000
2903		0.000000
2904		0.000000
2905		0.000000
2906		0.000000
2907		0.000000
2908		0.000000
2909		0.000000
2910		0.000000
2911		0.000000
2912		0.000000
2913		0.000000
2914		0.000000
2915		0.000000
2916		0.000000
2917		0.000000
2918		0.000000
2919		0.000000
2920		0.000000
2921		0.000000
2922		0.000000
2923		0.000000
2924		0.000000
2925		0.000000
2926		0.000000
2927		0.000000
2928		0.000000
2929		0.000000
2930		0.000000
2931		0.000000
2932		0.000000
2933		0.000000
2934		0.000000
2935		0.000000
2936		0.000000
2937		0.000000
2938		0.000000
2939		0.000000
2940		0.000000
2941		0.000000
2942		0.000000
2943		0.000000
2944		0.000000
2945		0.000000
2946		0.000000
2947		0.000000
2948		0.000000
2949		0.000000
2950		0.000000
2951		0.000000
2952		0.000000
2953		0.000000
2954		0.000000
2955		0.000000
2956		0.000000
2957		0.000000
2958		0.000000
2959		0.000000
2960		0.000000
2961		0.000000
2962		0.000000
2963		0.000000
2964		0.000000
2965		0.000000
2966		0.000000
2967		0.000000
2968		0.000000
2969		0.000000
2970		0.000000
2971		0.000000
2972		0.000000
2973		0.000000
2974		0.000000
2975		0.000000
2976		0.000000
2977		0.000000
2978		0.000000
2979		0.000000
2980		0.000000
2981		0.000000
2982		0.000000
2983		0.000000
2984		0.000000
2985		0.000000
2986		0.000000
2987		0.000000
2988		0.000000
2989		0.000000
2990		0.000000
2991		0.000000
2992		0.000000
2993		0.000000
2994		0.000000
2995		0.000000
2996		0.000000
2997		0.000000
2998		0.000000
2999		0.000000
3000		0.000000
3001		0.000000
3002		0.000000
3003		0.000000
3004		0.000000
3005		0.000000
3006		0.000000
3007		0.000000
3008		0.000000
3009		0.000000
3010		0.000000
3011		0.000000
3012		0.000000
3013		0.000000
3014		0.000000
3015		0.000000
3016		0.000000
3017		0.000000
3018		0.000000
3019		0.000000
3020		0.000000
3021		0.000000
3022		0.000000
3023		0.000000
3024		0.000000
3025		0.000000
3026		0.000000
3027		0.000000
3028		0.000000
3029		0.000000
3030		0.000000
3031		0.000000
3032		0.000000
3033		0.000000
3034		0.000000
3035		0.000000
3036		0.000000
3037		0.000000
3038		0.000000
3039		0.000000
3040		0.000000
3041		0.000000
3042		0.000000
3043		0.000000
3044		0.000000
3045		0.000000
3046		0.000000
3047		0.000000
3048		0.000000
3049		0.000000
3050		0.000000
3051		0.000000
3052		0.000000
3053		0.000000
3054		0.000000
3055		0.000000
3056		0.000000
3057		0.000000
3058		0.000000
3059		0.000000
3060		0.000000
3061		0.000000
3062		0.000000
3063		0.000000
3064		0.000000
3065		0.000000
3066		0.000000
3067		0.000000
3068		0.000000
3069		0.000000
3070		0.000000
3071		0.000000
3072		0.000000
3073		0.000000
3074		0.000000
3075		0.000000
3076		0.000000
3077		0.000000
3078		0.000000
3079		0.000000
3080		0.000000
3081		0.000000
3082		0.000000
3083		0.000000
3084		0.000000
3085		0.000000
3086		0.000000
3087		0.000000
3088		0.000000
3089		0.000000
3090		0.000000
3091		0.000000
3092		0.000000
3093		0.000000
3094		0.000000
3095		0.000000
3096		0.000000
3097		0.000000
3098		0.000000
3099		0.000000
3100		0.000000
3101		0.000000
3102		0.000000
3103		0.000000
3104		0.000000
3105		0.000000
3106		0.000000
3107		0.000000
3108		0.000000
3109		0.000000
3110		0.000000
3111		0.000000
3112		0.000000
3113		0.000000
3114		0.000000
3115		0.000000
3116		0.000000
3117		0.000000
3118		0.000000
3119		0.000000
3120		0.000000
3121		0.000000
3122		0.000000
3123		0.000000
3124		0.000000
3125		0.000000
3126		0.000000
3127		0.000000
3128		0.000000
3129		0.000000
3130		0.000000
3131		0.000000
3132		0.000000
3133		0.000000
3134		0.000000
3135		0.000000
3136		0.000000
3137		0.000000
3138		0.000000
3139		0.000000
3140		0.000000
3141		0.000000
3142		0.000000
3143		0.000000
3144		0.000000
3145		0.000000
3146		0.000000
3147		0.000000
3148		0.000000
3149		0.000000
3150		0.000000
3151		0.000000
3152		0.000000
3153		0.000000
3154		0.000000
3155		0.000000
3156		0.000000
3157		0.000000
3158		0.000000
3159		0.000000
3160		0.000000
3161		0.000000
3162		0.000000
3163		0.000000
3164		0.000000
3165		0.000000
3166		0.000000
3167		0.000000
3168		0.000000
3169		0.000000
3170		0.000000
3171		0.000000
3172		0.000000
3173		0.000000
3174		0.000000
3175		0.000000
3176		0.000000
3177		0.000000
3178		0.000000
3179		0.000000
3180		0.000000
3181		0.000000
3182		0.000000
3183		0.000000
3184		0.000000
3185		0.000000
3186		0.000000
3187		0.000000
3188		0.000000
3189		0.000000
3190		0.000000
3191		0.000000
3192		0.000000
3193		0.000000
3194		0.000000
3195		0.000000
3196		0.000000
3197		0.000000
3198		0.000000
3199		0.000000
3200		0.000000
3201		0.000000
3202		0.000000
3203		0.000000
3204		0.000000
3205		0.000000
3206		0.000000
3207		0.000000
3208		0.000000
3209		0.000000
3210		0.000000
3211		0.000000
3212		0.000000
3213		0.000000
3214		0.000000
3215		0.000000
3216		0.000000
3217		0.000000
3218		0.000000
3219		0.000000
3220		0.000000
3221		0.000000
3222		0.000000
3223		0.000000
3224		0.000000
3225		0.000000
3226		0.000000
3227		0.000000
3228		0.000000
3229		0.000000
3230		0.000000
3231		0.000000
3232		0.000000
3233		0.000000
3234		0.000000
3235		0.000000
3236		0.000000
3237		0.000000
3238		0.000000
3239		0.000000
3240		0.000000
3241		0.000000
3242		0.000000
3243		0.000000
3244		0.000000
3245		0.000000
3246		0.000000
3247		0.000000
3248		0.000000
3249		0.000000
3250		0.000000
3251		0.000000
3252		0.000000
3253		0.000000
3254		0.000000
3255		0.000000
3256		0.000000
3257		0.000000
3258		0.000000
3259		0.000000
3260		0.000000
3261		0.000000
3262		0.000000
3263		0.000000
3264		0.000000
3265		0.000000
3266		0.000000
3267		0.000000
3268		0.000000
3269		0.000000
3270		0.000000
3271		0.000000
3272		0.000000
3273		0.000000
3274		0.000000
3275		0.000000
3276		0.000000
3277		0.000000
3278		0.000000
3279		0.000000
3280		0.000000
3281		0.000000
3282		0.000000
3283		0.000000
3284		0.000000
3285		0.000000
3286		0.000000
3287		0.000000
3288		0.000000
3289		0.000000
3290		0.000000
3291		0.000000
3292		0.000000
3293		0.000000
3294		0.000000
3295		0.000000
3296		0.000000
3297		0.000000
3298		0.000000
3299		0.000000
3300		0.000000
3301		0.000000
3302		0.000000
3303		0.000000
3304		0.000000
3305		0.000000
3306		0.000000
3307		0.000000
3308		0.000000
3309		0.000000
3310		0.000000
3311		0.000000
3312		0.000000
3313		0.000000
3314		0.000000
3315		0.000000
3316		0.000000
3317		0.000000
3318		0.000000
3319		0.000000
3320		0.000000
3321		0.000000
3322		0.000000
3323		0.000000
3324		0.000000
3325		0.000000
3326		0.000000
3327		0.000000
3328		0.000000
3329		0.000000
3330		0.000000
3331		0.000000
3332		0.000000
3333		0.000000
3334		0.000000
3335		0.000000
3336		0.000000
3337		0.000000
3338		0.000000
3339		0.000000
3340		0.000000
3341		0.000000
3342		0.000000
3343		0.000000
3344		0.000000
3345		0.000000
3346		0.000000
3347		0.000000
3348		0.000000
3349		0.000000
3350		0.000000
3351		0.000000
3352		0.000000
3353		0.000000
3354		0.000000
3355		0.000000
3356		0.000000
3357		0.000000
3358		0.000000
3359		0.000000
3360		0.000000
3361		0.000000
3362		0.000000
3363		0.000000
3364		0.000000
3365		0.000000
3366		0.000000
3367		0.000000
3368		0.000000
3369		0.000000
3370		0.000000
3371		0.000000
3372		0.000000
3373		0.000000
3374		0.000000
3375		0.000000
3376		0.000000
3377		0.000000
3378		0.000000
3379		0.000000
3380		0.000000
3381		0.000000
3382		0.000000
3383		0.000000
3384		0.000000
3385		0.000000
3386		0.000000
3387		0.000000
3388		0.000000
3389		0.000000
3390		0.000000
3391		0.000000
3392		0.000000
3393		0.000000
3394		0.000000
3395		0.000000
3396		0.000000
3397		0.000000
3398		0.000000
3399		0.000000
3400		0.000000
3401		0.000000
3402		0.000000
3403		0.000000
3404		0.000000
3405		0.000000
3406		0.000000
3407		0.000000
3408		0.000000
3409		0.000000
3410		0.000000
3411		0.000000
3412		0.000000
3413		0.000000
3414		0.000000
3415		0.000000
3416		0.000000
3417		0.000000
3418		0.000000
3419		0.000000
3420		0.000000
3421		0.000000
3422		0.000000
3423		0.000000
3424		0.000000
3425		0.000000
3426		0.000000
3427		0.000000
3428		0.000000
3429		0.000000
3430		0.000000
3431		0.000000
3432		0.000000
3433		0.000000
3434		0.000000
3435		0.000000
3436		0.000000
3437		0.000000
3438		0.000000
3439		0.000000
3440		0.000000
3441		0.000000
3442		0.000000
3443		0.000000
3444		0.000000
3445		0.000000
3446		0.000000
3447		0.000000
3448		0.000000
3449		0.000000
3450		0.000000
3451		0.000000
3452		0.000000
3453		0.000000
3454		0.000000
3455		0.000000
3456		0.000000
3457		0.000000
3458		0.000000
3459		0.000000
3460		0.000000
3461		0.000000
3462		0.000000
3463		0.000000
3464		0.000000
3465		0.000000
3466		0.000000
3467		0.000000
3468		0.000000
3469		0.000000
3470		0.000000
3471		0.000000
3472		0.000000
3473		0.000000
3474		0.000000
3475		0.000000
3476		0.000000
3477		0.000000
3478		0.000000
3479		0.000000
3480		0.000000
3481		0.000000
3482		0.000000
3483		0.000000
3484		0.000000
3485		0.000000
3486		0.000000
3487		0.000000
3488		0.000000
3489		0.000000
3490		0.000000
3491		0.000000
3492		0.000000
3493		0.000000
3494		0.000000
3495		0.000000
3496		0.000000
3497		0.000000
3498		0.000000
3499		0.000000
3500		0.000000
3501		0.000000
3502		0.000000
3503		0.000000
3504		0.000000
3505		0.000000
3506		0.000000
3507		0.000000
3508		0.000000
3509		0.000000
3510		0.000000
3511		0.000000
3512		0.000000
3513		0.000000
3514		0.000000
3515		0.000000
3516		0.000000
3517		0.000000
3518		0.000000
3519		0.000000
3520		0.000000
3521		0.000000
3522		0.000000
3523		0.000000
3524		0.000000
3525		0.000000
3526		0.000000
3527		0.000000
3528		0.000000
3529		0.000000
3530		0.000000
3531		0.000000
3532		0.000000
3533		0.000000
3534		0.000000
3535		0.000000
3536		0.000000
3537		0.000000
3538		0.000000
3539		0.000000
3540		0.000000
3541		0.000000
3542		0.000000
3543		0.000000
3544		0.000000
3545		0.000000
3546		0.000000
3547		0.000000
3548		0.000000
3549		0.000000
3550		0.000000
3551		0.000000
3552		0.000000
3553		0.000000
3554		0.000000
3555		0.000000
3556		0.000000
3557		0.000000
3558		0.000000
3559		0.000000
3560		0.000000
3561		0.000000
3562		0.000000
3563		0.000000
3564		0.000000
3565		0.000000
3566		0.000000
3567		0.000000
3568		0.000000
3569		0.000000
3570		0.000000
3571		0.000000
3572		0.000000
3573		0.000000
3574		0.000000
3575		0.000000
3576		0.000000
3577		0.000000
3578		0.000000
3579		0.000000
3580		0.000000
3581		0.000000
3582		0.000000
3583		0.000000
3584		0.000000
3585		0.000000
3586		0.000000
3587		0.000000
3588		0.000000
3589		0.000000
3590		0.000000
3591		0.000000
3592		0.000000
3593		0.000000
3594		0.000000
3595		0.000000
3596		0.000000
3597		0.000000
3598		0.000000
3599		0.000000
3600		0.000000
3601		0.000000
3602		0.000000
3603		0.000000
3604		0.000000
3605		0.000000
3606		0.000000
3607		0.000000
3608		0.000000
3609		0.000000
3610		0.000000
3611		0.000000
3612		0.000000
3613		0.000000
3614		0.000000
3615		0.000000
3616		0.000000
3617		0.000000
3618		0.000000
3619		0.000000
3620		0.000000
3621		0.000000
3622		0.000000
3623		0.000000
3624		0.000000
3625		0.000000
3626		0.000000
3627		0.000000
3628		0.000000
3629		0.000000
3630		0.000000
3631		0.000000
3632		0.000000
3633		0.000000
3634		0.000000
3635		0.000000
3636		0.000000
3637		0.000000
3638		0.000000
3639		0.000000
3640		0.000000
3641		0.000000
3642		0.000000
3643		0.000000
3644		0.000000
3645		0.000000
3646		0.000000
3647		0.000000
3648		0.000000
3649		0.000000
3650		0.000000
3651		0.000000
3652		0.000000
3653		0.000000
3654		0.000000
3655		0.000000
3656		0.000000
3657		0.000000
3658		0.000000
3659		0.000000
3660		0.000000
3661		0.000000
3662		0.000000
3663		0.000000
3664		0.000000
3665		0.000000
3666		0.000000
3667		0.000000
3668		0.000000
3669		0.000000
3670		0.000000
3671		0.000000
3672		0.000000
3673		0.000000
3674		0.000000
3675		0.000000
3676		0.000000
3677		0.000000
3678		0.000000
3679		0.000000
3680		0.000000
3681		0.000000
3682		0.000000
3683		0.000000
3684		0.000000
3685		0.000000
3686		0.000000
3687		0.000000
3688		0.000000
3689		0.000000
3690		0.000000
3691		0.000000
3692		0.000000
3693		0.000000
3694		0.000000
3695		0.000000
3696		0.000000
3697		0.000000
3698		0.000000
3699		0.000000
3700		0.000000
3701		0.000000
3702		0.000000
3703		0.000000
3704		0.000000
3705		0.000000
3706		0.000000
3707		0.000000
3708		0.000000
3709		0.000000
3710		0.000000
3711		0.000000
3712		0.000000
3713		0.000000
3714		0.000000
3715		0.000000
3716		0.000000
3717		0.000000
3718		0.000000
3719		0.000000
3720		0.000000
3721		0.000000
3722		0.000000
3723		0.000000
3724		0.000000
3725		0.000000
3726		0.000000
3727		0.000000
3728		0.000000
3729		0.000000
3730		0.000000
3731		0.000000
3732		0.000000
3733		0.000000
3734		0.000000
3735		0.000000
3736		0.000000
3737		0.000000
3738		0.000000
3739		0.000000
3740		0.000000
3741		0.000000
3742		0.000000
3743		0.000000
3744		0.000000
3745		0.000000
3746		0.000000
3747		0.000000
3748		0.000000
3749		0.000000
3750		0.000000
3751		0.000000
3752		0.000000
3753		0.000000
3754		0.000000
3755		0.000000
3756		0.000000
3757		0.000000
3758		0.000000
3759		0.000000
3760		0.000000
3761		0.000000
3762		0.000000
3763		0.000000
3764		0.000000
3765		0.000000
3766		0.000000
3767		0.000000
3768		0.000000
3769		0.000000
3770		0.000000
3771		0.000000
3772		0.000000
3773		0.000000
3774		0.000000
3775		0.000000
3776		0.000000
3777		0.000000
3778		0.000000
3779		0.000000
3780		0.000000
3781		0.000000
3782		0.000000
3783		0.000000
3784		0.000000
3785		0.000000
3786		0.000000
3787		0.000000
3788		0.000000
3789		0.000000
3790		0.000000
3791		0.000000
3792		0.000000
3793		0.000000
3794		0.000000
3795		0.000000
3796		0.000000
3797		0.000000
3798		0.000000
3799		0.000000
3800		0.000000
3801		0.000000
3802		0.000000
3803		0.000000
3804		0.000000
3805		0.000000
3806		0.000000
3807		0.000000
3808		0.000000
3809		0.000000
3810		0.000000
3811		0.000000
3812		0.000000
3813		0.000000
3814		0.000000
3815		0.000000
3816		0.000000
3817		0.000000
3818		0.000000
3819		0.000000
3820		0.000000
3821		0.000000
3822		0.000000
3823		0.000000
3824		0.000000
3825		0.000000
3826		0.000000
3827		0.000000
3828		0.000000
3829		0.000000
3830		0.000000
3831		0.000000
3832		0.000000
3833		0.000000
3834		0.000000
3835		0.000000
3836		0.000000
3837		0.000000
3838		0.000000
3839		0.000000
3840		0.000000
3841		0.000000
3842		0.000000
3843		0.000000
3844		0.000000
3845		0.000000
3846		0.000000
3847		0.000000
3848		0.000000
3849		0.000000
3850		0.000000
3851		0.000000
3852		0.000000
3853		0.000000
3854		0.000000
3855		0.000000
3856		0.000000
3857		0.000000
3858		0.000000
3859		0.000000
3860		0.000000
3861		0.000000
3862		0.000000
3863		0.000000
3864		0.000000
3865		0.000000
3866		0.000000
3867		0.000000
3868		0.000000
3869		0.000000
3870		0.000000
3871		0.000000
3872		0.000000
3873		0.000000
3874		0.000000
3875		0.000000
3876		0.000000
3877		0.000000
3878		0.000000
3879		0.000000
3880		0.000000
3881		0.000000
3882		0.000000
3883		0.000000
3884		0.000000
3885		0.000000
3886		0.000000
3887		0.000000
3888		0.000000
3889		0.000000
3890		0.000000
3891		0.000000
3892		0.000000
3893		0.000000
3894		0.000000
3895		0.000000
3896		0.000000
3897		0.000000
3898		0.000000
3899		0.000000
3900		0.000000
3901		0.000000
3902		0.000000
3903		0.000000
3904		0.000000
3905		0.000000
3906		0.000000
3907		0.000000
3908		0.000000
3909		0.000000
3910		0.000000
3911		0.000000
3912		0.000000
3913		0.000000
3914		0.000000
3915		0.000000
3916		0.000000
3917		0.000000
3918		0.000000
3919		0.000000
3920		0.000000
3921		0.000000
3922		0.000000
3923		0.000000
3924		0.000000
3925		0.000000
3926		0.000000
3927		0.000000
3928		0.000000
3929		0.000000
3930		0.000000
3931		0.000000
3932		0.000000
3933		0.000000
3934		0.000000
3935		0.000000
3936		0.000000
3937		0.000000
3938		0.000000
3939		0.000000
3940		0.000000
3941		0.000000
3942		0.000000
3943		0.000000
3944		0.000000
3945		0.000000
3946		0.000000
3947		0.000000
3948		0.000000
3949		0.000000
3950		0.000000
3951		0.000000
3952		0.000000
3953		0.000000
3954		0.000000
3955		0.000000
3956		0.000000
3957		0.000000
3958		0.000000
3959		0.000000
3960		0.000000
3961		0.000000
3962		0.000000
3963		0.000000
3964		0.000000
3965		0.000000
3966		0.000000
3967		0.000000
3968		0.000000
3969		0.000000
3970		0.000000
3971		0.000000
3972		0.000000
3973		0.000000
3974		0.000000
3975		0.000000
3976		0.000000
3977		0.000000
3978		0.000000
3979		0.000000
3980		0.000000
3981		0.000000
3982		0.000000
3983		0.000000
3984		0.000000
3985		0.000000
3986		0.000000
3987		0.000000
3988		0.000000
3989		0.000000
3990		0.000000
3991		0.000000
3992		0.000000
3993		0.000000
3994		0.000000
3995		0.000000
3996		0.000000
3997		0.000000
3998		0.000000
3999		0.000000
4000		0.000000
4001		0.000000
4002		0.000000
4003		0.000000
4004		0.000000
4005		0.000000
4006		0.000000
4007		0.000000
4008		0.000000
4009		0.000000
4010		0.000000
4011		0.000000
4012		0.000000
4013		0.000000
4014		0.000000
4015		0.000000
4016		0.000000
4017		0.000000
4018		0.000000
4019		0.000000
4020		0.000000
4021		0.000000
4022		0.000000
4023		0.000000
4024		0.000000
4025		0.000000
4026		0.000000
4027		0.000000
4028		0.000000
4029		0.000000
4030		0.000000
4031		0.000000
4032		0.000000
4033		0.000000
4034		0.000000
4035		0.000000
4036		0.000000
4037		0.000000
4038		0.000000
4039		0.000000
4040		0.000000
4041		0.000000
4042		0.000000
4043		0.000000
4044		0.000000
4045		0.000000
4046		0.000000
4047		0.000000
4048		0.000000
4049		0.000000
4050		0.000000
4051		0.000000
4052		0.000000
4053		0.000000
4054		0.000000
4055		0.000000
4056		0.000000
4057		0.000000
4058		0.000000
4059		0.000000
4060		0.000000
4061		0.000000
4062		0.000000
4063		0.000000
4064		0.000000
4065		0.000000
4066		0.000000
4067		0.000000
4068		0.000000
4069		0.000000
4070		0.000000
4071		0.000000
4072		0.000000
4073		0.000000
4074		0.000000
4075		0.000000
4076		0.000000
4077		0.000000
4078		0.000000
4079		0.000000
4080		0.000000
4081		0.000000
4082		0.000000
4083		0.000000
4084		0.000000
4085		0.000000
4086		0.000000
4087		0.000000
4088		0.000000
4089		0.000000
4090		0.000000
4091		0.000000
4092		0.000000
4093		0.000000
4094		0.000000
4095		0.000000
