0		0.000000
1		0.000000
2		0.000000
3		0.000000
4		0.000000
5		0.000000
6		0.000000
7		0.000000
8		0.000000
9		0.000000
10		0.000000
11		0.000000
12		0.000000
13		0.000000
14		0.000000
15		0.000000
16		0.000000
17		0.000000
18		0.000000
19		0.000000
20		0.000000
21		0.000000
22		0.000000
23		0.000000
24		0.000000
25		0.000000
26		0.000000
27		0.000000
28		0.000000
29		0.000000
30		0.000000
31		0.000000
32		0.000000
33		0.000000
34		0.000000
35		0.000000
36		0.000000
37		0.000000
38		0.000000
39		0.000000
40		0.000000
41		0.000000
42		0.000000
43		0.000000
44		0.000000
45		0.000000
46		0.000000
47		0.000000
48		0.000000
49		0.000000
50		0.000000
51		0.000000
52		0.000000
53		0.000000
54		0.000000
55		0.000000
56		0.000000
57		0.000000
58		0.000000
59		0.000000
60		0.000000
61		0.000000
62		0.000000
63		0.000000
64		0.000000
65		0.000000
66		0.000000
67		0.000000
68		0.000000
69		0.000000
70		0.000000
71		0.000000
72		0.000000
73		0.000000
74		0.000000
75		0.000000
76		0.000000
77		0.000000
78		0.000000
79		0.000000
80		0.000000
81		0.000000
82		0.000000
83		0.000000
84		0.000000
85		0.000000
86		0.000000
87		0.000000
88		0.000000
89		0.000000
90		0.000000
91		0.000000
92		0.000000
93		0.000000
94		0.000000
95		0.000000
96		0.000000
97		0.000000
98		0.000000
99		0.000000
100		0.000000
101		0.000000
102		0.000000
103		0.000000
104		0.000000
105		0.000000
106		0.000000
107		0.000000
108		0.000000
109		51116.804688
110		5964.106934
111		125.423561
112		109.205002
113		117.206161
114		128.234787
115		117.638657
116		117.206161
117		118.071152
118		114.178696
119		118.719894
120		121.314857
121		117.854904
122		117.206161
123		110.502487
124		114.827438
125		112.448715
126		126.072304
127		121.531105
128		121.531105
129		120.666122
130		130.181015
131		133.857224
132		119.152390
133		122.612343
134		134.289719
135		131.694748
136		140.128403
137		139.263412
138		140.560898
139		157.211945
140		143.588364
141		122.179848
142		119.584885
143		118.719894
144		125.423561
145		131.694748
146		120.882370
147		121.314857
148		128.234787
149		134.289719
150		136.668442
151		132.775986
152		144.237106
153		153.535736
154		164.996857
155		159.806915
156		150.292023
157		166.726837
158		158.941925
159		168.456818
160		174.727997
161		173.214264
162		182.729156
163		184.242889
164		190.081573
165		207.813873
166		196.569000
167		204.570160
168		196.352753
169		200.677704
170		213.652557
171		216.247528
172		221.653717
173		220.139984
174		224.681183
175		238.737274
176		228.357391
177		243.927200
178		246.305923
179		249.117142
180		262.092010
181		268.579437
182		639.227661
183		3067.687500
184		1065.451538
185		179.052948
186		175.376740
187		169.970551
188		163.915619
189		171.916779
190		178.404205
191		188.351593
192		198.947723
193		201.326447
194		184.891632
195		189.216583
196		190.946564
197		215.815033
198		211.490082
199		213.220062
200		190.081573
201		202.840179
202		198.082733
203		203.272675
204		197.217743
205		203.488922
206		204.786407
207		185.540375
208		195.704010
209		187.270355
210		205.435150
211		189.649078
212		183.594147
213		182.729156
214		189.000336
215		176.025482
216		179.917938
217		189.000336
218		170.403046
219		170.619293
220		168.240570
221		158.293182
222		164.348114
223		168.889313
224		161.536896
225		160.888153
226		162.618134
227		158.076935
228		162.185638
229		155.914459
230		150.724518
231		155.698212
232		162.618134
233		157.428192
234		139.695908
235		149.427032
236		142.290878
237		147.697052
238		160.239410
239		140.560898
240		151.157013
241		140.560898
242		142.507126
243		149.643280
244		141.642136
245		142.290878
246		140.128403
247		136.452194
248		133.640976
249		146.183319
250		133.208481
251		135.154709
252		130.829758
253		128.883530
254		143.588364
255		135.587204
256		132.127243
257		130.613510
258		131.910995
259		136.668442
260		126.504799
261		131.910995
262		126.288551
263		129.099777
264		120.882370
265		126.504799
266		122.179848
267		126.937294
268		133.424728
269		126.721046
270		119.584885
271		125.639809
272		117.206161
273		129.316025
274		126.937294
275		136.019699
276		123.693581
277		123.909828
278		121.098618
279		130.181015
280		129.964767
281		104.663803
282		134.505966
283		129.964767
284		123.044838
285		126.721046
286		123.909828
287		128.018539
288		127.586037
289		119.584885
290		115.043686
291		115.908676
292		122.612343
293		107.475021
294		124.558571
295		117.854904
296		116.124924
297		128.667282
298		118.936142
299		111.151230
300		124.342323
301		115.692429
302		112.448715
303		111.151230
304		119.368637
305		112.232468
306		111.583725
307		114.178696
308		112.448715
309		117.638657
310		124.342323
311		114.611191
312		123.044838
313		109.853745
314		126.504799
315		369.999512
316		389.029297
317		141.642136
318		110.502487
319		120.017380
320		111.151230
321		106.177536
322		111.799973
323		109.637497
324		117.638657
325		114.611191
326		111.799973
327		111.799973
328		120.666122
329		106.177536
330		113.962448
331		109.205002
332		112.232468
333		116.989914
334		116.341171
335		109.421249
336		118.503647
337		110.069992
338		115.259933
339		118.287399
340		106.826279
341		107.258774
342		110.718735
343		110.286240
344		112.232468
345		115.692429
346		120.882370
347		110.069992
348		114.178696
349		124.774818
350		114.827438
351		114.611191
352		117.854904
353		116.124924
354		116.773666
355		112.016220
356		117.854904
357		109.205002
358		116.989914
359		107.691269
360		119.368637
361		117.422409
362		112.232468
363		120.233627
364		119.801132
365		113.529953
366		114.611191
367		119.368637
368		112.448715
369		112.881210
370		119.801132
371		115.908676
372		119.368637
373		127.802284
374		117.206161
375		116.341171
376		122.396095
377		122.179848
378		130.397263
379		117.638657
380		124.342323
381		120.882370
382		132.559738
383		119.368637
384		136.452194
385		126.504799
386		127.153542
387		131.478500
388		133.424728
389		143.372116
390		144.669601
391		135.154709
392		143.588364
393		137.965927
394		131.910995
395		133.424728
396		135.587204
397		144.020859
398		146.183319
399		150.508270
400		147.264557
401		149.859528
402		146.832062
403		152.886993
404		155.481964
405		147.264557
406		169.538055
407		144.453354
408		120.233627
409		107.258774
410		106.393784
411		121.747353
412		114.827438
413		115.259933
414		108.123764
415		113.962448
416		108.988754
417		101.636337
418		111.367477
419		108.340012
420		104.447556
421		99.041367
422		99.257614
423		97.960129
424		98.825119
425		103.366318
426		103.150070
427		98.392624
428		97.311386
429		96.878891
430		95.581406
431		98.392624
432		91.040207
433		95.365158
434		93.635178
435		85.634018
436		87.363998
437		85.417770
438		86.931503
439		89.526474
440		83.904037
441		76.767868
442		84.769028
443		86.499008
444		87.147751
445		78.497849
446		82.822800
447		86.715256
448		78.930344
449		80.660324
450		81.741562
451		80.011581
452		78.714096
453		88.012741
454		81.309067
455		79.362839
456		78.065353
457		81.525314
458		77.849106
459		76.551620
460		83.039047
461		77.849106
462		74.821640
463		77.416611
464		76.119125
465		75.902878
466		75.902878
467		78.930344
468		78.930344
469		78.281601
470		78.065353
471		80.876572
472		77.632858
473		73.524155
474		72.875412
475		75.902878
476		78.497849
477		73.956650
478		80.227829
479		75.254135
480		74.389145
481		73.307907
482		68.766716
483		70.712944
484		71.577934
485		86.715256
486		333.021179
487		1513.948975
488		3099.259521
489		2418.079834
490		703.885681
491		131.694748
492		59.684319
493		59.035576
494		59.900566
495		62.711781
496		71.794182
497		61.198048
498		62.928028
499		68.982964
500		65.523003
501		56.873100
502		66.820488
503		64.441765
504		67.252983
505		56.440605
506		70.929192
507		73.956650
508		67.036736
509		68.766716
510		76.551620
511		62.495533
512		69.415459
513		61.630543
514		68.766716
515		68.117973
516		70.496696
517		70.496696
518		72.875412
519		64.874260
520		74.172897
521		62.711781
522		76.767868
523		72.442924
524		64.658012
525		72.875412
526		57.521843
527		70.280449
528		65.955498
529		72.659172
530		73.307907
531		72.659172
532		70.712944
533		73.091660
534		78.281601
535		68.982964
536		69.631706
537		78.281601
538		68.334221
539		79.362839
540		73.524155
541		84.769028
542		75.037888
543		77.632858
544		78.930344
545		73.091660
546		82.822800
547		76.551620
548		88.877731
549		90.175217
550		84.552780
551		73.956650
552		82.174057
553		78.714096
554		76.767868
555		86.282761
556		80.660324
557		82.822800
558		76.119125
559		90.175217
560		84.336533
561		108.340012
562		198.082733
563		203.921417
564		114.827438
565		87.363998
566		85.417770
567		84.120285
568		78.281601
569		84.769028
570		90.391464
571		79.795334
572		81.092819
573		88.445236
574		87.580246
575		89.093979
576		80.876572
577		84.552780
578		90.823959
579		90.391464
580		85.850266
581		82.606552
582		90.175217
583		95.148911
584		91.688950
585		92.121445
586		94.283920
587		93.202682
588		102.717575
589		97.527634
590		104.447556
591		102.717575
592		91.905197
593		109.853745
594		102.933823
595		100.987595
596		95.148911
597		109.853745
598		110.934982
599		109.205002
600		113.746201
601		107.258774
602		117.638657
603		108.988754
604		115.692429
605		127.153542
606		122.179848
607		83.687790
608		75.470383
609		82.390305
610		78.930344
611		74.605392
612		84.769028
613		76.335373
614		78.065353
615		78.497849
616		76.551620
617		69.415459
618		75.470383
619		70.280449
620		70.929192
621		68.982964
622		78.497849
623		70.280449
624		70.712944
625		70.064201
626		69.415459
627		72.442924
628		68.982964
629		67.469231
630		67.036736
631		64.009270
632		58.603081
633		62.928028
634		61.414295
635		60.981800
636		56.440605
637		60.549309
638		54.926872
639		58.819328
640		59.035576
641		51.683159
642		50.169426
643		48.871941
644		48.871941
645		45.844475
646		52.548149
647		47.574455
648		51.683159
649		45.844475
650		47.790703
651		50.385674
652		45.411980
653		43.898247
654		47.574455
655		45.411980
656		46.276970
657		44.763237
658		43.249504
659		41.952019
660		35.464596
661		40.005791
662		44.979485
663		37.843315
664		40.005791
665		38.275810
666		41.735771
667		42.384514
668		41.735771
669		42.817009
670		39.789543
671		37.843315
672		34.815853
673		31.788385
674		38.275810
675		32.437130
676		35.680843
677		39.573296
678		43.898247
679		40.870781
680		41.303276
681		33.518368
682		36.113338
683		35.248348
684		32.004635
685		30.274654
686		36.113338
687		36.545830
688		33.085873
689		29.842159
690		33.950863
691		53.196892
692		288.690460
693		1255.316895
694		2674.549316
695		2482.305420
696		996.468567
697		188.135345
698		46.060722
699		32.437130
700		29.842159
701		32.653378
702		24.435970
703		30.490900
704		30.490900
705		29.625912
706		26.382198
707		31.572138
708		26.598446
709		28.977169
710		28.977169
711		32.004635
712		25.517208
713		27.895931
714		27.247189
715		33.302120
716		29.842159
717		30.490900
718		30.923395
719		32.220882
720		26.814693
721		30.058407
722		26.165951
723		28.112179
724		28.544674
725		30.923395
726		31.572138
727		30.923395
728		26.598446
729		28.112179
730		32.869625
731		26.382198
732		27.463436
733		31.139643
734		28.760921
735		31.355890
736		31.788385
737		28.977169
738		29.625912
739		34.383358
740		28.112179
741		32.437130
742		25.949703
743		28.544674
744		32.653378
745		28.977169
746		31.139643
747		30.058407
748		36.113338
749		26.165951
750		36.545830
751		33.085873
752		34.815853
753		34.599606
754		30.490900
755		31.355890
756		35.897091
757		33.734615
758		31.355890
759		34.167110
760		38.275810
761		35.897091
762		33.085873
763		29.409664
764		35.464596
765		32.869625
766		35.464596
767		50.601921
768		117.422409
769		147.048309
770		69.199211
771		32.220882
772		26.382198
773		28.760921
774		32.004635
775		28.112179
776		32.437130
777		31.355890
778		29.193417
779		33.085873
780		28.544674
781		28.328426
782		23.138485
783		26.598446
784		28.977169
785		32.437130
786		27.679684
787		30.274654
788		30.058407
789		28.112179
790		28.328426
791		28.977169
792		32.004635
793		26.814693
794		29.409664
795		26.165951
796		28.977169
797		27.247189
798		32.437130
799		26.165951
800		27.247189
801		29.842159
802		30.274654
803		31.788385
804		32.653378
805		25.517208
806		25.949703
807		22.489742
808		28.977169
809		27.463436
810		31.572138
811		31.572138
812		32.004635
813		25.949703
814		24.868465
815		27.895931
816		26.598446
817		19.029781
818		28.328426
819		29.409664
820		29.409664
821		27.247189
822		28.977169
823		26.598446
824		34.599606
825		30.490900
826		26.598446
827		26.814693
828		27.463436
829		30.058407
830		28.977169
831		24.652218
832		21.408504
833		25.300961
834		24.219723
835		25.300961
836		25.084713
837		22.705990
838		28.328426
839		22.273495
840		27.895931
841		29.193417
842		29.625912
843		27.030941
844		24.435970
845		27.895931
846		30.058407
847		23.354733
848		25.300961
849		22.922237
850		26.598446
851		29.193417
852		24.003475
853		21.624752
854		24.219723
855		28.544674
856		23.354733
857		28.112179
858		30.490900
859		24.003475
860		26.382198
861		24.868465
862		24.868465
863		26.814693
864		26.382198
865		24.868465
866		27.895931
867		26.814693
868		28.328426
869		29.409664
870		22.922237
871		24.003475
872		26.165951
873		24.652218
874		25.733456
875		24.652218
876		23.138485
877		29.842159
878		26.598446
879		25.084713
880		26.814693
881		29.625912
882		29.409664
883		27.679684
884		27.247189
885		22.057247
886		26.598446
887		23.138485
888		29.193417
889		23.570980
890		24.652218
891		26.598446
892		21.624752
893		24.435970
894		22.273495
895		25.733456
896		27.030941
897		24.652218
898		26.165951
899		27.247189
900		32.004635
901		41.519524
902		34.599606
903		27.247189
904		24.868465
905		25.733456
906		21.841000
907		22.489742
908		27.247189
909		25.733456
910		25.300961
911		30.707148
912		27.030941
913		29.409664
914		22.922237
915		27.895931
916		25.084713
917		23.138485
918		26.382198
919		27.463436
920		26.382198
921		22.489742
922		23.138485
923		23.570980
924		24.652218
925		23.354733
926		26.165951
927		27.030941
928		28.328426
929		30.707148
930		24.652218
931		22.922237
932		24.003475
933		25.084713
934		27.895931
935		25.300961
936		24.435970
937		25.300961
938		26.382198
939		25.084713
940		28.328426
941		32.004635
942		30.274654
943		27.895931
944		30.707148
945		25.300961
946		29.842159
947		29.842159
948		28.977169
949		21.624752
950		25.949703
951		25.084713
952		26.165951
953		22.922237
954		31.355890
955		26.814693
956		28.544674
957		27.895931
958		29.409664
959		30.923395
960		26.165951
961		24.219723
962		22.922237
963		27.247189
964		28.760921
965		26.814693
966		29.193417
967		31.139643
968		30.058407
969		31.139643
970		27.895931
971		30.058407
972		29.193417
973		29.842159
974		31.139643
975		30.923395
976		30.490900
977		29.625912
978		27.679684
979		33.085873
980		30.490900
981		32.869625
982		28.112179
983		32.220882
984		32.437130
985		27.895931
986		29.193417
987		32.004635
988		26.598446
989		30.058407
990		33.085873
991		28.544674
992		26.165951
993		27.895931
994		27.895931
995		26.814693
996		22.057247
997		28.328426
998		27.247189
999		28.328426
1000		22.273495
1001		25.517208
1002		30.923395
1003		24.003475
1004		27.895931
1005		25.084713
1006		24.435970
1007		27.247189
1008		32.220882
1009		26.165951
1010		24.435970
1011		25.084713
1012		29.409664
1013		25.300961
1014		22.705990
1015		27.679684
1016		25.300961
1017		25.733456
1018		27.895931
1019		20.543514
1020		24.435970
1021		21.192257
1022		26.165951
1023		19.029781
1024		24.435970
1025		24.435970
1026		22.273495
1027		22.705990
1028		22.057247
1029		21.192257
1030		23.354733
1031		22.705990
1032		25.517208
1033		23.354733
1034		19.678524
1035		21.408504
1036		24.435970
1037		27.030941
1038		21.408504
1039		25.300961
1040		21.408504
1041		23.354733
1042		26.382198
1043		20.759762
1044		24.652218
1045		21.408504
1046		26.382198
1047		22.489742
1048		19.894772
1049		23.138485
1050		30.274654
1051		23.787228
1052		28.112179
1053		28.544674
1054		27.247189
1055		23.138485
1056		22.705990
1057		22.922237
1058		22.057247
1059		27.247189
1060		22.922237
1061		23.570980
1062		21.408504
1063		27.679684
1064		22.922237
1065		26.814693
1066		25.300961
1067		25.949703
1068		19.894772
1069		24.868465
1070		29.409664
1071		30.490900
1072		56.656853
1073		168.456818
1074		204.353912
1075		132.343491
1076		43.465752
1077		28.760921
1078		21.624752
1079		22.922237
1080		25.949703
1081		24.003475
1082		22.705990
1083		20.111019
1084		19.029781
1085		22.489742
1086		22.273495
1087		20.976009
1088		26.814693
1089		27.895931
1090		22.922237
1091		24.003475
1092		22.273495
1093		24.003475
1094		21.624752
1095		23.787228
1096		24.868465
1097		25.517208
1098		23.787228
1099		25.300961
1100		26.165951
1101		23.138485
1102		20.759762
1103		24.868465
1104		24.003475
1105		27.247189
1106		25.084713
1107		24.435970
1108		23.570980
1109		24.652218
1110		26.382198
1111		20.111019
1112		26.382198
1113		24.003475
1114		24.435970
1115		22.705990
1116		25.084713
1117		23.354733
1118		21.408504
1119		23.354733
1120		22.705990
1121		22.489742
1122		32.437130
1123		58.170586
1124		101.203842
1125		117.422409
1126		68.334221
1127		37.627068
1128		30.490900
1129		29.409664
1130		32.220882
1131		31.572138
1132		37.194572
1133		27.895931
1134		29.842159
1135		29.625912
1136		31.572138
1137		31.788385
1138		29.842159
1139		34.167110
1140		32.220882
1141		32.653378
1142		34.167110
1143		35.032101
1144		33.085873
1145		30.058407
1146		34.167110
1147		40.654533
1148		39.140800
1149		35.680843
1150		32.004635
1151		35.680843
1152		33.518368
1153		32.869625
1154		33.085873
1155		29.625912
1156		30.490900
1157		29.193417
1158		28.760921
1159		28.977169
1160		30.490900
1161		38.275810
1162		32.220882
1163		35.464596
1164		31.355890
1165		38.708305
1166		30.923395
1167		32.437130
1168		32.220882
1169		29.625912
1170		35.680843
1171		33.085873
1172		38.275810
1173		37.410820
1174		37.410820
1175		36.978325
1176		37.627068
1177		36.762077
1178		34.815853
1179		34.167110
1180		38.275810
1181		31.788385
1182		29.625912
1183		38.708305
1184		31.572138
1185		33.518368
1186		33.302120
1187		41.952019
1188		31.572138
1189		38.275810
1190		36.978325
1191		38.059563
1192		36.329586
1193		38.708305
1194		33.085873
1195		40.870781
1196		41.519524
1197		35.680843
1198		55.791862
1199		71.794182
1200		60.116814
1201		43.249504
1202		45.844475
1203		39.789543
1204		42.168266
1205		39.789543
1206		41.087029
1207		35.897091
1208		40.654533
1209		44.330742
1210		33.950863
1211		44.330742
1212		41.952019
1213		40.438286
1214		43.033257
1215		36.113338
1216		38.275810
1217		41.519524
1218		43.465752
1219		41.519524
1220		40.870781
1221		40.870781
1222		40.438286
1223		41.303276
1224		45.844475
1225		34.599606
1226		44.979485
1227		41.303276
1228		39.789543
1229		40.870781
1230		44.114494
1231		44.114494
1232		43.681999
1233		41.303276
1234		41.303276
1235		44.979485
1236		43.681999
1237		40.438286
1238		49.520683
1239		47.574455
1240		42.384514
1241		42.817009
1242		42.600761
1243		44.979485
1244		40.654533
1245		48.006950
1246		37.627068
1247		42.600761
1248		47.358208
1249		45.628227
1250		46.060722
1251		49.520683
1252		45.844475
1253		47.574455
1254		45.411980
1255		48.439445
1256		42.384514
1257		43.681999
1258		44.763237
1259		53.413139
1260		43.033257
1261		48.223198
1262		52.331902
1263		43.898247
1264		41.952019
1265		46.276970
1266		45.628227
1267		50.601921
1268		44.979485
1269		44.763237
1270		46.276970
1271		49.953178
1272		38.275810
1273		45.628227
1274		49.736931
1275		47.790703
1276		45.411980
1277		44.979485
1278		41.952019
1279		43.033257
1280		46.709465
1281		43.898247
1282		43.033257
1283		45.411980
1284		43.249504
1285		47.574455
1286		45.411980
1287		46.925713
1288		44.546989
1289		41.519524
1290		44.763237
1291		40.870781
1292		44.114494
1293		45.411980
1294		49.953178
1295		40.222038
1296		47.574455
1297		43.033257
1298		39.573296
1299		43.898247
1300		49.088188
1301		41.303276
1302		44.330742
1303		45.411980
1304		40.005791
1305		43.681999
1306		51.034416
1307		43.033257
1308		48.006950
1309		47.358208
1310		43.033257
1311		49.088188
1312		38.275810
1313		44.330742
1314		48.223198
1315		43.898247
1316		43.249504
1317		52.331902
1318		45.411980
1319		46.925713
1320		47.790703
1321		48.655693
1322		44.763237
1323		51.034416
1324		48.655693
1325		49.736931
1326		50.385674
1327		52.331902
1328		57.738091
1329		99.690109
1330		241.332245
1331		430.116333
1332		413.032776
1333		225.978668
1334		99.690109
1335		62.279285
1336		60.549309
1337		54.494377
1338		48.006950
1339		55.791862
1340		66.604240
1341		68.334221
1342		62.711781
1343		53.629387
1344		57.305595
1345		57.305595
1346		62.928028
1347		57.738091
1348		60.549309
1349		52.115654
1350		58.603081
1351		60.333061
1352		54.926872
1353		54.278130
1354		62.495533
1355		56.440605
1356		52.115654
1357		55.791862
1358		62.063038
1359		67.252983
1360		61.846790
1361		58.170586
1362		59.684319
1363		62.063038
1364		58.603081
1365		71.145439
1366		58.170586
1367		59.900566
1368		58.819328
1369		61.630543
1370		55.575615
1371		59.900566
1372		65.739250
1373		57.305595
1374		62.063038
1375		55.143120
1376		60.333061
1377		59.035576
1378		67.469231
1379		61.198048
1380		58.386833
1381		65.090508
1382		67.036736
1383		62.711781
1384		60.981800
1385		63.793018
1386		66.604240
1387		64.441765
1388		75.037888
1389		67.036736
1390		61.630543
1391		63.144276
1392		57.521843
1393		64.225517
1394		65.306755
1395		60.333061
1396		64.441765
1397		66.820488
1398		62.711781
1399		60.549309
1400		62.495533
1401		67.685478
1402		76.551620
1403		80.227829
1404		97.311386
1405		150.508270
1406		172.565521
1407		151.805756
1408		98.825119
1409		81.525314
1410		69.415459
1411		71.577934
1412		66.171745
1413		69.415459
1414		73.524155
1415		72.875412
1416		76.767868
1417		74.821640
1418		73.091660
1419		81.092819
1420		77.632858
1421		67.036736
1422		71.577934
1423		79.362839
1424		78.497849
1425		72.010429
1426		76.984116
1427		75.902878
1428		73.956650
1429		76.767868
1430		79.795334
1431		75.686630
1432		77.416611
1433		81.957809
1434		84.769028
1435		80.227829
1436		83.039047
1437		76.335373
1438		78.930344
1439		88.228989
1440		90.607712
1441		78.065353
1442		73.091660
1443		73.524155
1444		70.280449
1445		67.036736
1446		73.740402
1447		67.901726
1448		70.712944
1449		67.685478
1450		61.198048
1451		63.793018
1452		65.955498
1453		59.468071
1454		69.199211
1455		64.225517
1456		69.199211
1457		64.225517
1458		66.820488
1459		63.144276
1460		61.846790
1461		60.765553
1462		65.090508
1463		58.819328
1464		64.441765
1465		65.523003
1466		64.874260
1467		60.333061
1468		59.900566
1469		61.198048
1470		68.334221
1471		57.305595
1472		62.279285
1473		57.738091
1474		54.278130
1475		59.251823
1476		52.764397
1477		53.845634
1478		53.845634
1479		53.196892
1480		49.304436
1481		50.601921
1482		52.331902
1483		54.061882
1484		50.601921
1485		51.683159
1486		42.384514
1487		49.304436
1488		49.520683
1489		50.169426
1490		49.953178
1491		42.168266
1492		45.411980
1493		39.789543
1494		47.141960
1495		39.789543
1496		38.059563
1497		44.114494
1498		43.898247
1499		43.465752
1500		42.168266
1501		42.600761
1502		41.087029
1503		44.979485
1504		40.654533
1505		41.952019
1506		35.680843
1507		36.978325
1508		40.870781
1509		42.168266
1510		36.762077
1511		39.573296
1512		39.789543
1513		40.870781
1514		32.869625
1515		36.762077
1516		32.437130
1517		42.384514
1518		29.842159
1519		33.302120
1520		37.194572
1521		29.193417
1522		27.247189
1523		33.302120
1524		34.167110
1525		32.869625
1526		26.165951
1527		30.923395
1528		33.734615
1529		29.409664
1530		32.869625
1531		33.734615
1532		33.302120
1533		30.058407
1534		40.654533
1535		111.151230
1536		423.628906
1537		1004.902222
1538		1472.861938
1539		1253.586914
1540		602.898071
1541		198.731476
1542		48.223198
1543		37.194572
1544		30.707148
1545		36.762077
1546		32.004635
1547		29.193417
1548		33.302120
1549		31.572138
1550		28.760921
1551		34.383358
1552		28.544674
1553		33.085873
1554		27.679684
1555		24.652218
1556		27.030941
1557		28.760921
1558		24.652218
1559		26.814693
1560		27.030941
1561		25.517208
1562		24.003475
1563		27.030941
1564		22.922237
1565		25.300961
1566		27.030941
1567		27.247189
1568		25.517208
1569		26.598446
1570		24.868465
1571		20.111019
1572		23.570980
1573		22.273495
1574		23.570980
1575		20.759762
1576		24.219723
1577		22.705990
1578		26.598446
1579		25.084713
1580		27.030941
1581		19.894772
1582		24.219723
1583		24.003475
1584		27.247189
1585		23.570980
1586		21.408504
1587		22.057247
1588		23.138485
1589		25.517208
1590		22.273495
1591		23.570980
1592		26.598446
1593		27.030941
1594		25.517208
1595		26.382198
1596		26.382198
1597		28.544674
1598		25.300961
1599		25.949703
1600		27.030941
1601		30.490900
1602		27.679684
1603		26.382198
1604		29.625912
1605		23.138485
1606		26.382198
1607		29.193417
1608		27.463436
1609		40.870781
1610		82.174057
1611		174.295502
1612		340.373596
1613		379.081909
1614		270.309418
1615		118.503647
1616		46.060722
1617		21.408504
1618		19.246029
1619		22.922237
1620		28.328426
1621		24.435970
1622		22.705990
1623		21.624752
1624		23.570980
1625		24.003475
1626		24.219723
1627		23.354733
1628		23.138485
1629		23.138485
1630		23.787228
1631		23.354733
1632		22.922237
1633		21.841000
1634		22.705990
1635		21.624752
1636		20.327267
1637		24.003475
1638		24.652218
1639		20.543514
1640		21.408504
1641		28.977169
1642		22.705990
1643		18.597286
1644		21.408504
1645		21.624752
1646		21.841000
1647		22.489742
1648		18.813534
1649		20.543514
1650		20.327267
1651		24.868465
1652		20.976009
1653		21.841000
1654		20.111019
1655		17.516050
1656		17.516050
1657		18.164793
1658		20.327267
1659		17.299803
1660		23.787228
1661		18.597286
1662		21.841000
1663		17.299803
1664		17.299803
1665		19.029781
1666		15.569821
1667		19.029781
1668		22.489742
1669		19.029781
1670		20.976009
1671		19.246029
1672		23.354733
1673		20.111019
1674		13.623594
1675		20.759762
1676		19.894772
1677		16.867308
1678		22.489742
1679		19.894772
1680		18.164793
1681		18.164793
1682		22.273495
1683		22.489742
1684		17.948545
1685		17.516050
1686		17.516050
1687		18.597286
1688		21.624752
1689		15.353574
1690		18.164793
1691		18.813534
1692		17.083555
1693		18.381039
1694		19.246029
1695		13.839842
1696		22.057247
1697		24.003475
1698		21.624752
1699		16.218565
1700		22.057247
1701		21.192257
1702		17.948545
1703		18.164793
1704		22.057247
1705		21.408504
1706		17.516050
1707		18.813534
1708		22.273495
1709		25.517208
1710		35.248348
1711		43.249504
1712		40.005791
1713		27.895931
1714		19.678524
1715		16.651060
1716		17.083555
1717		16.867308
1718		19.029781
1719		21.841000
1720		17.083555
1721		18.381039
1722		18.813534
1723		17.948545
1724		14.488585
1725		16.651060
1726		18.813534
1727		15.137327
1728		17.299803
1729		19.894772
1730		21.192257
1731		16.867308
1732		20.327267
1733		16.434813
1734		15.353574
1735		19.029781
1736		16.002317
1737		17.083555
1738		14.921080
1739		15.569821
1740		18.381039
1741		17.083555
1742		17.083555
1743		19.462276
1744		20.111019
1745		18.813534
1746		18.813534
1747		19.894772
1748		15.569821
1749		15.569821
1750		14.488585
1751		17.732298
1752		16.651060
1753		16.434813
1754		17.516050
1755		16.651060
1756		17.299803
1757		15.786069
1758		16.434813
1759		16.002317
1760		18.597286
1761		16.002317
1762		16.651060
1763		16.651060
1764		16.002317
1765		16.002317
1766		13.839842
1767		12.974852
1768		20.327267
1769		14.056089
1770		15.569821
1771		13.839842
1772		16.651060
1773		14.488585
1774		17.732298
1775		16.218565
1776		16.218565
1777		14.056089
1778		14.488585
1779		14.704832
1780		18.381039
1781		14.921080
1782		16.867308
1783		15.137327
1784		21.408504
1785		23.138485
1786		19.462276
1787		19.029781
1788		16.002317
1789		14.921080
1790		14.704832
1791		15.786069
1792		12.974852
1793		14.272337
1794		12.109861
1795		13.839842
1796		16.002317
1797		15.353574
1798		16.218565
1799		12.542356
1800		14.921080
1801		15.569821
1802		12.326109
1803		14.704832
1804		18.597286
1805		14.488585
1806		15.786069
1807		15.569821
1808		16.434813
1809		15.569821
1810		16.651060
1811		14.272337
1812		15.137327
1813		15.569821
1814		16.867308
1815		17.732298
1816		18.813534
1817		15.569821
1818		13.623594
1819		13.623594
1820		16.434813
1821		13.407347
1822		20.327267
1823		13.623594
1824		19.462276
1825		16.434813
1826		19.029781
1827		14.704832
1828		16.002317
1829		18.381039
1830		15.137327
1831		13.623594
1832		14.921080
1833		12.326109
1834		11.461119
1835		11.677366
1836		14.921080
1837		12.974852
1838		14.272337
1839		12.542356
1840		17.732298
1841		14.272337
1842		14.704832
1843		15.353574
1844		10.379881
1845		14.704832
1846		12.326109
1847		11.677366
1848		13.839842
1849		15.137327
1850		13.407347
1851		14.272337
1852		15.137327
1853		12.109861
1854		12.326109
1855		9.731138
1856		12.974852
1857		10.596128
1858		12.326109
1859		10.379881
1860		9.947386
1861		11.677366
1862		11.244871
1863		12.758604
1864		9.947386
1865		8.866149
1866		11.461119
1867		10.163633
1868		10.812376
1869		10.379881
1870		11.244871
1871		9.082397
1872		12.109861
1873		11.893614
1874		11.461119
1875		10.596128
1876		12.974852
1877		9.082397
1878		8.217406
1879		8.433654
1880		10.163633
1881		9.731138
1882		13.407347
1883		8.866149
1884		8.649901
1885		8.433654
1886		10.812376
1887		11.028624
1888		14.272337
1889		11.461119
1890		8.866149
1891		10.379881
1892		11.028624
1893		11.028624
1894		9.082397
1895		8.433654
1896		8.001159
1897		10.379881
1898		9.298643
1899		10.812376
1900		10.812376
1901		8.433654
1902		8.866149
1903		10.379881
1904		12.542356
1905		10.379881
1906		9.514891
1907		7.784911
1908		8.649901
1909		8.433654
1910		9.082397
1911		8.217406
1912		9.947386
1913		10.163633
1914		14.272337
1915		26.598446
1916		56.873100
1917		73.307907
1918		74.172897
1919		47.574455
1920		30.707148
1921		16.651060
1922		10.812376
1923		11.677366
1924		7.568664
1925		10.596128
1926		11.893614
1927		7.568664
1928		8.433654
1929		8.866149
1930		7.568664
1931		8.217406
1932		7.352416
1933		7.784911
1934		9.298643
1935		7.568664
1936		9.082397
1937		5.838683
1938		8.649901
1939		7.784911
1940		9.082397
1941		8.433654
1942		8.217406
1943		6.487426
1944		8.001159
1945		6.054931
1946		7.784911
1947		7.352416
1948		8.649901
1949		8.433654
1950		6.054931
1951		8.001159
1952		6.703673
1953		9.298643
1954		7.568664
1955		8.649901
1956		8.001159
1957		6.919921
1958		4.757445
1959		6.271178
1960		6.054931
1961		7.784911
1962		8.001159
1963		6.919921
1964		6.919921
1965		6.487426
1966		7.352416
1967		8.433654
1968		6.271178
1969		7.136168
1970		8.433654
1971		6.487426
1972		9.731138
1973		5.406188
1974		8.866149
1975		6.271178
1976		8.866149
1977		5.838683
1978		5.189940
1979		8.217406
1980		6.487426
1981		6.487426
1982		6.703673
1983		4.973693
1984		7.352416
1985		8.433654
1986		8.001159
1987		9.082397
1988		7.784911
1989		11.677366
1990		15.569821
1991		19.029781
1992		27.247189
1993		22.057247
1994		16.218565
1995		10.812376
1996		7.136168
1997		6.271178
1998		4.324951
1999		7.136168
2000		7.352416
2001		5.838683
2002		5.189940
2003		8.001159
2004		4.757445
2005		7.136168
2006		6.919921
2007		5.189940
2008		7.352416
2009		6.054931
2010		5.622436
2011		7.568664
2012		6.919921
2013		6.271178
2014		7.568664
2015		4.108703
2016		6.919921
2017		7.784911
2018		5.838683
2019		6.703673
2020		9.082397
2021		6.487426
2022		7.568664
2023		5.838683
2024		6.703673
2025		6.487426
2026		6.487426
2027		5.838683
2028		7.352416
2029		6.487426
2030		5.622436
2031		6.487426
2032		7.568664
2033		7.568664
2034		7.352416
2035		7.136168
2036		4.973693
2037		4.108703
2038		6.054931
2039		5.406188
2040		5.622436
2041		6.054931
2042		5.406188
2043		6.271178
2044		7.784911
2045		5.622436
2046		4.757445
2047		5.838683
2048		3.892455
2049		4.324951
2050		5.189940
2051		4.541198
2052		6.919921
2053		4.108703
2054		6.271178
2055		7.352416
2056		3.459960
2057		5.622436
2058		4.324951
2059		5.622436
2060		4.108703
2061		2.594970
2062		2.811218
2063		3.676208
2064		4.757445
2065		4.108703
2066		4.324951
2067		3.243713
2068		3.892455
2069		4.757445
2070		4.324951
2071		2.378723
2072		4.108703
2073		4.108703
2074		3.027465
2075		3.676208
2076		4.757445
2077		3.459960
2078		1.729980
2079		3.676208
2080		3.459960
2081		3.459960
2082		1.729980
2083		3.459960
2084		2.378723
2085		2.594970
2086		3.676208
2087		5.406188
2088		3.676208
2089		2.811218
2090		3.459960
2091		3.892455
2092		2.378723
2093		2.378723
2094		3.676208
2095		3.459960
2096		4.541198
2097		2.594970
2098		2.378723
2099		3.676208
2100		3.459960
2101		2.594970
2102		2.811218
2103		2.594970
2104		1.297485
2105		3.459960
2106		2.378723
2107		1.513733
2108		2.162475
2109		2.378723
2110		1.513733
2111		2.162475
2112		2.378723
2113		3.027465
2114		1.513733
2115		2.811218
2116		1.513733
2117		2.378723
2118		1.513733
2119		2.162475
2120		4.757445
2121		14.056089
2122		25.517208
2123		46.276970
2124		48.006950
2125		37.410820
2126		20.543514
2127		10.812376
2128		3.243713
2129		2.162475
2130		1.513733
2131		1.946228
2132		2.378723
2133		1.513733
2134		1.946228
2135		3.027465
2136		1.081238
2137		1.513733
2138		1.513733
2139		0.216248
2140		1.729980
2141		0.864990
2142		1.297485
2143		1.297485
2144		0.864990
2145		1.081238
2146		0.432495
2147		1.513733
2148		1.297485
2149		0.864990
2150		0.648743
2151		1.297485
2152		1.513733
2153		1.081238
2154		1.297485
2155		0.432495
2156		1.729980
2157		1.513733
2158		2.811218
2159		1.081238
2160		0.648743
2161		1.513733
2162		1.513733
2163		1.297485
2164		2.162475
2165		0.864990
2166		1.946228
2167		0.432495
2168		1.513733
2169		1.513733
2170		1.081238
2171		1.946228
2172		2.162475
2173		1.513733
2174		0.648743
2175		1.297485
2176		1.946228
2177		1.297485
2178		1.513733
2179		0.648743
2180		1.081238
2181		1.081238
2182		1.729980
2183		0.864990
2184		0.648743
2185		1.513733
2186		0.648743
2187		0.648743
2188		1.946228
2189		0.432495
2190		0.432495
2191		0.648743
2192		1.729980
2193		0.864990
2194		1.513733
2195		2.378723
2196		5.406188
2197		5.406188
2198		11.028624
2199		12.542356
2200		8.217406
2201		3.676208
2202		1.946228
2203		1.946228
2204		0.648743
2205		0.648743
2206		0.432495
2207		0.864990
2208		1.729980
2209		0.648743
2210		1.513733
2211		0.000000
2212		1.081238
2213		0.432495
2214		0.864990
2215		0.216248
2216		1.729980
2217		0.864990
2218		0.864990
2219		0.864990
2220		0.864990
2221		0.432495
2222		0.864990
2223		0.648743
2224		0.216248
2225		0.000000
2226		1.297485
2227		0.864990
2228		0.864990
2229		1.946228
2230		1.297485
2231		0.864990
2232		0.648743
2233		0.864990
2234		1.297485
2235		0.216248
2236		0.864990
2237		1.297485
2238		0.000000
2239		0.216248
2240		0.648743
2241		1.081238
2242		0.864990
2243		0.216248
2244		0.648743
2245		0.432495
2246		0.432495
2247		0.216248
2248		0.216248
2249		0.432495
2250		0.648743
2251		0.432495
2252		0.432495
2253		0.864990
2254		0.864990
2255		0.216248
2256		0.216248
2257		0.648743
2258		0.648743
2259		0.000000
2260		0.648743
2261		0.216248
2262		0.432495
2263		0.216248
2264		0.648743
2265		0.648743
2266		0.864990
2267		0.432495
2268		0.432495
2269		0.432495
2270		0.432495
2271		0.216248
2272		0.432495
2273		0.432495
2274		0.864990
2275		0.432495
2276		0.864990
2277		0.432495
2278		0.000000
2279		0.864990
2280		0.648743
2281		0.432495
2282		0.648743
2283		0.648743
2284		0.864990
2285		0.216248
2286		0.432495
2287		0.216248
2288		0.432495
2289		0.000000
2290		0.216248
2291		0.000000
2292		0.648743
2293		0.432495
2294		0.864990
2295		1.297485
2296		1.513733
2297		1.081238
2298		1.081238
2299		0.648743
2300		1.297485
2301		0.216248
2302		0.864990
2303		1.081238
2304		0.216248
2305		0.432495
2306		0.216248
2307		0.216248
2308		0.000000
2309		0.216248
2310		0.432495
2311		0.432495
2312		0.216248
2313		0.432495
2314		0.432495
2315		0.000000
2316		0.216248
2317		0.432495
2318		0.216248
2319		0.000000
2320		0.432495
2321		0.000000
2322		0.216248
2323		0.216248
2324		0.432495
2325		0.216248
2326		0.648743
2327		0.000000
2328		0.432495
2329		0.216248
2330		0.216248
2331		0.648743
2332		0.864990
2333		0.000000
2334		0.648743
2335		0.000000
2336		0.000000
2337		0.000000
2338		0.432495
2339		0.216248
2340		0.000000
2341		0.000000
2342		0.216248
2343		0.216248
2344		0.432495
2345		0.000000
2346		0.000000
2347		0.432495
2348		0.216248
2349		0.432495
2350		0.000000
2351		0.000000
2352		0.648743
2353		0.000000
2354		0.432495
2355		0.000000
2356		0.000000
2357		0.000000
2358		0.432495
2359		0.000000
2360		0.432495
2361		0.000000
2362		0.216248
2363		0.216248
2364		0.000000
2365		0.216248
2366		0.432495
2367		0.216248
2368		0.216248
2369		0.000000
2370		0.864990
2371		0.648743
2372		0.216248
2373		0.000000
2374		0.216248
2375		0.000000
2376		0.000000
2377		0.000000
2378		0.000000
2379		0.000000
2380		0.000000
2381		0.216248
2382		0.000000
2383		0.000000
2384		0.000000
2385		0.000000
2386		0.000000
2387		0.000000
2388		0.000000
2389		0.000000
2390		0.000000
2391		0.000000
2392		0.000000
2393		0.000000
2394		0.000000
2395		0.000000
2396		0.000000
2397		0.216248
2398		0.000000
2399		0.000000
2400		0.000000
2401		0.216248
2402		0.000000
2403		0.000000
2404		0.216248
2405		0.216248
2406		0.000000
2407		0.000000
2408		0.000000
2409		0.000000
2410		0.000000
2411		0.000000
2412		0.000000
2413		0.000000
2414		0.000000
2415		0.000000
2416		0.000000
2417		0.000000
2418		0.000000
2419		0.000000
2420		0.000000
2421		0.000000
2422		0.000000
2423		0.000000
2424		0.000000
2425		0.000000
2426		0.216248
2427		0.000000
2428		0.000000
2429		0.000000
2430		0.216248
2431		0.000000
2432		0.000000
2433		0.000000
2434		0.000000
2435		0.000000
2436		0.000000
2437		0.000000
2438		0.000000
2439		0.000000
2440		0.000000
2441		0.000000
2442		0.000000
2443		0.000000
2444		0.000000
2445		0.000000
2446		0.216248
2447		0.000000
2448		0.000000
2449		0.000000
2450		0.000000
2451		0.000000
2452		0.000000
2453		0.000000
2454		0.000000
2455		0.000000
2456		0.000000
2457		0.000000
2458		0.000000
2459		0.000000
2460		0.000000
2461		0.000000
2462		0.000000
2463		0.000000
2464		0.000000
2465		0.000000
2466		0.000000
2467		0.000000
2468		0.000000
2469		0.000000
2470		0.000000
2471		0.000000
2472		0.000000
2473		0.000000
2474		0.000000
2475		0.000000
2476		0.000000
2477		0.000000
2478		0.000000
2479		0.000000
2480		0.000000
2481		0.000000
2482		0.000000
2483		0.000000
2484		0.000000
2485		0.000000
2486		0.000000
2487		0.000000
2488		0.000000
2489		0.000000
2490		0.000000
2491		0.000000
2492		0.000000
2493		0.000000
2494		0.000000
2495		0.000000
2496		0.000000
2497		0.000000
2498		0.000000
2499		0.000000
2500		0.000000
2501		0.000000
2502		0.000000
2503		0.000000
2504		0.000000
2505		0.000000
2506		0.000000
2507		0.000000
2508		0.000000
2509		0.000000
2510		0.000000
2511		0.000000
2512		0.000000
2513		0.000000
2514		0.000000
2515		0.000000
2516		0.000000
2517		0.000000
2518		0.000000
2519		0.000000
2520		0.000000
2521		0.000000
2522		0.000000
2523		0.000000
2524		0.000000
2525		0.000000
2526		0.000000
2527		0.000000
2528		0.000000
2529		0.000000
2530		0.000000
2531		0.000000
2532		0.000000
2533		0.000000
2534		0.000000
2535		0.000000
2536		0.000000
2537		0.000000
2538		0.000000
2539		0.000000
2540		0.000000
2541		0.000000
2542		0.000000
2543		0.000000
2544		0.000000
2545		0.000000
2546		0.000000
2547		0.000000
2548		0.000000
2549		0.000000
2550		0.000000
2551		0.000000
2552		0.000000
2553		0.000000
2554		0.000000
2555		0.000000
2556		0.000000
2557		0.000000
2558		0.000000
2559		0.000000
2560		0.000000
2561		0.000000
2562		0.000000
2563		0.000000
2564		0.000000
2565		0.000000
2566		0.000000
2567		0.000000
2568		0.000000
2569		0.000000
2570		0.000000
2571		0.000000
2572		0.000000
2573		0.000000
2574		0.000000
2575		0.000000
2576		0.000000
2577		0.000000
2578		0.000000
2579		0.000000
2580		0.000000
2581		0.000000
2582		0.000000
2583		0.000000
2584		0.000000
2585		0.000000
2586		0.000000
2587		0.000000
2588		0.000000
2589		0.000000
2590		0.000000
2591		0.000000
2592		0.000000
2593		0.000000
2594		0.000000
2595		0.000000
2596		0.000000
2597		0.000000
2598		0.000000
2599		0.000000
2600		0.000000
2601		0.000000
2602		0.000000
2603		0.000000
2604		0.000000
2605		0.000000
2606		0.000000
2607		0.000000
2608		0.000000
2609		0.000000
2610		0.000000
2611		0.000000
2612		0.000000
2613		0.000000
2614		0.000000
2615		0.000000
2616		0.000000
2617		0.000000
2618		0.000000
2619		0.000000
2620		0.000000
2621		0.000000
2622		0.000000
2623		0.000000
2624		0.000000
2625		0.000000
2626		0.000000
2627		0.000000
2628		0.000000
2629		0.000000
2630		0.000000
2631		0.000000
2632		0.000000
2633		0.000000
2634		0.000000
2635		0.000000
2636		0.000000
2637		0.000000
2638		0.000000
2639		0.000000
2640		0.000000
2641		0.000000
2642		0.000000
2643		0.000000
2644		0.000000
2645		0.000000
2646		0.000000
2647		0.000000
2648		0.000000
2649		0.000000
2650		0.000000
2651		0.000000
2652		0.000000
2653		0.000000
2654		0.000000
2655		0.000000
2656		0.000000
2657		0.000000
2658		0.000000
2659		0.000000
2660		0.000000
2661		0.000000
2662		0.000000
2663		0.000000
2664		0.000000
2665		0.000000
2666		0.000000
2667		0.000000
2668		0.000000
2669		0.000000
2670		0.000000
2671		0.000000
2672		0.000000
2673		0.000000
2674		0.000000
2675		0.000000
2676		0.000000
2677		0.000000
2678		0.000000
2679		0.000000
2680		0.000000
2681		0.000000
2682		0.000000
2683		0.000000
2684		0.000000
2685		0.000000
2686		0.000000
2687		0.000000
2688		0.000000
2689		0.000000
2690		0.000000
2691		0.000000
2692		0.000000
2693		0.000000
2694		0.000000
2695		0.000000
2696		0.000000
2697		0.000000
2698		0.000000
2699		0.000000
2700		0.000000
2701		0.000000
2702		0.000000
2703		0.000000
2704		0.000000
2705		0.000000
2706		0.000000
2707		0.000000
2708		0.000000
2709		0.000000
2710		0.000000
2711		0.000000
2712		0.000000
2713		0.000000
2714		0.000000
2715		0.000000
2716		0.000000
2717		0.000000
2718		0.000000
2719		0.000000
2720		0.000000
2721		0.000000
2722		0.000000
2723		0.000000
2724		0.000000
2725		0.000000
2726		0.000000
2727		0.000000
2728		0.000000
2729		0.000000
2730		0.000000
2731		0.000000
2732		0.000000
2733		0.000000
2734		0.000000
2735		0.000000
2736		0.000000
2737		0.000000
2738		0.000000
2739		0.000000
2740		0.000000
2741		0.000000
2742		0.000000
2743		0.000000
2744		0.000000
2745		0.000000
2746		0.000000
2747		0.000000
2748		0.000000
2749		0.000000
2750		0.000000
2751		0.000000
2752		0.000000
2753		0.000000
2754		0.000000
2755		0.000000
2756		0.000000
2757		0.000000
2758		0.000000
2759		0.000000
2760		0.000000
2761		0.000000
2762		0.000000
2763		0.000000
2764		0.000000
2765		0.000000
2766		0.000000
2767		0.000000
2768		0.000000
2769		0.000000
2770		0.000000
2771		0.000000
2772		0.000000
2773		0.000000
2774		0.000000
2775		0.000000
2776		0.000000
2777		0.000000
2778		0.000000
2779		0.000000
2780		0.000000
2781		0.000000
2782		0.000000
2783		0.000000
2784		0.000000
2785		0.000000
2786		0.000000
2787		0.000000
2788		0.000000
2789		0.000000
2790		0.000000
2791		0.000000
2792		0.000000
2793		0.000000
2794		0.000000
2795		0.000000
2796		0.000000
2797		0.000000
2798		0.000000
2799		0.000000
2800		0.000000
2801		0.000000
2802		0.000000
2803		0.000000
2804		0.000000
2805		0.000000
2806		0.000000
2807		0.000000
2808		0.000000
2809		0.000000
2810		0.000000
2811		0.000000
2812		0.000000
2813		0.000000
2814		0.000000
2815		0.000000
2816		0.000000
2817		0.000000
2818		0.000000
2819		0.000000
2820		0.000000
2821		0.000000
2822		0.000000
2823		0.000000
2824		0.000000
2825		0.000000
2826		0.000000
2827		0.000000
2828		0.000000
2829		0.000000
2830		0.000000
2831		0.000000
2832		0.000000
2833		0.000000
2834		0.000000
2835		0.000000
2836		0.000000
2837		0.000000
2838		0.000000
2839		0.000000
2840		0.000000
2841		0.000000
2842		0.000000
2843		0.000000
2844		0.000000
2845		0.000000
2846		0.000000
2847		0.000000
2848		0.000000
2849		0.000000
2850		0.000000
2851		0.000000
2852		0.000000
2853		0.000000
2854		0.000000
2855		0.000000
2856		0.000000
2857		0.000000
2858		0.000000
2859		0.000000
2860		0.000000
2861		0.000000
2862		0.000000
2863		0.000000
2864		0.000000
2865		0.000000
2866		0.000000
2867		0.000000
2868		0.000000
2869		0.000000
2870		0.000000
2871		0.000000
2872		0.000000
2873		0.000000
2874		0.000000
2875		0.000000
2876		0.000000
2877		0.000000
2878		0.000000
2879		0.000000
2880		0.000000
2881		0.000000
2882		0.000000
2883		0.000000
2884		0.000000
2885		0.000000
2886		0.000000
2887		0.000000
2888		0.000000
2889		0.000000
2890		0.000000
2891		0.000000
2892		0.000000
2893		0.000000
2894		0.000000
2895		0.000000
2896		0.000000
2897		0.000000
2898		0.000000
2899		0.000000
2900		0.000000
2901		0.000000
2902		0.000000
2903		0.000000
2904		0.000000
2905		0.000000
2906		0.000000
2907		0.000000
2908		0.000000
2909		0.000000
2910		0.000000
2911		0.000000
2912		0.000000
2913		0.000000
2914		0.000000
2915		0.000000
2916		0.000000
2917		0.000000
2918		0.000000
2919		0.000000
2920		0.000000
2921		0.000000
2922		0.000000
2923		0.000000
2924		0.000000
2925		0.000000
2926		0.000000
2927		0.000000
2928		0.000000
2929		0.000000
2930		0.000000
2931		0.000000
2932		0.000000
2933		0.000000
2934		0.000000
2935		0.000000
2936		0.000000
2937		0.000000
2938		0.000000
2939		0.000000
2940		0.000000
2941		0.000000
2942		0.000000
2943		0.000000
2944		0.000000
2945		0.000000
2946		0.000000
2947		0.000000
2948		0.000000
2949		0.000000
2950		0.000000
2951		0.000000
2952		0.000000
2953		0.000000
2954		0.000000
2955		0.000000
2956		0.000000
2957		0.000000
2958		0.000000
2959		0.000000
2960		0.000000
2961		0.000000
2962		0.000000
2963		0.000000
2964		0.000000
2965		0.000000
2966		0.000000
2967		0.000000
2968		0.000000
2969		0.000000
2970		0.000000
2971		0.000000
2972		0.000000
2973		0.000000
2974		0.000000
2975		0.000000
2976		0.000000
2977		0.000000
2978		0.000000
2979		0.000000
2980		0.000000
2981		0.000000
2982		0.000000
2983		0.000000
2984		0.000000
2985		0.000000
2986		0.000000
2987		0.000000
2988		0.000000
2989		0.000000
2990		0.000000
2991		0.000000
2992		0.000000
2993		0.000000
2994		0.000000
2995		0.000000
2996		0.000000
2997		0.000000
2998		0.000000
2999		0.000000
3000		0.000000
3001		0.000000
3002		0.000000
3003		0.000000
3004		0.000000
3005		0.000000
3006		0.000000
3007		0.000000
3008		0.000000
3009		0.000000
3010		0.000000
3011		0.000000
3012		0.000000
3013		0.000000
3014		0.000000
3015		0.000000
3016		0.000000
3017		0.000000
3018		0.000000
3019		0.000000
3020		0.000000
3021		0.000000
3022		0.000000
3023		0.000000
3024		0.000000
3025		0.000000
3026		0.000000
3027		0.000000
3028		0.000000
3029		0.000000
3030		0.000000
3031		0.000000
3032		0.000000
3033		0.000000
3034		0.000000
3035		0.000000
3036		0.000000
3037		0.000000
3038		0.000000
3039		0.000000
3040		0.000000
3041		0.000000
3042		0.000000
3043		0.000000
3044		0.000000
3045		0.000000
3046		0.000000
3047		0.000000
3048		0.000000
3049		0.000000
3050		0.000000
3051		0.000000
3052		0.000000
3053		0.000000
3054		0.000000
3055		0.000000
3056		0.000000
3057		0.000000
3058		0.000000
3059		0.000000
3060		0.000000
3061		0.000000
3062		0.000000
3063		0.000000
3064		0.000000
3065		0.000000
3066		0.000000
3067		0.000000
3068		0.000000
3069		0.000000
3070		0.000000
3071		0.000000
3072		0.000000
3073		0.000000
3074		0.000000
3075		0.000000
3076		0.000000
3077		0.000000
3078		0.000000
3079		0.000000
3080		0.000000
3081		0.000000
3082		0.000000
3083		0.000000
3084		0.000000
3085		0.000000
3086		0.000000
3087		0.000000
3088		0.000000
3089		0.000000
3090		0.000000
3091		0.000000
3092		0.000000
3093		0.000000
3094		0.000000
3095		0.000000
3096		0.000000
3097		0.000000
3098		0.000000
3099		0.000000
3100		0.000000
3101		0.000000
3102		0.000000
3103		0.000000
3104		0.000000
3105		0.000000
3106		0.000000
3107		0.000000
3108		0.000000
3109		0.000000
3110		0.000000
3111		0.000000
3112		0.000000
3113		0.000000
3114		0.000000
3115		0.000000
3116		0.000000
3117		0.000000
3118		0.000000
3119		0.000000
3120		0.000000
3121		0.000000
3122		0.000000
3123		0.000000
3124		0.000000
3125		0.000000
3126		0.000000
3127		0.000000
3128		0.000000
3129		0.000000
3130		0.000000
3131		0.000000
3132		0.000000
3133		0.000000
3134		0.000000
3135		0.000000
3136		0.000000
3137		0.000000
3138		0.000000
3139		0.000000
3140		0.000000
3141		0.000000
3142		0.000000
3143		0.000000
3144		0.000000
3145		0.000000
3146		0.000000
3147		0.000000
3148		0.000000
3149		0.000000
3150		0.000000
3151		0.000000
3152		0.000000
3153		0.000000
3154		0.000000
3155		0.000000
3156		0.000000
3157		0.000000
3158		0.000000
3159		0.000000
3160		0.000000
3161		0.000000
3162		0.000000
3163		0.000000
3164		0.000000
3165		0.000000
3166		0.000000
3167		0.000000
3168		0.000000
3169		0.000000
3170		0.000000
3171		0.000000
3172		0.000000
3173		0.000000
3174		0.000000
3175		0.000000
3176		0.000000
3177		0.000000
3178		0.000000
3179		0.000000
3180		0.000000
3181		0.000000
3182		0.000000
3183		0.000000
3184		0.000000
3185		0.000000
3186		0.000000
3187		0.000000
3188		0.000000
3189		0.000000
3190		0.000000
3191		0.000000
3192		0.000000
3193		0.000000
3194		0.000000
3195		0.000000
3196		0.000000
3197		0.000000
3198		0.000000
3199		0.000000
3200		0.000000
3201		0.000000
3202		0.000000
3203		0.000000
3204		0.000000
3205		0.000000
3206		0.000000
3207		0.000000
3208		0.000000
3209		0.000000
3210		0.000000
3211		0.000000
3212		0.000000
3213		0.000000
3214		0.000000
3215		0.000000
3216		0.000000
3217		0.000000
3218		0.000000
3219		0.000000
3220		0.000000
3221		0.000000
3222		0.000000
3223		0.000000
3224		0.000000
3225		0.000000
3226		0.000000
3227		0.000000
3228		0.000000
3229		0.000000
3230		0.000000
3231		0.000000
3232		0.000000
3233		0.000000
3234		0.000000
3235		0.000000
3236		0.000000
3237		0.000000
3238		0.000000
3239		0.000000
3240		0.000000
3241		0.000000
3242		0.000000
3243		0.000000
3244		0.000000
3245		0.000000
3246		0.000000
3247		0.000000
3248		0.000000
3249		0.000000
3250		0.000000
3251		0.000000
3252		0.000000
3253		0.000000
3254		0.000000
3255		0.000000
3256		0.000000
3257		0.000000
3258		0.000000
3259		0.000000
3260		0.000000
3261		0.000000
3262		0.000000
3263		0.000000
3264		0.000000
3265		0.000000
3266		0.000000
3267		0.000000
3268		0.000000
3269		0.000000
3270		0.000000
3271		0.000000
3272		0.000000
3273		0.000000
3274		0.000000
3275		0.000000
3276		0.000000
3277		0.000000
3278		0.000000
3279		0.000000
3280		0.000000
3281		0.000000
3282		0.000000
3283		0.000000
3284		0.000000
3285		0.000000
3286		0.000000
3287		0.000000
3288		0.000000
3289		0.000000
3290		0.000000
3291		0.000000
3292		0.000000
3293		0.000000
3294		0.000000
3295		0.000000
3296		0.000000
3297		0.000000
3298		0.000000
3299		0.000000
3300		0.000000
3301		0.000000
3302		0.000000
3303		0.000000
3304		0.000000
3305		0.000000
3306		0.000000
3307		0.000000
3308		0.000000
3309		0.000000
3310		0.000000
3311		0.000000
3312		0.000000
3313		0.000000
3314		0.000000
3315		0.000000
3316		0.000000
3317		0.000000
3318		0.000000
3319		0.000000
3320		0.000000
3321		0.000000
3322		0.000000
3323		0.000000
3324		0.000000
3325		0.000000
3326		0.000000
3327		0.000000
3328		0.000000
3329		0.000000
3330		0.000000
3331		0.000000
3332		0.000000
3333		0.000000
3334		0.000000
3335		0.000000
3336		0.000000
3337		0.000000
3338		0.000000
3339		0.000000
3340		0.000000
3341		0.000000
3342		0.000000
3343		0.000000
3344		0.000000
3345		0.000000
3346		0.000000
3347		0.000000
3348		0.000000
3349		0.000000
3350		0.000000
3351		0.000000
3352		0.000000
3353		0.000000
3354		0.000000
3355		0.000000
3356		0.000000
3357		0.000000
3358		0.000000
3359		0.000000
3360		0.000000
3361		0.000000
3362		0.000000
3363		0.000000
3364		0.000000
3365		0.000000
3366		0.000000
3367		0.000000
3368		0.000000
3369		0.000000
3370		0.000000
3371		0.000000
3372		0.000000
3373		0.000000
3374		0.000000
3375		0.000000
3376		0.000000
3377		0.000000
3378		0.000000
3379		0.000000
3380		0.000000
3381		0.000000
3382		0.000000
3383		0.000000
3384		0.000000
3385		0.000000
3386		0.000000
3387		0.000000
3388		0.000000
3389		0.000000
3390		0.000000
3391		0.000000
3392		0.000000
3393		0.000000
3394		0.000000
3395		0.000000
3396		0.000000
3397		0.000000
3398		0.000000
3399		0.000000
3400		0.000000
3401		0.000000
3402		0.000000
3403		0.000000
3404		0.000000
3405		0.000000
3406		0.000000
3407		0.000000
3408		0.000000
3409		0.000000
3410		0.000000
3411		0.000000
3412		0.000000
3413		0.000000
3414		0.000000
3415		0.000000
3416		0.000000
3417		0.000000
3418		0.000000
3419		0.000000
3420		0.000000
3421		0.000000
3422		0.000000
3423		0.000000
3424		0.000000
3425		0.000000
3426		0.000000
3427		0.000000
3428		0.000000
3429		0.000000
3430		0.000000
3431		0.000000
3432		0.000000
3433		0.000000
3434		0.000000
3435		0.000000
3436		0.000000
3437		0.000000
3438		0.000000
3439		0.000000
3440		0.000000
3441		0.000000
3442		0.000000
3443		0.000000
3444		0.000000
3445		0.000000
3446		0.000000
3447		0.000000
3448		0.000000
3449		0.000000
3450		0.000000
3451		0.000000
3452		0.000000
3453		0.000000
3454		0.000000
3455		0.000000
3456		0.000000
3457		0.000000
3458		0.000000
3459		0.000000
3460		0.000000
3461		0.000000
3462		0.000000
3463		0.000000
3464		0.000000
3465		0.000000
3466		0.000000
3467		0.000000
3468		0.000000
3469		0.000000
3470		0.000000
3471		0.000000
3472		0.000000
3473		0.000000
3474		0.000000
3475		0.000000
3476		0.000000
3477		0.000000
3478		0.000000
3479		0.000000
3480		0.000000
3481		0.000000
3482		0.000000
3483		0.000000
3484		0.000000
3485		0.000000
3486		0.000000
3487		0.000000
3488		0.000000
3489		0.000000
3490		0.000000
3491		0.000000
3492		0.000000
3493		0.000000
3494		0.000000
3495		0.000000
3496		0.000000
3497		0.000000
3498		0.000000
3499		0.000000
3500		0.000000
3501		0.000000
3502		0.000000
3503		0.000000
3504		0.000000
3505		0.000000
3506		0.000000
3507		0.000000
3508		0.000000
3509		0.000000
3510		0.000000
3511		0.000000
3512		0.000000
3513		0.000000
3514		0.000000
3515		0.000000
3516		0.000000
3517		0.000000
3518		0.000000
3519		0.000000
3520		0.000000
3521		0.000000
3522		0.000000
3523		0.000000
3524		0.000000
3525		0.000000
3526		0.000000
3527		0.000000
3528		0.000000
3529		0.000000
3530		0.000000
3531		0.000000
3532		0.000000
3533		0.000000
3534		0.000000
3535		0.000000
3536		0.000000
3537		0.000000
3538		0.000000
3539		0.000000
3540		0.000000
3541		0.000000
3542		0.000000
3543		0.000000
3544		0.000000
3545		0.000000
3546		0.000000
3547		0.000000
3548		0.000000
3549		0.000000
3550		0.000000
3551		0.000000
3552		0.000000
3553		0.000000
3554		0.000000
3555		0.000000
3556		0.000000
3557		0.000000
3558		0.000000
3559		0.000000
3560		0.000000
3561		0.000000
3562		0.000000
3563		0.000000
3564		0.000000
3565		0.000000
3566		0.000000
3567		0.000000
3568		0.000000
3569		0.000000
3570		0.000000
3571		0.000000
3572		0.000000
3573		0.000000
3574		0.000000
3575		0.000000
3576		0.000000
3577		0.000000
3578		0.000000
3579		0.000000
3580		0.000000
3581		0.000000
3582		0.000000
3583		0.000000
3584		0.000000
3585		0.000000
3586		0.000000
3587		0.000000
3588		0.000000
3589		0.000000
3590		0.000000
3591		0.000000
3592		0.000000
3593		0.000000
3594		0.000000
3595		0.000000
3596		0.000000
3597		0.000000
3598		0.000000
3599		0.000000
3600		0.000000
3601		0.000000
3602		0.000000
3603		0.000000
3604		0.000000
3605		0.000000
3606		0.000000
3607		0.000000
3608		0.000000
3609		0.000000
3610		0.000000
3611		0.000000
3612		0.000000
3613		0.000000
3614		0.000000
3615		0.000000
3616		0.000000
3617		0.000000
3618		0.000000
3619		0.000000
3620		0.000000
3621		0.000000
3622		0.000000
3623		0.000000
3624		0.000000
3625		0.000000
3626		0.000000
3627		0.000000
3628		0.000000
3629		0.000000
3630		0.000000
3631		0.000000
3632		0.000000
3633		0.000000
3634		0.000000
3635		0.000000
3636		0.000000
3637		0.000000
3638		0.000000
3639		0.000000
3640		0.000000
3641		0.000000
3642		0.000000
3643		0.000000
3644		0.000000
3645		0.000000
3646		0.000000
3647		0.000000
3648		0.000000
3649		0.000000
3650		0.000000
3651		0.000000
3652		0.000000
3653		0.000000
3654		0.000000
3655		0.000000
3656		0.000000
3657		0.000000
3658		0.000000
3659		0.000000
3660		0.000000
3661		0.000000
3662		0.000000
3663		0.000000
3664		0.000000
3665		0.000000
3666		0.000000
3667		0.000000
3668		0.000000
3669		0.000000
3670		0.000000
3671		0.000000
3672		0.000000
3673		0.000000
3674		0.000000
3675		0.000000
3676		0.000000
3677		0.000000
3678		0.000000
3679		0.000000
3680		0.000000
3681		0.000000
3682		0.000000
3683		0.000000
3684		0.000000
3685		0.000000
3686		0.000000
3687		0.000000
3688		0.000000
3689		0.000000
3690		0.000000
3691		0.000000
3692		0.000000
3693		0.000000
3694		0.000000
3695		0.000000
3696		0.000000
3697		0.000000
3698		0.000000
3699		0.000000
3700		0.000000
3701		0.000000
3702		0.000000
3703		0.000000
3704		0.000000
3705		0.000000
3706		0.000000
3707		0.000000
3708		0.000000
3709		0.000000
3710		0.000000
3711		0.000000
3712		0.000000
3713		0.000000
3714		0.000000
3715		0.000000
3716		0.000000
3717		0.000000
3718		0.000000
3719		0.000000
3720		0.000000
3721		0.000000
3722		0.000000
3723		0.000000
3724		0.000000
3725		0.000000
3726		0.000000
3727		0.000000
3728		0.000000
3729		0.000000
3730		0.000000
3731		0.000000
3732		0.000000
3733		0.000000
3734		0.000000
3735		0.000000
3736		0.000000
3737		0.000000
3738		0.000000
3739		0.000000
3740		0.000000
3741		0.000000
3742		0.000000
3743		0.000000
3744		0.000000
3745		0.000000
3746		0.000000
3747		0.000000
3748		0.000000
3749		0.000000
3750		0.000000
3751		0.000000
3752		0.000000
3753		0.000000
3754		0.000000
3755		0.000000
3756		0.000000
3757		0.000000
3758		0.000000
3759		0.000000
3760		0.000000
3761		0.000000
3762		0.000000
3763		0.000000
3764		0.000000
3765		0.000000
3766		0.000000
3767		0.000000
3768		0.000000
3769		0.000000
3770		0.000000
3771		0.000000
3772		0.000000
3773		0.000000
3774		0.000000
3775		0.000000
3776		0.000000
3777		0.000000
3778		0.000000
3779		0.000000
3780		0.000000
3781		0.000000
3782		0.000000
3783		0.000000
3784		0.000000
3785		0.000000
3786		0.000000
3787		0.000000
3788		0.000000
3789		0.000000
3790		0.000000
3791		0.000000
3792		0.000000
3793		0.000000
3794		0.000000
3795		0.000000
3796		0.000000
3797		0.000000
3798		0.000000
3799		0.000000
3800		0.000000
3801		0.000000
3802		0.000000
3803		0.000000
3804		0.000000
3805		0.000000
3806		0.000000
3807		0.000000
3808		0.000000
3809		0.000000
3810		0.000000
3811		0.000000
3812		0.000000
3813		0.000000
3814		0.000000
3815		0.000000
3816		0.000000
3817		0.000000
3818		0.000000
3819		0.000000
3820		0.000000
3821		0.000000
3822		0.000000
3823		0.000000
3824		0.000000
3825		0.000000
3826		0.000000
3827		0.000000
3828		0.000000
3829		0.000000
3830		0.000000
3831		0.000000
3832		0.000000
3833		0.000000
3834		0.000000
3835		0.000000
3836		0.000000
3837		0.000000
3838		0.000000
3839		0.000000
3840		0.000000
3841		0.000000
3842		0.000000
3843		0.000000
3844		0.000000
3845		0.000000
3846		0.000000
3847		0.000000
3848		0.000000
3849		0.000000
3850		0.000000
3851		0.000000
3852		0.000000
3853		0.000000
3854		0.000000
3855		0.000000
3856		0.000000
3857		0.000000
3858		0.000000
3859		0.000000
3860		0.000000
3861		0.000000
3862		0.000000
3863		0.000000
3864		0.000000
3865		0.000000
3866		0.000000
3867		0.000000
3868		0.000000
3869		0.000000
3870		0.000000
3871		0.000000
3872		0.000000
3873		0.000000
3874		0.000000
3875		0.000000
3876		0.000000
3877		0.000000
3878		0.000000
3879		0.000000
3880		0.000000
3881		0.000000
3882		0.000000
3883		0.000000
3884		0.000000
3885		0.000000
3886		0.000000
3887		0.000000
3888		0.000000
3889		0.000000
3890		0.000000
3891		0.000000
3892		0.000000
3893		0.000000
3894		0.000000
3895		0.000000
3896		0.000000
3897		0.000000
3898		0.000000
3899		0.000000
3900		0.000000
3901		0.000000
3902		0.000000
3903		0.000000
3904		0.000000
3905		0.000000
3906		0.000000
3907		0.000000
3908		0.000000
3909		0.000000
3910		0.000000
3911		0.000000
3912		0.000000
3913		0.000000
3914		0.000000
3915		0.000000
3916		0.000000
3917		0.000000
3918		0.000000
3919		0.000000
3920		0.000000
3921		0.000000
3922		0.000000
3923		0.000000
3924		0.000000
3925		0.000000
3926		0.000000
3927		0.000000
3928		0.000000
3929		0.000000
3930		0.000000
3931		0.000000
3932		0.000000
3933		0.000000
3934		0.000000
3935		0.000000
3936		0.000000
3937		0.000000
3938		0.000000
3939		0.000000
3940		0.000000
3941		0.000000
3942		0.000000
3943		0.000000
3944		0.000000
3945		0.000000
3946		0.000000
3947		0.000000
3948		0.000000
3949		0.000000
3950		0.000000
3951		0.000000
3952		0.000000
3953		0.000000
3954		0.000000
3955		0.000000
3956		0.000000
3957		0.000000
3958		0.000000
3959		0.000000
3960		0.000000
3961		0.000000
3962		0.000000
3963		0.000000
3964		0.000000
3965		0.000000
3966		0.000000
3967		0.000000
3968		0.000000
3969		0.000000
3970		0.000000
3971		0.000000
3972		0.000000
3973		0.000000
3974		0.000000
3975		0.000000
3976		0.000000
3977		0.000000
3978		0.000000
3979		0.000000
3980		0.000000
3981		0.000000
3982		0.000000
3983		0.000000
3984		0.000000
3985		0.000000
3986		0.000000
3987		0.000000
3988		0.000000
3989		0.000000
3990		0.000000
3991		0.000000
3992		0.000000
3993		0.000000
3994		0.000000
3995		0.000000
3996		0.000000
3997		0.000000
3998		0.000000
3999		0.000000
4000		0.000000
4001		0.000000
4002		0.000000
4003		0.000000
4004		0.000000
4005		0.000000
4006		0.000000
4007		0.000000
4008		0.000000
4009		0.000000
4010		0.000000
4011		0.000000
4012		0.000000
4013		0.000000
4014		0.000000
4015		0.000000
4016		0.000000
4017		0.000000
4018		0.000000
4019		0.000000
4020		0.000000
4021		0.000000
4022		0.000000
4023		0.000000
4024		0.000000
4025		0.000000
4026		0.000000
4027		0.000000
4028		0.000000
4029		0.000000
4030		0.000000
4031		0.000000
4032		0.000000
4033		0.000000
4034		0.000000
4035		0.000000
4036		0.000000
4037		0.000000
4038		0.000000
4039		0.000000
4040		0.000000
4041		0.000000
4042		0.000000
4043		0.000000
4044		0.000000
4045		0.000000
4046		0.000000
4047		0.000000
4048		0.000000
4049		0.000000
4050		0.000000
4051		0.000000
4052		0.000000
4053		0.000000
4054		0.000000
4055		0.000000
4056		0.000000
4057		0.000000
4058		0.000000
4059		0.000000
4060		0.000000
4061		0.000000
4062		0.000000
4063		0.000000
4064		0.000000
4065		0.000000
4066		0.000000
4067		0.000000
4068		0.000000
4069		0.000000
4070		0.000000
4071		0.000000
4072		0.000000
4073		0.000000
4074		0.000000
4075		0.000000
4076		0.000000
4077		0.000000
4078		0.000000
4079		0.000000
4080		0.000000
4081		0.000000
4082		0.000000
4083		0.000000
4084		0.000000
4085		0.000000
4086		0.000000
4087		0.000000
4088		0.000000
4089		0.000000
4090		0.000000
4091		0.000000
4092		0.000000
4093		0.000000
4094		0.000000
4095		0.000000
