0   64064
1   0
2   0
3   0
4   0
5   0
6   0
7   0
8   0
9   0
10   0
11   0
12   0
13   0
14   0
15   0
16   0
17   0
18   0
19   0
20   0
21   0
22   0
23   0
24   0
25   0
26   0
27   0
28   0
29   0
30   0
31   0
32   0
33   0
34   0
35   0
36   0
37   0
38   0
39   0
40   0
41   0
42   0
43   0
44   0
45   0
46   0
47   0
48   0
49   0
50   0
51   0
52   0
53   0
54   0
55   0
56   0
57   0
58   0
59   0
60   0
61   0
62   0
63   0
64   0
65   0
66   0
67   0
68   0
69   0
70   0
71   0
72   0
73   0
74   0
75   0
76   0
77   0
78   0
79   0
80   0
81   0
82   0
83   0
84   0
85   0
86   0
87   0
88   0
89   0
90   0
91   0
92   0
93   0
94   0
95   0
96   4195
97   4399
98   4544
99   4605
100   4583
101   4654
102   4722
103   4855
104   5148
105   5082
106   5036
107   5118
108   5213
109   5432
110   5449
111   5516
112   5567
113   5640
114   5614
115   5643
116   5723
117   5789
118   5962
119   6111
120   6127
121   6144
122   6253
123   6210
124   6246
125   6052
126   6158
127   6115
128   6143
129   6103
130   6141
131   6182
132   6207
133   5898
134   5984
135   5950
136   5961
137   5909
138   5863
139   6006
140   6025
141   5995
142   6086
143   5946
144   5883
145   6018
146   6032
147   6011
148   5948
149   6039
150   6124
151   6078
152   6035
153   5848
154   5822
155   5578
156   5263
157   5225
158   4872
159   4821
160   4816
161   4587
162   4542
163   4408
164   4458
165   4267
166   4272
167   4219
168   4292
169   4047
170   4021
171   3897
172   3972
173   3928
174   3793
175   3806
176   3721
177   3675
178   3627
179   3616
180   3645
181   3455
182   3478
183   3409
184   3431
185   3284
186   3328
187   3348
188   3228
189   3311
190   3250
191   3338
192   3288
193   3270
194   3280
195   3224
196   3227
197   3246
198   3094
199   3091
200   3103
201   3189
202   3094
203   2989
204   3040
205   3069
206   3118
207   2975
208   2962
209   3010
210   3003
211   2931
212   2920
213   2849
214   2952
215   2863
216   3050
217   2921
218   2939
219   3720
220   11267
221   38605
222   65851
223   49991
224   17131
225   4295
226   2451
227   2103
228   2136
229   1889
230   1968
231   1946
232   1813
233   1823
234   1864
235   1822
236   1738
237   1746
238   1732
239   1766
240   1664
241   1773
242   1696
243   1694
244   1664
245   1690
246   1661
247   1617
248   1623
249   1576
250   1615
251   1709
252   1609
253   1543
254   1527
255   1636
256   1672
257   1605
258   1538
259   1635
260   1642
261   1561
262   1561
263   1558
264   1501
265   1536
266   1549
267   1482
268   1540
269   1573
270   1536
271   1476
272   1530
273   1546
274   1509
275   1442
276   1487
277   1519
278   1424
279   1495
280   1460
281   1476
282   1451
283   1479
284   1401
285   1554
286   1562
287   1468
288   1467
289   1543
290   1524
291   1469
292   1521
293   1529
294   1413
295   1426
296   1390
297   1438
298   1402
299   1390
300   1292
301   1313
302   1371
303   1255
304   1335
305   1250
306   1283
307   1295
308   1254
309   1201
310   1252
311   1242
312   1232
313   1253
314   1221
315   1187
316   1249
317   1225
318   1200
319   1192
320   1214
321   1180
322   1150
323   1188
324   1149
325   1102
326   1114
327   1071
328   1145
329   1107
330   1122
331   1146
332   1143
333   1098
334   1079
335   1030
336   1085
337   1049
338   1078
339   1062
340   1064
341   1104
342   1012
343   1014
344   1076
345   1005
346   1014
347   979
348   1075
349   1007
350   973
351   1027
352   985
353   1016
354   988
355   997
356   1002
357   971
358   960
359   1001
360   961
361   949
362   985
363   934
364   1016
365   883
366   970
367   943
368   1003
369   966
370   903
371   919
372   918
373   921
374   879
375   880
376   914
377   999
378   973
379   947
380   978
381   919
382   881
383   935
384   911
385   874
386   893
387   929
388   925
389   903
390   886
391   885
392   931
393   876
394   892
395   904
396   876
397   907
398   867
399   915
400   909
401   940
402   845
403   865
404   828
405   887
406   829
407   867
408   864
409   879
410   873
411   894
412   855
413   846
414   870
415   880
416   885
417   886
418   798
419   856
420   859
421   918
422   924
423   898
424   880
425   900
426   830
427   819
428   827
429   850
430   836
431   896
432   864
433   841
434   856
435   782
436   797
437   795
438   786
439   791
440   773
441   799
442   755
443   793
444   750
445   789
446   800
447   689
448   729
449   735
450   736
451   720
452   777
453   719
454   764
455   766
456   701
457   691
458   764
459   773
460   749
461   753
462   745
463   710
464   707
465   708
466   679
467   731
468   674
469   707
470   663
471   661
472   676
473   695
474   678
475   657
476   701
477   664
478   679
479   644
480   707
481   670
482   653
483   652
484   651
485   608
486   616
487   636
488   657
489   625
490   660
491   640
492   680
493   640
494   674
495   617
496   644
497   621
498   711
499   616
500   631
501   597
502   634
503   606
504   648
505   670
506   668
507   608
508   627
509   614
510   611
511   622
512   621
513   594
514   648
515   1118
516   3285
517   5732
518   4340
519   1508
520   668
521   577
522   600
523   608
524   613
525   584
526   589
527   562
528   583
529   601
530   553
531   613
532   588
533   560
534   544
535   529
536   512
537   514
538   516
539   541
540   548
541   535
542   553
543   591
544   557
545   543
546   556
547   576
548   527
549   530
550   557
551   544
552   530
553   559
554   541
555   513
556   549
557   531
558   549
559   524
560   507
561   539
562   543
563   501
564   541
565   525
566   545
567   540
568   559
569   561
570   586
571   544
572   530
573   520
574   560
575   509
576   493
577   496
578   528
579   520
580   506
581   520
582   483
583   558
584   524
585   539
586   490
587   529
588   544
589   527
590   541
591   615
592   1049
593   1460
594   1067
595   629
596   514
597   489
598   490
599   517
600   484
601   518
602   475
603   464
604   486
605   443
606   488
607   482
608   488
609   490
610   487
611   562
612   560
613   562
614   500
615   512
616   470
617   483
618   519
619   493
620   454
621   434
622   478
623   454
624   487
625   461
626   514
627   489
628   504
629   453
630   477
631   468
632   552
633   525
634   496
635   499
636   486
637   470
638   477
639   467
640   470
641   449
642   467
643   517
644   505
645   512
646   431
647   457
648   421
649   467
650   485
651   455
652   431
653   434
654   468
655   511
656   437
657   435
658   484
659   456
660   431
661   447
662   451
663   435
664   438
665   455
666   465
667   483
668   448
669   439
670   445
671   467
672   470
673   446
674   447
675   494
676   422
677   440
678   473
679   415
680   465
681   430
682   427
683   460
684   463
685   439
686   442
687   399
688   426
689   436
690   410
691   410
692   397
693   495
694   461
695   479
696   499
697   418
698   446
699   446
700   403
701   468
702   473
703   432
704   397
705   418
706   418
707   410
708   459
709   418
710   444
711   503
712   501
713   459
714   445
715   443
716   494
717   528
718   449
719   374
720   442
721   441
722   432
723   392
724   450
725   420
726   414
727   416
728   433
729   442
730   424
731   418
732   407
733   453
734   422
735   405
736   398
737   454
738   435
739   453
740   425
741   408
742   475
743   428
744   430
745   416
746   409
747   446
748   464
749   493
750   541
751   485
752   463
753   432
754   455
755   437
756   408
757   395
758   445
759   463
760   406
761   410
762   404
763   392
764   399
765   400
766   462
767   471
768   522
769   472
770   475
771   414
772   389
773   420
774   400
775   445
776   425
777   388
778   418
779   393
780   413
781   449
782   436
783   418
784   380
785   389
786   417
787   441
788   414
789   417
790   441
791   443
792   408
793   436
794   414
795   403
796   408
797   415
798   418
799   391
800   430
801   444
802   410
803   404
804   399
805   420
806   436
807   420
808   457
809   458
810   432
811   402
812   447
813   409
814   446
815   424
816   447
817   427
818   415
819   424
820   401
821   400
822   410
823   451
824   408
825   396
826   388
827   416
828   401
829   393
830   378
831   423
832   393
833   415
834   447
835   409
836   414
837   409
838   438
839   397
840   424
841   432
842   409
843   447
844   463
845   443
846   418
847   437
848   420
849   399
850   428
851   453
852   402
853   400
854   406
855   414
856   389
857   396
858   414
859   440
860   401
861   438
862   422
863   437
864   393
865   405
866   404
867   423
868   392
869   397
870   410
871   410
872   442
873   408
874   414
875   414
876   419
877   399
878   458
879   424
880   409
881   412
882   432
883   466
884   441
885   394
886   423
887   415
888   410
889   454
890   437
891   431
892   424
893   429
894   435
895   557
896   508
897   651
898   608
899   538
900   451
901   402
902   405
903   431
904   408
905   461
906   416
907   389
908   426
909   403
910   381
911   411
912   395
913   419
914   395
915   433
916   421
917   406
918   441
919   406
920   412
921   417
922   424
923   441
924   391
925   419
926   422
927   424
928   425
929   408
930   411
931   389
932   400
933   397
934   442
935   405
936   395
937   457
938   401
939   398
940   410
941   424
942   427
943   384
944   439
945   421
946   443
947   484
948   589
949   719
950   692
951   560
952   454
953   435
954   427
955   425
956   414
957   401
958   402
959   440
960   402
961   456
962   419
963   401
964   426
965   451
966   418
967   370
968   391
969   402
970   420
971   397
972   400
973   395
974   406
975   387
976   406
977   432
978   406
979   455
980   379
981   448
982   413
983   394
984   438
985   407
986   397
987   396
988   395
989   421
990   424
991   414
992   405
993   397
994   452
995   434
996   445
997   428
998   401
999   394
1000   399
1001   414
1002   431
1003   441
1004   446
1005   433
1006   424
1007   427
1008   465
1009   453
1010   449
1011   404
1012   436
1013   476
1014   438
1015   399
1016   446
1017   423
1018   435
1019   431
1020   415
1021   425
1022   428
1023   408
1024   430
1025   452
1026   411
1027   406
1028   435
1029   421
1030   444
1031   406
1032   402
1033   401
1034   411
1035   393
1036   418
1037   417
1038   406
1039   411
1040   450
1041   467
1042   519
1043   749
1044   807
1045   583
1046   492
1047   470
1048   517
1049   485
1050   449
1051   435
1052   470
1053   420
1054   497
1055   451
1056   436
1057   430
1058   439
1059   475
1060   413
1061   398
1062   447
1063   398
1064   358
1065   409
1066   416
1067   424
1068   396
1069   429
1070   451
1071   408
1072   416
1073   448
1074   365
1075   370
1076   411
1077   388
1078   360
1079   424
1080   416
1081   365
1082   406
1083   371
1084   372
1085   418
1086   430
1087   418
1088   451
1089   406
1090   398
1091   402
1092   383
1093   382
1094   394
1095   391
1096   429
1097   354
1098   433
1099   400
1100   393
1101   382
1102   347
1103   382
1104   399
1105   383
1106   387
1107   397
1108   402
1109   378
1110   386
1111   389
1112   403
1113   393
1114   408
1115   353
1116   361
1117   354
1118   385
1119   360
1120   356
1121   365
1122   379
1123   406
1124   405
1125   361
1126   393
1127   350
1128   375
1129   422
1130   324
1131   383
1132   395
1133   385
1134   397
1135   359
1136   370
1137   364
1138   383
1139   361
1140   363
1141   355
1142   345
1143   381
1144   394
1145   411
1146   519
1147   873
1148   1877
1149   2571
1150   2308
1151   1079
1152   478
1153   344
1154   410
1155   379
1156   388
1157   388
1158   372
1159   352
1160   364
1161   393
1162   342
1163   342
1164   342
1165   354
1166   378
1167   391
1168   347
1169   355
1170   367
1171   383
1172   412
1173   357
1174   372
1175   361
1176   393
1177   342
1178   339
1179   352
1180   359
1181   372
1182   372
1183   376
1184   341
1185   363
1186   354
1187   358
1188   347
1189   338
1190   372
1191   373
1192   404
1193   429
1194   400
1195   325
1196   346
1197   344
1198   386
1199   331
1200   372
1201   344
1202   327
1203   355
1204   376
1205   365
1206   372
1207   354
1208   345
1209   355
1210   385
1211   359
1212   328
1213   342
1214   333
1215   387
1216   358
1217   372
1218   342
1219   350
1220   359
1221   348
1222   345
1223   329
1224   341
1225   338
1226   321
1227   369
1228   347
1229   350
1230   376
1231   375
1232   347
1233   361
1234   353
1235   378
1236   379
1237   336
1238   364
1239   371
1240   377
1241   385
1242   352
1243   326
1244   375
1245   453
1246   558
1247   726
1248   861
1249   686
1250   429
1251   361
1252   356
1253   347
1254   350
1255   358
1256   373
1257   392
1258   320
1259   357
1260   346
1261   302
1262   328
1263   385
1264   362
1265   346
1266   362
1267   325
1268   368
1269   362
1270   358
1271   387
1272   345
1273   364
1274   363
1275   353
1276   334
1277   360
1278   355
1279   341
1280   370
1281   339
1282   359
1283   352
1284   347
1285   393
1286   410
1287   431
1288   469
1289   442
1290   437
1291   398
1292   368
1293   364
1294   340
1295   354
1296   357
1297   374
1298   401
1299   370
1300   356
1301   373
1302   381
1303   324
1304   360
1305   358
1306   358
1307   363
1308   401
1309   343
1310   352
1311   348
1312   379
1313   354
1314   380
1315   338
1316   339
1317   357
1318   346
1319   357
1320   396
1321   345
1322   372
1323   345
1324   359
1325   363
1326   366
1327   328
1328   381
1329   371
1330   351
1331   348
1332   387
1333   354
1334   341
1335   322
1336   396
1337   346
1338   393
1339   361
1340   401
1341   373
1342   329
1343   356
1344   345
1345   335
1346   358
1347   381
1348   362
1349   362
1350   368
1351   352
1352   367
1353   368
1354   362
1355   361
1356   346
1357   360
1358   353
1359   372
1360   381
1361   374
1362   367
1363   377
1364   330
1365   388
1366   372
1367   333
1368   368
1369   359
1370   364
1371   348
1372   372
1373   346
1374   360
1375   368
1376   326
1377   363
1378   357
1379   364
1380   388
1381   356
1382   363
1383   373
1384   363
1385   342
1386   352
1387   341
1388   376
1389   373
1390   406
1391   465
1392   576
1393   588
1394   567
1395   431
1396   402
1397   354
1398   383
1399   350
1400   360
1401   354
1402   385
1403   377
1404   398
1405   368
1406   393
1407   363
1408   352
1409   362
1410   319
1411   372
1412   364
1413   335
1414   339
1415   339
1416   349
1417   347
1418   377
1419   339
1420   356
1421   349
1422   365
1423   371
1424   372
1425   345
1426   345
1427   335
1428   361
1429   347
1430   378
1431   369
1432   314
1433   397
1434   347
1435   365
1436   359
1437   315
1438   348
1439   371
1440   372
1441   360
1442   349
1443   369
1444   352
1445   343
1446   361
1447   369
1448   354
1449   358
1450   371
1451   336
1452   345
1453   347
1454   320
1455   337
1456   335
1457   353
1458   343
1459   342
1460   330
1461   359
1462   377
1463   377
1464   339
1465   339
1466   341
1467   320
1468   321
1469   354
1470   349
1471   344
1472   332
1473   371
1474   350
1475   388
1476   359
1477   373
1478   330
1479   352
1480   340
1481   347
1482   354
1483   347
1484   417
1485   489
1486   680
1487   783
1488   761
1489   594
1490   422
1491   372
1492   357
1493   346
1494   369
1495   354
1496   310
1497   341
1498   338
1499   339
1500   366
1501   354
1502   389
1503   361
1504   334
1505   341
1506   342
1507   343
1508   317
1509   333
1510   368
1511   363
1512   361
1513   364
1514   323
1515   359
1516   357
1517   330
1518   347
1519   353
1520   365
1521   372
1522   364
1523   354
1524   363
1525   330
1526   365
1527   345
1528   352
1529   355
1530   356
1531   379
1532   389
1533   376
1534   333
1535   359
1536   401
1537   377
1538   382
1539   387
1540   444
1541   344
1542   392
1543   360
1544   348
1545   347
1546   352
1547   382
1548   355
1549   332
1550   395
1551   357
1552   391
1553   358
1554   354
1555   381
1556   380
1557   364
1558   340
1559   372
1560   337
1561   367
1562   378
1563   361
1564   382
1565   335
1566   360
1567   347
1568   354
1569   358
1570   352
1571   358
1572   369
1573   343
1574   389
1575   383
1576   356
1577   379
1578   376
1579   399
1580   363
1581   432
1582   440
1583   428
1584   418
1585   404
1586   365
1587   380
1588   370
1589   382
1590   382
1591   365
1592   415
1593   397
1594   362
1595   373
1596   352
1597   374
1598   350
1599   358
1600   373
1601   361
1602   377
1603   388
1604   349
1605   398
1606   345
1607   396
1608   353
1609   357
1610   366
1611   398
1612   359
1613   393
1614   383
1615   349
1616   401
1617   372
1618   351
1619   381
1620   425
1621   345
1622   354
1623   370
1624   384
1625   399
1626   377
1627   406
1628   375
1629   398
1630   374
1631   391
1632   410
1633   371
1634   373
1635   345
1636   384
1637   347
1638   368
1639   356
1640   396
1641   349
1642   393
1643   412
1644   424
1645   415
1646   375
1647   356
1648   421
1649   383
1650   344
1651   423
1652   384
1653   378
1654   395
1655   410
1656   362
1657   388
1658   373
1659   374
1660   388
1661   392
1662   398
1663   399
1664   360
1665   345
1666   392
1667   412
1668   380
1669   377
1670   368
1671   401
1672   420
1673   367
1674   395
1675   384
1676   358
1677   370
1678   377
1679   397
1680   385
1681   425
1682   409
1683   420
1684   445
1685   490
1686   461
1687   461
1688   407
1689   406
1690   395
1691   364
1692   383
1693   389
1694   375
1695   404
1696   381
1697   367
1698   383
1699   375
1700   381
1701   387
1702   365
1703   406
1704   370
1705   349
1706   404
1707   380
1708   419
1709   417
1710   399
1711   383
1712   380
1713   395
1714   387
1715   380
1716   391
1717   388
1718   404
1719   446
1720   393
1721   366
1722   416
1723   364
1724   399
1725   394
1726   406
1727   380
1728   384
1729   436
1730   362
1731   365
1732   414
1733   382
1734   397
1735   377
1736   454
1737   467
1738   503
1739   641
1740   662
1741   536
1742   449
1743   386
1744   407
1745   359
1746   375
1747   415
1748   392
1749   395
1750   409
1751   438
1752   396
1753   357
1754   394
1755   392
1756   376
1757   390
1758   382
1759   406
1760   360
1761   395
1762   377
1763   378
1764   396
1765   410
1766   405
1767   421
1768   380
1769   365
1770   369
1771   380
1772   375
1773   353
1774   367
1775   418
1776   393
1777   408
1778   426
1779   447
1780   510
1781   594
1782   701
1783   716
1784   602
1785   496
1786   468
1787   447
1788   389
1789   376
1790   400
1791   377
1792   402
1793   396
1794   447
1795   394
1796   405
1797   388
1798   384
1799   413
1800   412
1801   418
1802   411
1803   403
1804   425
1805   432
1806   370
1807   423
1808   387
1809   410
1810   395
1811   404
1812   385
1813   386
1814   407
1815   395
1816   387
1817   426
1818   421
1819   414
1820   388
1821   368
1822   411
1823   401
1824   394
1825   410
1826   385
1827   403
1828   412
1829   461
1830   397
1831   430
1832   389
1833   391
1834   451
1835   378
1836   407
1837   398
1838   380
1839   386
1840   420
1841   400
1842   401
1843   405
1844   339
1845   405
1846   423
1847   398
1848   412
1849   390
1850   390
1851   388
1852   428
1853   425
1854   379
1855   374
1856   408
1857   416
1858   377
1859   391
1860   373
1861   428
1862   399
1863   362
1864   420
1865   393
1866   382
1867   419
1868   383
1869   387
1870   422
1871   405
1872   408
1873   430
1874   381
1875   418
1876   404
1877   444
1878   411
1879   414
1880   414
1881   442
1882   462
1883   533
1884   679
1885   734
1886   630
1887   509
1888   419
1889   419
1890   400
1891   418
1892   445
1893   408
1894   391
1895   368
1896   448
1897   411
1898   387
1899   440
1900   424
1901   383
1902   380
1903   387
1904   458
1905   420
1906   389
1907   438
1908   401
1909   395
1910   430
1911   420
1912   386
1913   403
1914   361
1915   356
1916   398
1917   391
1918   384
1919   401
1920   399
1921   392
1922   397
1923   385
1924   418
1925   393
1926   379
1927   418
1928   396
1929   397
1930   409
1931   410
1932   432
1933   406
1934   406
1935   375
1936   414
1937   386
1938   419
1939   416
1940   409
1941   386
1942   409
1943   386
1944   388
1945   381
1946   407
1947   394
1948   385
1949   387
1950   398
1951   408
1952   388
1953   359
1954   397
1955   406
1956   404
1957   392
1958   366
1959   397
1960   383
1961   384
1962   417
1963   370
1964   406
1965   397
1966   410
1967   383
1968   394
1969   428
1970   404
1971   380
1972   414
1973   398
1974   377
1975   408
1976   458
1977   426
1978   435
1979   526
1980   677
1981   983
1982   1134
1983   1067
1984   869
1985   658
1986   455
1987   454
1988   384
1989   389
1990   412
1991   374
1992   365
1993   390
1994   389
1995   369
1996   392
1997   390
1998   372
1999   398
2000   406
2001   388
2002   406
2003   390
2004   422
2005   370
2006   389
2007   405
2008   431
2009   390
2010   408
2011   382
2012   420
2013   394
2014   423
2015   438
2016   436
2017   462
2018   469
2019   409
2020   416
2021   435
2022   411
2023   410
2024   385
2025   412
2026   396
2027   413
2028   414
2029   433
2030   445
2031   426
2032   428
2033   412
2034   419
2035   435
2036   391
2037   430
2038   412
2039   432
2040   421
2041   411
2042   441
2043   394
2044   413
2045   396
2046   412
2047   403
2048   411
2049   421
2050   429
2051   419
2052   430
2053   413
2054   427
2055   448
2056   398
2057   421
2058   429
2059   446
2060   399
2061   437
2062   427
2063   387
2064   391
2065   443
2066   409
2067   444
2068   418
2069   414
2070   428
2071   440
2072   371
2073   470
2074   439
2075   448
2076   418
2077   437
2078   409
2079   435
2080   424
2081   451
2082   449
2083   424
2084   422
2085   409
2086   394
2087   466
2088   418
2089   411
2090   434
2091   423
2092   445
2093   439
2094   402
2095   445
2096   432
2097   441
2098   411
2099   428
2100   426
2101   406
2102   469
2103   428
2104   422
2105   429
2106   427
2107   417
2108   432
2109   431
2110   410
2111   432
2112   439
2113   441
2114   426
2115   446
2116   452
2117   416
2118   434
2119   447
2120   439
2121   475
2122   454
2123   443
2124   463
2125   456
2126   451
2127   441
2128   438
2129   445
2130   425
2131   459
2132   486
2133   444
2134   405
2135   454
2136   453
2137   474
2138   483
2139   454
2140   446
2141   426
2142   387
2143   458
2144   445
2145   492
2146   426
2147   465
2148   484
2149   463
2150   446
2151   453
2152   478
2153   451
2154   431
2155   442
2156   478
2157   514
2158   456
2159   469
2160   464
2161   453
2162   469
2163   465
2164   450
2165   505
2166   459
2167   446
2168   410
2169   452
2170   463
2171   454
2172   461
2173   483
2174   454
2175   441
2176   443
2177   460
2178   444
2179   463
2180   437
2181   477
2182   461
2183   469
2184   424
2185   463
2186   464
2187   485
2188   483
2189   429
2190   439
2191   449
2192   447
2193   464
2194   453
2195   483
2196   444
2197   455
2198   466
2199   468
2200   497
2201   487
2202   446
2203   498
2204   479
2205   503
2206   483
2207   513
2208   473
2209   471
2210   501
2211   524
2212   528
2213   549
2214   634
2215   659
2216   698
2217   754
2218   787
2219   679
2220   585
2221   500
2222   485
2223   535
2224   516
2225   473
2226   500
2227   457
2228   539
2229   495
2230   492
2231   502
2232   515
2233   482
2234   505
2235   475
2236   505
2237   477
2238   519
2239   507
2240   491
2241   489
2242   456
2243   498
2244   515
2245   475
2246   529
2247   513
2248   506
2249   513
2250   506
2251   489
2252   507
2253   512
2254   531
2255   502
2256   515
2257   514
2258   504
2259   515
2260   501
2261   508
2262   461
2263   477
2264   460
2265   503
2266   475
2267   480
2268   496
2269   523
2270   532
2271   516
2272   529
2273   523
2274   505
2275   491
2276   497
2277   497
2278   556
2279   487
2280   482
2281   536
2282   531
2283   537
2284   517
2285   550
2286   531
2287   491
2288   487
2289   505
2290   528
2291   480
2292   532
2293   538
2294   542
2295   490
2296   544
2297   546
2298   529
2299   529
2300   531
2301   601
2302   527
2303   530
2304   548
2305   510
2306   538
2307   512
2308   510
2309   560
2310   492
2311   544
2312   570
2313   537
2314   563
2315   514
2316   546
2317   494
2318   513
2319   559
2320   530
2321   559
2322   567
2323   507
2324   546
2325   547
2326   520
2327   547
2328   549
2329   541
2330   534
2331   560
2332   537
2333   525
2334   510
2335   575
2336   556
2337   544
2338   531
2339   541
2340   554
2341   571
2342   540
2343   539
2344   520
2345   522
2346   591
2347   531
2348   488
2349   572
2350   547
2351   498
2352   524
2353   525
2354   557
2355   612
2356   582
2357   523
2358   538
2359   554
2360   567
2361   573
2362   553
2363   556
2364   558
2365   523
2366   557
2367   546
2368   517
2369   546
2370   579
2371   567
2372   556
2373   535
2374   517
2375   577
2376   564
2377   553
2378   533
2379   544
2380   600
2381   559
2382   525
2383   540
2384   561
2385   527
2386   568
2387   528
2388   586
2389   526
2390   570
2391   592
2392   555
2393   541
2394   553
2395   557
2396   563
2397   588
2398   543
2399   551
2400   609
2401   576
2402   570
2403   595
2404   588
2405   613
2406   581
2407   624
2408   591
2409   630
2410   630
2411   687
2412   715
2413   829
2414   986
2415   1095
2416   1203
2417   1295
2418   1063
2419   840
2420   723
2421   612
2422   633
2423   570
2424   587
2425   600
2426   547
2427   610
2428   586
2429   592
2430   629
2431   626
2432   603
2433   595
2434   622
2435   608
2436   570
2437   555
2438   604
2439   597
2440   581
2441   598
2442   648
2443   628
2444   571
2445   619
2446   589
2447   602
2448   645
2449   607
2450   632
2451   589
2452   620
2453   595
2454   624
2455   631
2456   605
2457   598
2458   587
2459   595
2460   610
2461   618
2462   599
2463   654
2464   595
2465   592
2466   624
2467   651
2468   586
2469   611
2470   644
2471   631
2472   624
2473   632
2474   633
2475   665
2476   651
2477   652
2478   595
2479   646
2480   606
2481   618
2482   642
2483   639
2484   640
2485   641
2486   660
2487   653
2488   600
2489   637
2490   640
2491   642
2492   602
2493   635
2494   649
2495   627
2496   681
2497   671
2498   618
2499   646
2500   665
2501   700
2502   675
2503   679
2504   694
2505   685
2506   702
2507   665
2508   687
2509   647
2510   683
2511   673
2512   682
2513   699
2514   637
2515   660
2516   669
2517   695
2518   668
2519   680
2520   670
2521   704
2522   677
2523   728
2524   751
2525   648
2526   691
2527   681
2528   669
2529   671
2530   706
2531   659
2532   642
2533   703
2534   643
2535   685
2536   717
2537   668
2538   714
2539   695
2540   710
2541   744
2542   692
2543   707
2544   691
2545   675
2546   739
2547   683
2548   717
2549   757
2550   694
2551   739
2552   728
2553   763
2554   697
2555   706
2556   681
2557   722
2558   712
2559   762
2560   738
2561   776
2562   752
2563   690
2564   734
2565   698
2566   717
2567   708
2568   723
2569   716
2570   776
2571   736
2572   738
2573   725
2574   738
2575   795
2576   764
2577   794
2578   772
2579   718
2580   681
2581   747
2582   752
2583   757
2584   736
2585   765
2586   721
2587   769
2588   696
2589   805
2590   803
2591   823
2592   763
2593   814
2594   797
2595   789
2596   767
2597   802
2598   837
2599   757
2600   783
2601   768
2602   776
2603   797
2604   777
2605   777
2606   821
2607   771
2608   788
2609   820
2610   783
2611   869
2612   957
2613   1114
2614   1288
2615   1405
2616   1249
2617   1103
2618   923
2619   808
2620   899
2621   804
2622   870
2623   838
2624   821
2625   871
2626   900
2627   865
2628   836
2629   881
2630   801
2631   899
2632   884
2633   900
2634   856
2635   886
2636   856
2637   905
2638   885
2639   916
2640   865
2641   936
2642   936
2643   899
2644   876
2645   916
2646   919
2647   895
2648   960
2649   942
2650   934
2651   875
2652   838
2653   908
2654   865
2655   878
2656   888
2657   936
2658   910
2659   898
2660   944
2661   934
2662   893
2663   860
2664   889
2665   893
2666   934
2667   866
2668   919
2669   912
2670   905
2671   930
2672   913
2673   933
2674   949
2675   914
2676   939
2677   935
2678   944
2679   925
2680   953
2681   925
2682   932
2683   994
2684   866
2685   900
2686   937
2687   898
2688   907
2689   939
2690   900
2691   901
2692   943
2693   886
2694   901
2695   978
2696   907
2697   942
2698   982
2699   950
2700   982
2701   953
2702   1204
2703   1342
2704   1681
2705   2096
2706   2652
2707   3001
2708   3525
2709   4044
2710   4436
2711   4085
2712   3489
2713   2666
2714   2096
2715   1630
2716   1453
2717   1467
2718   1454
2719   1440
2720   1411
2721   1420
2722   1450
2723   1486
2724   1414
2725   1412
2726   1475
2727   1486
2728   1471
2729   1472
2730   1378
2731   1428
2732   1483
2733   1536
2734   1439
2735   1526
2736   1511
2737   1499
2738   1481
2739   1533
2740   1548
2741   1480
2742   1524
2743   1515
2744   1417
2745   1515
2746   1496
2747   1506
2748   1526
2749   1506
2750   1465
2751   1549
2752   1523
2753   1531
2754   1554
2755   1529
2756   1473
2757   1526
2758   1585
2759   1497
2760   1526
2761   1571
2762   1557
2763   1462
2764   1556
2765   1624
2766   1557
2767   1584
2768   1607
2769   1610
2770   1660
2771   1629
2772   1599
2773   1573
2774   1637
2775   1559
2776   1713
2777   1766
2778   1658
2779   1665
2780   1643
2781   1773
2782   1651
2783   1767
2784   1771
2785   1632
2786   1733
2787   1716
2788   1687
2789   1748
2790   1704
2791   1670
2792   1833
2793   1822
2794   1715
2795   1800
2796   1741
2797   1764
2798   1662
2799   1725
2800   1784
2801   1746
2802   1753
2803   1761
2804   1731
2805   1803
2806   1792
2807   1844
2808   1827
2809   1811
2810   1866
2811   1812
2812   1781
2813   1872
2814   1829
2815   1881
2816   1859
2817   1878
2818   1907
2819   1924
2820   1921
2821   1923
2822   1953
2823   1939
2824   2044
2825   1968
2826   2001
2827   1885
2828   2038
2829   1942
2830   2025
2831   2024
2832   2019
2833   1961
2834   2005
2835   1968
2836   1932
2837   1981
2838   1986
2839   1995
2840   1950
2841   1862
2842   1964
2843   1940
2844   1802
2845   1788
2846   1850
2847   1777
2848   1739
2849   1749
2850   1696
2851   1626
2852   1653
2853   1682
2854   1689
2855   1631
2856   1633
2857   1606
2858   1555
2859   1560
2860   1604
2861   1604
2862   1517
2863   1410
2864   1439
2865   1389
2866   1430
2867   1413
2868   1329
2869   1374
2870   1380
2871   1379
2872   1323
2873   1326
2874   1348
2875   1351
2876   1286
2877   1307
2878   1331
2879   1292
2880   1295
2881   1341
2882   1281
2883   1320
2884   1302
2885   1281
2886   1299
2887   1271
2888   1288
2889   1287
2890   1258
2891   1235
2892   1311
2893   1295
2894   1316
2895   1249
2896   1275
2897   1228
2898   1294
2899   1287
2900   1362
2901   1486
2902   1890
2903   2417
2904   3471
2905   4773
2906   6802
2907   9397
2908   12989
2909   16620
2910   18112
2911   16704
2912   12607
2913   7791
2914   4422
2915   2603
2916   2048
2917   1862
2918   1813
2919   1923
2920   1863
2921   1820
2922   1866
2923   1675
2924   1754
2925   1796
2926   1836
2927   1701
2928   1733
2929   1792
2930   1669
2931   1766
2932   1701
2933   1707
2934   1734
2935   1760
2936   1667
2937   1717
2938   1676
2939   1734
2940   1687
2941   1753
2942   1722
2943   1685
2944   1671
2945   1621
2946   1704
2947   1621
2948   1584
2949   1622
2950   1577
2951   1641
2952   1637
2953   1591
2954   1668
2955   1628
2956   1629
2957   1647
2958   1610
2959   1680
2960   1593
2961   1714
2962   1655
2963   1595
2964   1573
2965   1630
2966   1665
2967   1615
2968   1619
2969   1698
2970   1603
2971   1710
2972   1698
2973   1701
2974   1601
2975   1693
2976   1755
2977   1700
2978   1755
2979   1772
2980   1727
2981   1756
2982   1802
2983   1753
2984   1804
2985   1717
2986   1705
2987   1684
2988   1792
2989   1726
2990   1661
2991   1721
2992   1640
2993   1699
2994   1719
2995   1626
2996   1667
2997   1672
2998   1733
2999   1698
3000   1718
3001   1741
3002   1712
3003   1712
3004   1816
3005   1812
3006   1760
3007   1658
3008   1642
3009   1700
3010   1690
3011   1682
3012   1638
3013   1635
3014   1569
3015   1614
3016   1526
3017   1568
3018   1554
3019   1455
3020   1503
3021   1456
3022   1563
3023   1510
3024   1470
3025   1403
3026   1384
3027   1460
3028   1406
3029   1368
3030   1412
3031   1391
3032   1350
3033   1339
3034   1412
3035   1411
3036   1380
3037   1329
3038   1251
3039   1236
3040   1163
3041   1203
3042   1162
3043   1175
3044   1106
3045   1073
3046   1019
3047   979
3048   1034
3049   991
3050   912
3051   940
3052   904
3053   902
3054   904
3055   847
3056   770
3057   815
3058   711
3059   729
3060   669
3061   624
3062   698
3063   628
3064   562
3065   564
3066   519
3067   516
3068   454
3069   419
3070   427
3071   414
3072   384
3073   345
3074   367
3075   350
3076   324
3077   343
3078   304
3079   327
3080   326
3081   299
3082   308
3083   290
3084   303
3085   281
3086   268
3087   282
3088   309
3089   278
3090   310
3091   287
3092   293
3093   257
3094   291
3095   275
3096   312
3097   284
3098   323
3099   307
3100   350
3101   447
3102   709
3103   1094
3104   1730
3105   3117
3106   5532
3107   9790
3108   16380
3109   24180
3110   26432
3111   20768
3112   11403
3113   4442
3114   1230
3115   277
3116   94
3117   58
3118   51
3119   42
3120   44
3121   39
3122   36
3123   29
3124   30
3125   21
3126   30
3127   27
3128   13
3129   29
3130   22
3131   26
3132   18
3133   19
3134   18
3135   18
3136   20
3137   17
3138   9
3139   16
3140   22
3141   22
3142   18
3143   12
3144   20
3145   14
3146   19
3147   19
3148   18
3149   20
3150   15
3151   10
3152   14
3153   15
3154   18
3155   20
3156   12
3157   13
3158   12
3159   10
3160   18
3161   13
3162   16
3163   8
3164   17
3165   13
3166   12
3167   12
3168   13
3169   7
3170   14
3171   10
3172   11
3173   10
3174   10
3175   9
3176   13
3177   15
3178   16
3179   8
3180   12
3181   11
3182   15
3183   14
3184   9
3185   9
3186   10
3187   16
3188   10
3189   14
3190   13
3191   15
3192   11
3193   14
3194   17
3195   8
3196   6
3197   26
3198   9
3199   15
3200   11
3201   12
3202   12
3203   17
3204   17
3205   13
3206   18
3207   15
3208   9
3209   7
3210   8
3211   15
3212   10
3213   9
3214   14
3215   7
3216   10
3217   15
3218   13
3219   14
3220   11
3221   9
3222   15
3223   9
3224   8
3225   10
3226   6
3227   9
3228   7
3229   10
3230   8
3231   9
3232   9
3233   13
3234   6
3235   7
3236   6
3237   6
3238   8
3239   6
3240   7
3241   8
3242   12
3243   7
3244   8
3245   9
3246   7
3247   3
3248   9
3249   8
3250   9
3251   8
3252   6
3253   9
3254   9
3255   10
3256   6
3257   10
3258   8
3259   3
3260   12
3261   11
3262   11
3263   7
3264   4
3265   8
3266   6
3267   4
3268   8
3269   6
3270   4
3271   7
3272   4
3273   5
3274   10
3275   2
3276   6
3277   8
3278   8
3279   8
3280   3
3281   7
3282   11
3283   5
3284   6
3285   12
3286   12
3287   12
3288   9
3289   14
3290   12
3291   5
3292   6
3293   7
3294   6
3295   7
3296   8
3297   6
3298   12
3299   7
3300   7
3301   7
3302   6
3303   10
3304   6
3305   6
3306   13
3307   7
3308   5
3309   9
3310   7
3311   3
3312   5
3313   9
3314   4
3315   6
3316   6
3317   4
3318   6
3319   6
3320   6
3321   8
3322   2
3323   5
3324   5
3325   3
3326   5
3327   6
3328   4
3329   6
3330   6
3331   7
3332   5
3333   3
3334   8
3335   6
3336   6
3337   8
3338   6
3339   4
3340   7
3341   1
3342   4
3343   5
3344   3
3345   5
3346   2
3347   4
3348   7
3349   7
3350   8
3351   5
3352   5
3353   3
3354   4
3355   4
3356   4
3357   10
3358   3
3359   9
3360   4
3361   2
3362   6
3363   5
3364   1
3365   3
3366   1
3367   5
3368   5
3369   4
3370   5
3371   3
3372   7
3373   4
3374   4
3375   6
3376   13
3377   5
3378   5
3379   6
3380   5
3381   6
3382   4
3383   6
3384   4
3385   8
3386   6
3387   4
3388   7
3389   2
3390   4
3391   3
3392   5
3393   6
3394   6
3395   3
3396   5
3397   4
3398   2
3399   8
3400   4
3401   4
3402   8
3403   5
3404   3
3405   4
3406   2
3407   6
3408   4
3409   5
3410   7
3411   3
3412   1
3413   5
3414   2
3415   4
3416   4
3417   8
3418   6
3419   6
3420   4
3421   3
3422   3
3423   2
3424   3
3425   8
3426   5
3427   4
3428   1
3429   6
3430   3
3431   4
3432   7
3433   10
3434   7
3435   2
3436   4
3437   6
3438   3
3439   0
3440   4
3441   7
3442   6
3443   3
3444   3
3445   6
3446   0
3447   2
3448   5
3449   4
3450   4
3451   4
3452   5
3453   3
3454   3
3455   2
3456   6
3457   2
3458   3
3459   4
3460   7
3461   6
3462   4
3463   2
3464   3
3465   7
3466   3
3467   1
3468   7
3469   3
3470   7
3471   4
3472   3
3473   6
3474   4
3475   3
3476   5
3477   2
3478   2
3479   5
3480   2
3481   4
3482   3
3483   5
3484   4
3485   2
3486   4
3487   6
3488   5
3489   3
3490   3
3491   3
3492   3
3493   4
3494   6
3495   3
3496   2
3497   6
3498   1
3499   3
3500   3
3501   5
3502   4
3503   0
3504   6
3505   5
3506   4
3507   7
3508   3
3509   7
3510   1
3511   5
3512   5
3513   4
3514   3
3515   4
3516   4
3517   2
3518   4
3519   5
3520   5
3521   3
3522   4
3523   8
3524   2
3525   4
3526   2
3527   4
3528   6
3529   7
3530   5
3531   5
3532   2
3533   8
3534   4
3535   6
3536   2
3537   7
3538   2
3539   9
3540   6
3541   0
3542   4
3543   3
3544   4
3545   3
3546   4
3547   3
3548   11
3549   7
3550   8
3551   5
3552   6
3553   4
3554   5
3555   5
3556   3
3557   4
3558   4
3559   6
3560   3
3561   5
3562   2
3563   2
3564   3
3565   4
3566   11
3567   5
3568   3
3569   1
3570   5
3571   5
3572   1
3573   2
3574   5
3575   4
3576   3
3577   8
3578   2
3579   6
3580   1
3581   3
3582   6
3583   3
3584   3
3585   4
3586   8
3587   3
3588   4
3589   22
3590   280
3591   1597
3592   3187
3593   2532
3594   891
3595   164
3596   25
3597   6
3598   9
3599   6
3600   8
3601   8
3602   6
3603   3
3604   7
3605   6
3606   2
3607   8
3608   5
3609   1
3610   4
3611   2
3612   7
3613   1
3614   3
3615   4
3616   5
3617   5
3618   2
3619   4
3620   3
3621   0
3622   3
3623   3
3624   3
3625   5
3626   3
3627   7
3628   5
3629   3
3630   2
3631   6
3632   6
3633   6
3634   4
3635   5
3636   4
3637   3
3638   6
3639   3
3640   3
3641   5
3642   3
3643   6
3644   5
3645   4
3646   1
3647   4
3648   2
3649   3
3650   6
3651   3
3652   5
3653   4
3654   3
3655   3
3656   6
3657   3
3658   7
3659   1
3660   2
3661   1
3662   3
3663   8
3664   3
3665   4
3666   4
3667   1
3668   4
3669   10
3670   2
3671   5
3672   5
3673   5
3674   3
3675   2
3676   6
3677   4
3678   2
3679   3
3680   6
3681   1
3682   3
3683   4
3684   6
3685   5
3686   6
3687   5
3688   6
3689   3
3690   2
3691   3
3692   8
3693   2
3694   3
3695   3
3696   3
3697   4
3698   5
3699   3
3700   6
3701   3
3702   7
3703   4
3704   3
3705   5
3706   3
3707   4
3708   3
3709   3
3710   7
3711   5
3712   3
3713   1
3714   2
3715   5
3716   4
3717   1
3718   2
3719   6
3720   4
3721   3
3722   7
3723   3
3724   7
3725   1
3726   1
3727   4
3728   6
3729   2
3730   5
3731   2
3732   5
3733   3
3734   5
3735   3
3736   3
3737   3
3738   1
3739   0
3740   2
3741   9
3742   3
3743   6
3744   7
3745   3
3746   1
3747   3
3748   6
3749   4
3750   4
3751   4
3752   3
3753   1
3754   3
3755   8
3756   0
3757   3
3758   1
3759   3
3760   6
3761   6
3762   7
3763   2
3764   1
3765   5
3766   6
3767   6
3768   4
3769   6
3770   1
3771   1
3772   1
3773   3
3774   4
3775   5
3776   3
3777   4
3778   3
3779   4
3780   2
3781   3
3782   2
3783   3
3784   1
3785   5
3786   5
3787   2
3788   6
3789   5
3790   5
3791   5
3792   2
3793   3
3794   0
3795   3
3796   4
3797   2
3798   7
3799   3
3800   1
3801   1
3802   1
3803   3
3804   0
3805   3
3806   0
3807   6
3808   3
3809   2
3810   7
3811   6
3812   4
3813   7
3814   3
3815   1
3816   1
3817   3
3818   2
3819   2
3820   3
3821   1
3822   3
3823   1
3824   2
3825   2
3826   3
3827   3
3828   2
3829   3
3830   6
3831   4
3832   5
3833   4
3834   2
3835   2
3836   4
3837   4
3838   1
3839   1
3840   1
3841   2
3842   7
3843   6
3844   3
3845   4
3846   2
3847   2
3848   4
3849   2
3850   2
3851   5
3852   5
3853   0
3854   3
3855   3
3856   5
3857   2
3858   2
3859   6
3860   2
3861   5
3862   1
3863   3
3864   2
3865   3
3866   4
3867   4
3868   5
3869   2
3870   5
3871   3
3872   6
3873   4
3874   4
3875   1
3876   1
3877   8
3878   5
3879   3
3880   1
3881   3
3882   2
3883   4
3884   1
3885   3
3886   2
3887   1
3888   4
3889   4
3890   3
3891   2
3892   2
3893   5
3894   0
3895   3
3896   5
3897   2
3898   3
3899   6
3900   3
3901   2
3902   3
3903   4
3904   5
3905   1
3906   2
3907   3
3908   2
3909   4
3910   4
3911   3
3912   6
3913   2
3914   6
3915   0
3916   4
3917   3
3918   2
3919   4
3920   3
3921   2
3922   3
3923   4
3924   2
3925   4
3926   4
3927   6
3928   2
3929   4
3930   0
3931   1
3932   1
3933   2
3934   4
3935   2
3936   4
3937   2
3938   1
3939   2
3940   1
3941   3
3942   1
3943   1
3944   4
3945   4
3946   2
3947   1
3948   3
3949   1
3950   3
3951   2
3952   2
3953   2
3954   2
3955   3
3956   1
3957   3
3958   0
3959   0
3960   3
3961   2
3962   2
3963   6
3964   1
3965   3
3966   3
3967   4
3968   2
3969   1
3970   5
3971   1
3972   0
3973   7
3974   2
3975   1
3976   3
3977   4
3978   0
3979   1
3980   1
3981   6
3982   2
3983   4
3984   3
3985   2
3986   2
3987   5
3988   3
3989   2
3990   3
3991   3
3992   3
3993   6
3994   1
3995   7
3996   2
3997   3
3998   0
3999   4
4000   1
4001   6
4002   0
4003   2
4004   2
4005   4
4006   1
4007   1
4008   0
4009   4
4010   2
4011   3
4012   1
4013   1
4014   1
4015   3
4016   1
4017   1
4018   2
4019   4
4020   0
4021   2
4022   1
4023   1
4024   1
4025   2
4026   4
4027   1
4028   3
4029   2
4030   1
4031   1
4032   2
4033   2
4034   2
4035   2
4036   1
4037   3
4038   2
4039   1
4040   2
4041   3
4042   2
4043   2
4044   3
4045   1
4046   2
4047   1
4048   0
4049   1
4050   1
4051   0
4052   0
4053   2
4054   0
4055   0
4056   1
4057   1
4058   1
4059   0
4060   0
4061   3
4062   1
4063   2
4064   0
4065   0
4066   0
4067   2
4068   0
4069   0
4070   1
4071   4
4072   1
4073   1
4074   2
4075   0
4076   2
4077   0
4078   1
4079   2
4080   0
4081   1
4082   0
4083   1
4084   1
4085   0
4086   1
4087   1
4088   0
4089   0
4090   0
4091   0
4092   0
4093   0
4094   0
4095   0
